0	0.628	0.4384	-0.2166	-0.1926	-0.1225	-0.0106	0.0878	-0.0544	0.1478	0.0487	0.1263	-0.0663	0.1662	0.2135	-0.2291	0.2036	
0.02	0.7002	0.4184	-0.2189	-0.2064	-0.1081	0.0263	0.0865	-0.0498	0.1818	0.0487	0.1206	-0.0184	0.1494	0.2189	-0.203	0.1954	
0.04	0.7725	0.3984	-0.2212	-0.2202	-0.0938	0.0633	0.0853	-0.0452	0.2158	0.0487	0.115	0.0295	0.1325	0.2242	-0.1769	0.1872	
0.06	0.8448	0.3784	-0.2235	-0.234	-0.0795	0.1003	0.084	-0.0406	0.2498	0.0487	0.1093	0.0775	0.1157	0.2296	-0.1507	0.179	
0.08	0.9171	0.3584	-0.2258	-0.2478	-0.0652	0.1372	0.0828	-0.036	0.2838	0.0487	0.1037	0.1254	0.0989	0.2349	-0.1246	0.1708	
0.1	0.9857	0.3396	-0.23	-0.2606	-0.0503	0.1747	0.0804	-0.029	0.3166	0.0487	0.104	0.1717	0.0825	0.2415	-0.0977	0.1629	
0.12	1.0443	0.325	-0.2359	-0.2741	-0.0327	0.2156	0.0771	-0.0174	0.3473	0.0487	0.1093	0.2124	0.067	0.2503	-0.0721	0.1545	
0.14	1.093	0.314	-0.2434	-0.2874	-0.0119	0.2601	0.0727	0.0007	0.3759	0.0487	0.1205	0.2479	0.0526	0.262	-0.047	0.1461	
0.16	1.1331	0.306	-0.2523	-0.2996	0.0122	0.3079	0.0674	0.0269	0.4028	0.0487	0.1386	0.2791	0.0392	0.2772	-0.0217	0.1384	
0.18	1.1663	0.3003	-0.2622	-0.31	0.04	0.3578	0.0614	0.062	0.4285	0.0488	0.1643	0.3072	0.0268	0.2966	0.0046	0.1318	
0.2	1.1938	0.296	-0.2722	-0.318	0.0721	0.4085	0.055	0.1063	0.4538	0.0492	0.1982	0.3335	0.0158	0.3207	0.0328	0.1269	
0.22	1.2169	0.2925	-0.2817	-0.3231	0.1097	0.459	0.0487	0.1598	0.4792	0.05	0.2404	0.3594	0.0062	0.3495	0.0633	0.124	
0.24	1.2362	0.2895	-0.2898	-0.3253	0.1538	0.5093	0.043	0.2221	0.5055	0.0513	0.2908	0.3857	-0.0015	0.3827	0.0967	0.1231	
0.26	1.2521	0.2869	-0.2956	-0.3244	0.2048	0.5596	0.0385	0.2925	0.5331	0.0534	0.348	0.4132	-0.0071	0.4197	0.1332	0.1243	
0.28	1.2652	0.2846	-0.2988	-0.3201	0.262	0.61	0.0361	0.3695	0.5626	0.0561	0.4104	0.4426	-0.0103	0.4599	0.173	0.1276	
0.3	1.2758	0.2825	-0.299	-0.312	0.3235	0.6603	0.0371	0.4504	0.5946	0.0592	0.4758	0.4744	-0.0109	0.5028	0.216	0.1331	
0.32	1.2842	0.2805	-0.2962	-0.3002	0.3868	0.7096	0.0428	0.5318	0.6294	0.0629	0.5422	0.5096	-0.0086	0.5478	0.2617	0.1407	
0.34	1.2903	0.2786	-0.2908	-0.2846	0.4494	0.7573	0.0541	0.6106	0.6673	0.0676	0.6083	0.5488	-0.0029	0.5939	0.3092	0.15	
0.36	1.2938	0.2767	-0.2831	-0.2655	0.5095	0.8031	0.0714	0.6839	0.7081	0.0744	0.6729	0.592	0.0069	0.6398	0.3574	0.1607	
0.38	1.2945	0.2748	-0.2735	-0.2428	0.5654	0.847	0.0943	0.7503	0.751	0.0846	0.7344	0.6384	0.0212	0.6842	0.4053	0.172	
0.4	1.2923	0.2729	-0.2626	-0.2163	0.6161	0.8891	0.1216	0.8091	0.795	0.0994	0.7912	0.6868	0.04	0.7259	0.452	0.1831	
0.42	1.2878	0.271	-0.2506	-0.1861	0.6602	0.9289	0.1518	0.8602	0.8391	0.1191	0.8418	0.7358	0.0628	0.7645	0.4969	0.1936	
0.44	1.2815	0.269	-0.2378	-0.1523	0.6974	0.9657	0.1836	0.9037	0.8819	0.1434	0.8856	0.784	0.0889	0.8	0.539	0.203	
0.46	1.2743	0.267	-0.2242	-0.1155	0.7278	0.9982	0.2155	0.9402	0.9222	0.1714	0.9231	0.8302	0.1174	0.8328	0.5776	0.2111	
0.48	1.2669	0.2651	-0.2101	-0.0764	0.7528	1.0255	0.2461	0.9702	0.9588	0.2018	0.9556	0.873	0.1478	0.8632	0.6115	0.2175	
0.5	1.2598	0.2632	-0.1953	-0.0352	0.7744	1.0472	0.2743	0.9949	0.9908	0.2338	0.9848	0.9109	0.1803	0.8914	0.64	0.2222	
0.52	1.2537	0.2614	-0.1799	0.0087	0.7944	1.0635	0.2991	1.0161	1.0172	0.2665	1.0116	0.9427	0.2148	0.9174	0.6631	0.2251	
0.54	1.2487	0.2598	-0.1639	0.0561	0.8142	1.0753	0.32	1.0356	1.0379	0.2991	1.0368	0.968	0.2511	0.9417	0.6813	0.2264	
0.56	1.2453	0.2584	-0.1471	0.1076	0.834	1.0836	0.3373	1.0546	1.0531	0.3307	1.0601	0.9871	0.2884	0.9651	0.6954	0.2266	
0.58	1.2433	0.2572	-0.1295	0.1627	0.8534	1.0891	0.3515	1.0737	1.0633	0.3601	1.0814	1.0009	0.3251	0.9884	0.706	0.2263	
0.6	1.2425	0.2562	-0.1111	0.2203	0.8716	1.0926	0.3635	1.0926	1.0696	0.3867	1.1003	1.0105	0.3597	1.012	0.7133	0.226	
0.62	1.2425	0.2554	-0.0918	0.2788	0.8878	1.0944	0.3738	1.1106	1.073	0.4104	1.1167	1.0167	0.391	1.036	0.7177	0.2259	
0.64	1.2427	0.2549	-0.0717	0.3375	0.9017	1.0952	0.3829	1.1271	1.0743	0.4319	1.1305	1.0202	0.4184	1.0599	0.7198	0.2259	
0.66	1.2428	0.2545	-0.0511	0.401	0.9164	1.095	0.3925	1.1446	1.0741	0.4534	1.1444	1.0209	0.4486	1.0846	0.7195	0.226	
0.68	1.2429	0.2542	-0.0306	0.4645	0.931	1.0948	0.4022	1.162	1.074	0.4749	1.1583	1.0216	0.4787	1.1094	0.7192	0.2261	
0.7	1.243	0.2539	-0.0101	0.528	0.9457	1.0947	0.4118	1.1795	1.0738	0.4965	1.1721	1.0223	0.5089	1.1341	0.7189	0.2262	
0.72	1.2431	0.2536	0.0104	0.5914	0.9604	1.0945	0.4215	1.197	1.0737	0.518	1.186	1.023	0.539	1.1588	0.7186	0.2263	
