0	0.3546	0.4895	0.2183	0.0267	0.1046	-0.1398	0.1129	-0.0589	0.0669	-0.0327	0.0155	-0.0959	0.0672	0.0491	-0.0481	-0.0281	
0.02	0.3789	0.4571	0.226	0.0244	0.1	-0.1276	0.1134	-0.0676	0.0703	-0.0327	-0.0095	-0.091	0.0672	0.0501	-0.0481	-0.0329	
0.04	0.4033	0.4247	0.2337	0.022	0.0954	-0.1153	0.114	-0.0764	0.0738	-0.0327	-0.0344	-0.086	0.0672	0.0511	-0.0481	-0.0378	
0.06	0.4276	0.3922	0.2414	0.0197	0.0908	-0.1031	0.1145	-0.0852	0.0772	-0.0326	-0.0593	-0.0811	0.0672	0.0521	-0.0481	-0.0427	
0.08	0.452	0.3598	0.2492	0.0173	0.0862	-0.0908	0.115	-0.0939	0.0806	-0.0326	-0.0842	-0.0761	0.0672	0.0531	-0.0481	-0.0475	
0.1	0.4844	0.3268	0.2555	0.0131	0.0784	-0.0783	0.1159	-0.1095	0.0844	-0.0326	-0.1102	-0.0712	0.0672	0.055	-0.0481	-0.0523	
0.12	0.5262	0.296	0.2612	0.0072	0.0655	-0.0703	0.1171	-0.1323	0.0889	-0.0327	-0.136	-0.0664	0.0672	0.0579	-0.0481	-0.0568	
0.14	0.577	0.267	0.2649	-0.0009	0.0465	-0.0659	0.1187	-0.1628	0.0941	-0.0327	-0.1609	-0.0616	0.0672	0.0617	-0.0481	-0.061	
0.16	0.6351	0.2396	0.2654	-0.0115	0.0211	-0.0643	0.1207	-0.1997	0.0998	-0.0327	-0.1845	-0.0568	0.0672	0.0667	-0.048	-0.065	
0.18	0.6981	0.2137	0.2615	-0.0253	-0.0097	-0.0643	0.1231	-0.2413	0.106	-0.0327	-0.2067	-0.0522	0.0672	0.0728	-0.0481	-0.0687	
0.2	0.7634	0.1891	0.2521	-0.0426	-0.0444	-0.0653	0.1259	-0.2853	0.1123	-0.0326	-0.2271	-0.0475	0.0672	0.0799	-0.0481	-0.0723	
0.22	0.8286	0.1662	0.237	-0.0632	-0.081	-0.0671	0.129	-0.3298	0.1187	-0.0326	-0.2456	-0.043	0.0672	0.088	-0.0481	-0.0756	
0.24	0.891	0.1451	0.2165	-0.0866	-0.1179	-0.0698	0.1325	-0.3725	0.125	-0.0326	-0.2618	-0.0385	0.0672	0.0971	-0.048	-0.0788	
0.26	0.9483	0.1263	0.1918	-0.1118	-0.1535	-0.0733	0.1361	-0.4117	0.131	-0.0326	-0.2754	-0.0342	0.0672	0.107	-0.0479	-0.0819	
0.28	0.9984	0.1101	0.1646	-0.1378	-0.1862	-0.0775	0.1399	-0.4454	0.1368	-0.0327	-0.2864	-0.03	0.0672	0.1177	-0.0475	-0.0849	
0.3	1.0405	0.0967	0.1367	-0.1637	-0.2146	-0.0823	0.1438	-0.4724	0.142	-0.0327	-0.295	-0.0259	0.0673	0.1291	-0.0469	-0.0877	
0.32	1.0745	0.0859	0.1098	-0.189	-0.2375	-0.0872	0.1477	-0.4927	0.1468	-0.0326	-0.3017	-0.0222	0.0675	0.1412	-0.046	-0.0904	
0.34	1.1015	0.0773	0.0851	-0.213	-0.2546	-0.092	0.1516	-0.5068	0.1511	-0.0326	-0.3074	-0.0188	0.0678	0.1539	-0.0447	-0.093	
0.36	1.1229	0.0704	0.0634	-0.2353	-0.2665	-0.0964	0.1553	-0.5164	0.1548	-0.0324	-0.3125	-0.0157	0.0683	0.1673	-0.0428	-0.0955	
0.38	1.1402	0.0648	0.0454	-0.2552	-0.2746	-0.1	0.1589	-0.5231	0.1581	-0.0322	-0.3173	-0.013	0.069	0.1814	-0.0404	-0.0978	
0.4	1.1547	0.0602	0.0312	-0.2723	-0.2805	-0.1027	0.1623	-0.5282	0.1611	-0.0318	-0.3221	-0.0105	0.0701	0.1962	-0.0371	-0.0999	
0.42	1.1672	0.0562	0.0206	-0.2864	-0.2854	-0.1043	0.1656	-0.5323	0.1639	-0.0311	-0.3267	-0.0079	0.0715	0.2116	-0.033	-0.1017	
0.44	1.1782	0.0527	0.013	-0.2978	-0.2899	-0.1047	0.1687	-0.5354	0.1667	-0.0302	-0.3312	-0.0053	0.0732	0.2275	-0.0279	-0.1033	
0.46	1.188	0.0495	0.0076	-0.3066	-0.2942	-0.1038	0.1718	-0.5376	0.1695	-0.0291	-0.3356	-0.0025	0.0753	0.2434	-0.022	-0.1043	
0.48	1.197	0.0464	0.0036	-0.3132	-0.2981	-0.1015	0.1748	-0.5384	0.1722	-0.0275	-0.3398	0	0.078	0.2588	-0.0156	-0.1049	
0.5	1.2053	0.0434	0.0006	-0.3176	-0.3013	-0.0976	0.1778	-0.538	0.175	-0.0257	-0.3439	0.0023	0.0814	0.2731	-0.0086	-0.1048	
0.52	1.2133	0.0404	-0.0017	-0.3199	-0.3039	-0.0916	0.1808	-0.5364	0.1779	-0.0234	-0.3479	0.0045	0.0855	0.2859	-0.0007	-0.1042	
0.54	1.2211	0.0374	-0.0033	-0.3199	-0.3057	-0.083	0.184	-0.5338	0.1818	-0.0205	-0.3518	0.0078	0.0903	0.2969	0.0093	-0.1031	
0.56	1.2289	0.0342	-0.0039	-0.3175	-0.3069	-0.0712	0.1876	-0.5302	0.1875	-0.0171	-0.3554	0.0145	0.0954	0.306	0.023	-0.1014	
0.58	1.237	0.0311	-0.0035	-0.3126	-0.3075	-0.0558	0.1921	-0.5256	0.1962	-0.013	-0.359	0.0271	0.1006	0.313	0.0423	-0.099	
0.6	1.2452	0.0279	-0.0022	-0.3045	-0.3074	-0.0362	0.1979	-0.52	0.2089	-0.0084	-0.3624	0.0477	0.1061	0.3181	0.069	-0.0952	
0.62	1.2534	0.0249	-0	-0.293	-0.3068	-0.0121	0.2055	-0.5132	0.2262	-0.0035	-0.3658	0.0774	0.1128	0.3214	0.1038	-0.0892	
0.64	1.2614	0.022	0.0029	-0.2772	-0.3055	0.0167	0.2152	-0.5055	0.2487	0.0017	-0.3691	0.1159	0.1221	0.3232	0.1464	-0.0796	
0.66	1.2688	0.0193	0.0065	-0.2564	-0.3034	0.0505	0.2273	-0.4971	0.2767	0.0074	-0.3725	0.162	0.136	0.3238	0.196	-0.0657	
0.68	1.2753	0.017	0.0108	-0.2298	-0.3005	0.0895	0.2418	-0.4885	0.3107	0.0144	-0.376	0.2144	0.1561	0.3238	0.2512	-0.0464	
0.7	1.2805	0.015	0.016	-0.196	-0.2968	0.1338	0.259	-0.4803	0.3512	0.0237	-0.3797	0.2719	0.1834	0.3236	0.3103	-0.0213	
0.72	1.2841	0.0136	0.0222	-0.1538	-0.2923	0.1829	0.2788	-0.4727	0.3979	0.0369	-0.384	0.3331	0.2177	0.3234	0.3715	0.0099	
0.74	1.2857	0.0128	0.0296	-0.102	-0.2872	0.2357	0.3011	-0.466	0.4496	0.0547	-0.3891	0.3963	0.2581	0.3234	0.4326	0.0471	
0.76	1.2848	0.0125	0.0382	-0.0405	-0.2818	0.2902	0.3253	-0.4603	0.5045	0.0777	-0.3954	0.459	0.3032	0.3234	0.4913	0.0895	
0.78	1.2812	0.0128	0.0479	0.0294	-0.2763	0.3439	0.3505	-0.4558	0.5603	0.1056	-0.4028	0.5187	0.3517	0.3235	0.546	0.1359	
0.8	1.2749	0.0137	0.0587	0.1054	-0.2711	0.3947	0.3755	-0.4527	0.615	0.1378	-0.4111	0.5735	0.4017	0.3236	0.596	0.1849	
0.82	1.2662	0.0151	0.0706	0.1848	-0.2664	0.4414	0.3996	-0.4508	0.6673	0.1735	-0.4199	0.6232	0.4511	0.3236	0.6421	0.2346	
0.84	1.2555	0.017	0.0837	0.2653	-0.2624	0.4834	0.4221	-0.45	0.7163	0.2117	-0.4286	0.6684	0.4978	0.3235	0.6854	0.2835	
0.86	1.2434	0.0193	0.0983	0.3445	-0.2591	0.5205	0.4429	-0.4499	0.7615	0.2512	-0.4368	0.7107	0.5398	0.3235	0.7272	0.3301	
0.88	1.2304	0.022	0.1143	0.4202	-0.2566	0.5525	0.4621	-0.4501	0.8022	0.2902	-0.4442	0.7505	0.5759	0.3235	0.7681	0.3733	
0.9	1.2165	0.0251	0.1319	0.4901	-0.2549	0.5787	0.4798	-0.4503	0.8381	0.3269	-0.4507	0.7876	0.6063	0.3235	0.8081	0.4123	
0.92	1.2017	0.0283	0.1507	0.5521	-0.254	0.5992	0.496	-0.4504	0.8687	0.3596	-0.4559	0.8208	0.6314	0.3235	0.8465	0.4469	
0.94	1.1862	0.0319	0.1706	0.605	-0.2536	0.6144	0.5108	-0.4504	0.894	0.3873	-0.4596	0.849	0.6524	0.3235	0.8826	0.4776	
0.96	1.1705	0.0358	0.1913	0.6488	-0.2536	0.6258	0.5242	-0.4503	0.9144	0.4095	-0.4619	0.8718	0.67	0.3235	0.9152	0.5048	
0.98	1.1552	0.04	0.2125	0.6848	-0.2537	0.6347	0.5363	-0.4502	0.9309	0.4268	-0.4628	0.8896	0.6848	0.3235	0.9436	0.5288	
1	1.1412	0.0447	0.2334	0.7149	-0.2538	0.6421	0.5471	-0.4502	0.944	0.4399	-0.4629	0.9031	0.6971	0.3235	0.9671	0.5496	
1.02	1.1289	0.05	0.2532	0.7404	-0.2539	0.6483	0.5567	-0.4503	0.9546	0.4497	-0.4627	0.9132	0.7069	0.3235	0.9855	0.5671	
1.04	1.1184	0.0559	0.2711	0.7628	-0.2538	0.6531	0.5649	-0.4503	0.9626	0.4566	-0.4624	0.9203	0.7143	0.3235	0.9989	0.5813	
1.06	1.1072	0.062	0.2892	0.7817	-0.2538	0.6553	0.5729	-0.4503	0.9679	0.4607	-0.4625	0.9237	0.7195	0.3235	1.0077	0.5949	
1.08	1.096	0.0681	0.3072	0.8005	-0.2538	0.6575	0.5808	-0.4503	0.9731	0.4647	-0.4625	0.9272	0.7247	0.3235	1.0164	0.6084	
1.1	1.0848	0.0742	0.3252	0.8193	-0.2538	0.6597	0.5888	-0.4503	0.9784	0.4687	-0.4625	0.9306	0.7299	0.3235	1.0252	0.6219	
1.12	1.0736	0.0803	0.3433	0.8382	-0.2537	0.6619	0.5968	-0.4503	0.9836	0.4727	-0.4625	0.934	0.7351	0.3235	1.034	0.6355	
