0	0.869	0.3961	0.2104	0.1391	0.3016	0.0636	0.0991	0.1967	0.0864	0.0212	-0.0247	0.2604	0.0361	-0.018	0.1285	0.0744	
0.02	0.8395	0.3994	0.195	0.1293	0.3192	0.0828	0.1053	0.2236	0.108	0.03	-0.0206	0.2963	0.0361	-0.0166	0.1648	0.0774	
0.04	0.8101	0.4027	0.1797	0.1194	0.3368	0.1019	0.1115	0.2506	0.1295	0.0387	-0.0164	0.3323	0.0361	-0.0153	0.2011	0.0805	
0.06	0.7807	0.406	0.1643	0.1096	0.3544	0.1211	0.1177	0.2775	0.1511	0.0475	-0.0123	0.3682	0.0361	-0.0139	0.2374	0.0835	
0.08	0.7513	0.4094	0.149	0.0997	0.3721	0.1403	0.1239	0.3045	0.1726	0.0563	-0.0082	0.4042	0.0361	-0.0125	0.2737	0.0866	
0.1	0.7256	0.4126	0.1368	0.0907	0.389	0.1598	0.1296	0.3322	0.1918	0.0649	-0.0022	0.4368	0.0361	-0.0099	0.3062	0.0894	
0.12	0.6984	0.4162	0.1249	0.0812	0.4038	0.1776	0.1359	0.3546	0.2097	0.072	0.0059	0.465	0.0361	-0.0061	0.3395	0.0924	
0.14	0.6706	0.4201	0.1141	0.0715	0.4169	0.1939	0.1426	0.3726	0.2261	0.0779	0.0164	0.4887	0.0361	-0.0008	0.3723	0.0955	
0.16	0.6434	0.4243	0.1049	0.0619	0.4284	0.2093	0.1496	0.3876	0.2408	0.0831	0.0292	0.5085	0.0361	0.0059	0.4033	0.0986	
0.18	0.6173	0.4286	0.098	0.0527	0.4389	0.2245	0.1568	0.4009	0.2539	0.0877	0.0443	0.5246	0.0361	0.014	0.4315	0.1015	
0.2	0.5926	0.433	0.0934	0.0443	0.4487	0.2402	0.1642	0.4136	0.2657	0.0923	0.0616	0.5376	0.0362	0.0233	0.4563	0.1042	
0.22	0.5688	0.4374	0.091	0.0365	0.4581	0.2569	0.1721	0.4262	0.2769	0.0969	0.0812	0.5485	0.0365	0.0336	0.4781	0.1065	
0.24	0.5446	0.442	0.0902	0.0292	0.4674	0.2752	0.1805	0.4388	0.288	0.1017	0.1032	0.5579	0.037	0.0446	0.4974	0.1087	
0.26	0.5188	0.4466	0.0903	0.0224	0.4767	0.2951	0.1896	0.4517	0.299	0.1067	0.1282	0.5663	0.0377	0.0562	0.5151	0.1107	
0.28	0.4902	0.4514	0.0907	0.016	0.4859	0.3165	0.1994	0.4651	0.3099	0.1118	0.1567	0.5743	0.0387	0.0684	0.5317	0.1126	
0.3	0.4583	0.4562	0.0909	0.01	0.4951	0.3392	0.2097	0.4791	0.3204	0.1171	0.1888	0.582	0.0402	0.0816	0.5478	0.1146	
0.32	0.4232	0.4612	0.0909	0.0043	0.5042	0.363	0.2206	0.4936	0.3305	0.1225	0.2243	0.5893	0.042	0.096	0.5636	0.1166	
0.34	0.3854	0.4661	0.0908	-0.0009	0.513	0.3878	0.2323	0.5084	0.3402	0.1281	0.2623	0.5963	0.0443	0.1117	0.5791	0.1188	
0.36	0.3459	0.471	0.0907	-0.0056	0.5212	0.4139	0.2452	0.5232	0.3502	0.1337	0.3017	0.603	0.047	0.1289	0.5943	0.1211	
0.38	0.3057	0.4758	0.0906	-0.0101	0.5285	0.4414	0.26	0.5377	0.3611	0.1396	0.3412	0.6093	0.0502	0.1473	0.6092	0.1235	
0.4	0.2663	0.4804	0.0907	-0.0142	0.5342	0.4701	0.2771	0.5515	0.3733	0.1456	0.3794	0.6154	0.0539	0.1663	0.6239	0.1259	
0.42	0.2286	0.4848	0.0907	-0.0182	0.538	0.4997	0.2967	0.5643	0.3871	0.152	0.4153	0.6212	0.058	0.1856	0.6387	0.1285	
0.44	0.1932	0.489	0.0907	-0.022	0.5394	0.5298	0.3186	0.5756	0.4027	0.1585	0.4478	0.6274	0.0625	0.2045	0.6538	0.1314	
0.46	0.1603	0.493	0.0907	-0.0257	0.5382	0.5602	0.3421	0.5852	0.4204	0.1653	0.4761	0.6345	0.0673	0.2227	0.6699	0.1349	
0.48	0.1295	0.4967	0.0907	-0.0293	0.5346	0.591	0.3665	0.5929	0.4406	0.1722	0.4997	0.644	0.0726	0.2396	0.6873	0.1394	
0.5	0.1005	0.5001	0.0907	-0.0328	0.5286	0.6223	0.3913	0.5991	0.4645	0.1794	0.5189	0.6571	0.0785	0.255	0.7067	0.1454	
0.52	0.0729	0.5033	0.0907	-0.0362	0.5208	0.6544	0.4163	0.6041	0.4928	0.187	0.5342	0.6754	0.0854	0.2686	0.7283	0.1532	
0.54	0.0463	0.5062	0.0907	-0.0395	0.5115	0.6876	0.4416	0.6087	0.5258	0.1956	0.5463	0.7001	0.0937	0.2807	0.7521	0.1629	
0.56	0.0206	0.5088	0.0907	-0.0428	0.5013	0.7218	0.4673	0.613	0.563	0.2058	0.5558	0.7319	0.104	0.2915	0.7783	0.1745	
0.58	-0.0048	0.5113	0.0907	-0.046	0.4906	0.7571	0.4934	0.6174	0.6039	0.2179	0.5632	0.7707	0.1166	0.3015	0.807	0.1882	
0.6	-0.0301	0.5135	0.0907	-0.0491	0.4799	0.7935	0.5194	0.6218	0.6473	0.2322	0.5684	0.8154	0.132	0.3111	0.838	0.2041	
0.62	-0.0557	0.5157	0.0907	-0.0522	0.4695	0.8306	0.545	0.6261	0.6925	0.2489	0.5712	0.8642	0.1501	0.3206	0.8709	0.2223	
0.64	-0.0818	0.5177	0.0907	-0.0552	0.4597	0.868	0.5698	0.6305	0.7382	0.2678	0.5717	0.9149	0.1709	0.3306	0.9048	0.2425	
0.66	-0.1087	0.5197	0.0907	-0.0581	0.4506	0.9048	0.5936	0.6347	0.7829	0.2889	0.5698	0.9649	0.1941	0.3414	0.9384	0.2644	
0.68	-0.1366	0.5216	0.0907	-0.0609	0.4421	0.9403	0.6163	0.6389	0.8245	0.3118	0.566	1.0119	0.2194	0.3534	0.97	0.2871	
0.7	-0.1654	0.5235	0.0907	-0.0637	0.434	0.9738	0.6375	0.643	0.8612	0.3358	0.5608	1.0538	0.2463	0.3671	0.9983	0.31	
0.72	-0.1952	0.5255	0.0907	-0.0665	0.4263	1.0046	0.6565	0.6471	0.8914	0.36	0.5549	1.089	0.274	0.3826	1.0226	0.3322	
0.74	-0.2251	0.5275	0.0907	-0.0692	0.4189	1.032	0.6727	0.6511	0.9149	0.3834	0.549	1.1166	0.3016	0.3997	1.0427	0.3529	
0.76	-0.2545	0.5296	0.0907	-0.072	0.412	1.0557	0.6856	0.6551	0.9319	0.4049	0.5438	1.1367	0.328	0.4176	1.0585	0.3714	
0.78	-0.2826	0.5317	0.0907	-0.0747	0.4057	1.0754	0.6954	0.6591	0.9433	0.4242	0.5397	1.1502	0.352	0.4356	1.0702	0.3873	
0.8	-0.3089	0.5338	0.0907	-0.0775	0.4	1.0913	0.7028	0.6633	0.9502	0.441	0.5372	1.1585	0.373	0.453	1.0781	0.4003	
0.82	-0.3329	0.536	0.0907	-0.0803	0.3952	1.1041	0.7088	0.6675	0.9537	0.4557	0.5364	1.1632	0.3906	0.4691	1.0824	0.4102	
0.84	-0.3544	0.5383	0.0907	-0.0832	0.3914	1.1146	0.7141	0.6719	0.955	0.4687	0.5372	1.1655	0.4047	0.4833	1.0842	0.4172	
0.86	-0.3728	0.5405	0.0907	-0.086	0.3886	1.1234	0.7191	0.6765	0.955	0.4803	0.5394	1.1665	0.4156	0.4951	1.0843	0.4216	
0.88	-0.388	0.5427	0.0907	-0.0889	0.387	1.131	0.724	0.6813	0.9546	0.4909	0.5425	1.1668	0.4234	0.504	1.0838	0.4238	
0.9	-0.3997	0.5449	0.0907	-0.0918	0.3867	1.1377	0.7285	0.6864	0.9543	0.5009	0.5463	1.1667	0.4285	0.51	1.0834	0.4246	
0.92	-0.4084	0.547	0.0907	-0.0946	0.3875	1.1434	0.7323	0.6918	0.9543	0.5103	0.5505	1.1666	0.4313	0.5134	1.0832	0.4246	
0.94	-0.4147	0.5491	0.0907	-0.0974	0.3897	1.1482	0.7353	0.6977	0.9544	0.5192	0.555	1.1666	0.4323	0.5148	1.0833	0.4243	
0.96	-0.4194	0.5511	0.0907	-0.1	0.3932	1.1522	0.7374	0.7038	0.9545	0.5275	0.5597	1.1665	0.4323	0.5151	1.0835	0.4241	
0.98	-0.4232	0.553	0.0907	-0.1025	0.3981	1.1556	0.7387	0.7103	0.9546	0.535	0.5646	1.1666	0.432	0.5148	1.0836	0.4241	
1	-0.4261	0.5547	0.0907	-0.1049	0.4043	1.1586	0.7394	0.7167	0.9546	0.5413	0.5697	1.1666	0.4317	0.5146	1.0836	0.4241	
1.02	-0.4283	0.5563	0.0907	-0.1071	0.4119	1.1615	0.7396	0.7228	0.9545	0.5465	0.5749	1.1666	0.4317	0.5145	1.0836	0.4242	
1.04	-0.4297	0.5578	0.0907	-0.1091	0.4205	1.1643	0.7396	0.7284	0.9545	0.5502	0.5802	1.1666	0.4317	0.5146	1.0835	0.4243	
1.06	-0.4302	0.559	0.0907	-0.1108	0.4296	1.167	0.7396	0.7334	0.9545	0.5527	0.5856	1.1666	0.4319	0.5147	1.0835	0.4243	
1.08	-0.4299	0.5601	0.0907	-0.1122	0.4387	1.1695	0.7395	0.7375	0.9545	0.554	0.5912	1.1666	0.4319	0.5147	1.0835	0.4242	
1.1	-0.429	0.561	0.0907	-0.1134	0.4473	1.172	0.7395	0.7408	0.9545	0.5544	0.5969	1.1666	0.4319	0.5148	1.0835	0.4242	
1.12	-0.4275	0.5616	0.0907	-0.1143	0.455	1.1743	0.7395	0.7432	0.9545	0.5544	0.6029	1.1666	0.4319	0.5147	1.0835	0.4242	
1.14	-0.4256	0.5621	0.0907	-0.1149	0.4617	1.1764	0.7395	0.7448	0.9545	0.5543	0.6092	1.1666	0.4319	0.5147	1.0835	0.4242	
1.16	-0.4234	0.5624	0.0907	-0.1151	0.4671	1.1784	0.7395	0.7456	0.9545	0.5542	0.6156	1.1666	0.4318	0.5147	1.0835	0.4242	
1.18	-0.4209	0.5625	0.0907	-0.1151	0.4711	1.1803	0.7395	0.7459	0.9545	0.5541	0.6219	1.1666	0.4318	0.5147	1.0835	0.4242	
1.2	-0.4182	0.5625	0.0907	-0.1148	0.4738	1.182	0.7395	0.7459	0.9545	0.5542	0.628	1.1666	0.4319	0.5147	1.0835	0.4242	
1.22	-0.4152	0.5623	0.0907	-0.1142	0.4753	1.1836	0.7395	0.7458	0.9545	0.5542	0.6335	1.1666	0.4319	0.5147	1.0835	0.4242	
1.24	-0.4121	0.562	0.0907	-0.1133	0.4759	1.1851	0.7395	0.7457	0.9545	0.5543	0.6383	1.1666	0.4319	0.5147	1.0835	0.4242	
1.26	-0.4089	0.5616	0.0907	-0.1122	0.4759	1.1864	0.7395	0.7457	0.9545	0.5543	0.6424	1.1666	0.4319	0.5147	1.0835	0.4242	
1.28	-0.4055	0.5612	0.0907	-0.1108	0.4757	1.1876	0.7395	0.7457	0.9545	0.5542	0.6456	1.1666	0.4319	0.5147	1.0835	0.4242	
1.3	-0.4018	0.5606	0.0907	-0.1092	0.4756	1.1886	0.7395	0.7458	0.9545	0.5542	0.6479	1.1666	0.4319	0.5147	1.0835	0.4242	
1.32	-0.398	0.56	0.0907	-0.1074	0.4755	1.1895	0.7395	0.7458	0.9545	0.5542	0.6495	1.1666	0.4319	0.5147	1.0835	0.4242	
1.34	-0.3938	0.5593	0.0907	-0.1052	0.4756	1.1903	0.7395	0.7458	0.9545	0.5542	0.6503	1.1666	0.4319	0.5147	1.0835	0.4242	
1.36	-0.3894	0.5586	0.0907	-0.1029	0.4756	1.1909	0.7395	0.7458	0.9545	0.5542	0.6506	1.1666	0.4319	0.5147	1.0835	0.4242	
1.38	-0.3846	0.5577	0.0907	-0.1002	0.4757	1.1914	0.7395	0.7458	0.9545	0.5542	0.6506	1.1666	0.4319	0.5147	1.0835	0.4242	
1.4	-0.3797	0.5569	0.0907	-0.0974	0.4757	1.1917	0.7395	0.7458	0.9545	0.5542	0.6505	1.1666	0.4319	0.5147	1.0835	0.4242	
1.42	-0.3746	0.5559	0.0907	-0.0945	0.4757	1.1919	0.7395	0.7458	0.9545	0.5542	0.6505	1.1666	0.4319	0.5147	1.0835	0.4242	
1.44	-0.3694	0.5549	0.0907	-0.0917	0.4756	1.1919	0.7395	0.7458	0.9545	0.5542	0.6504	1.1666	0.4319	0.5147	1.0835	0.4242	
1.46	-0.3642	0.5539	0.0907	-0.0891	0.4756	1.1917	0.7395	0.7458	0.9545	0.5542	0.6505	1.1666	0.4319	0.5147	1.0835	0.4242	
1.48	-0.3592	0.5528	0.0907	-0.0868	0.4756	1.1913	0.7395	0.7458	0.9545	0.5542	0.6505	1.1666	0.4319	0.5147	1.0835	0.4242	
1.5	-0.3543	0.5516	0.0907	-0.0848	0.4756	1.1907	0.7395	0.7458	0.9545	0.5542	0.6505	1.1666	0.4319	0.5147	1.0835	0.4242	
1.52	-0.3498	0.5504	0.0907	-0.0832	0.4756	1.1898	0.7395	0.7458	0.9545	0.5542	0.6505	1.1666	0.4319	0.5147	1.0835	0.4242	
1.54	-0.3456	0.5492	0.0907	-0.082	0.4756	1.1888	0.7395	0.7458	0.9545	0.5542	0.6505	1.1666	0.4319	0.5147	1.0835	0.4242	
1.56	-0.3417	0.5479	0.0907	-0.0812	0.4756	1.1876	0.7395	0.7458	0.9545	0.5542	0.6505	1.1666	0.4319	0.5147	1.0835	0.4242	
1.58	-0.3381	0.5466	0.0907	-0.0808	0.4756	1.1861	0.7395	0.7458	0.9545	0.5542	0.6505	1.1666	0.4319	0.5147	1.0835	0.4242	
1.6	-0.3347	0.5452	0.0907	-0.0807	0.4756	1.1844	0.7395	0.7458	0.9545	0.5542	0.6505	1.1666	0.4319	0.5147	1.0835	0.4242	
1.62	-0.3315	0.5438	0.0907	-0.0806	0.4756	1.1825	0.7395	0.7458	0.9545	0.5542	0.6505	1.1666	0.4319	0.5147	1.0835	0.4242	
1.64	-0.3285	0.5424	0.0907	-0.0807	0.4756	1.1804	0.7395	0.7458	0.9545	0.5542	0.6505	1.1666	0.4319	0.5147	1.0835	0.4242	
1.66	-0.3255	0.541	0.0907	-0.0807	0.4756	1.1782	0.7395	0.7458	0.9545	0.5542	0.6505	1.1666	0.4319	0.5147	1.0835	0.4242	
1.68	-0.3227	0.5395	0.0907	-0.0808	0.4756	1.1757	0.7395	0.7458	0.9545	0.5542	0.6505	1.1666	0.4319	0.5147	1.0835	0.4242	
1.7	-0.3199	0.538	0.0907	-0.0807	0.4756	1.1731	0.7395	0.7458	0.9545	0.5542	0.6505	1.1666	0.4319	0.5147	1.0835	0.4242	
1.72	-0.3172	0.5365	0.0907	-0.0807	0.4756	1.1702	0.7395	0.7458	0.9545	0.5542	0.6505	1.1666	0.4319	0.5147	1.0835	0.4242	
1.74	-0.3145	0.535	0.0907	-0.0807	0.4756	1.1671	0.7395	0.7458	0.9545	0.5542	0.6505	1.1666	0.4319	0.5147	1.0835	0.4242	
1.76	-0.3118	0.5335	0.0907	-0.0807	0.4756	1.164	0.7395	0.7458	0.9545	0.5542	0.6505	1.1666	0.4319	0.5147	1.0835	0.4242	
1.78	-0.3092	0.5319	0.0907	-0.0807	0.4756	1.1608	0.7395	0.7458	0.9545	0.5542	0.6505	1.1666	0.4319	0.5147	1.0835	0.4242	
1.8	-0.3066	0.5304	0.0907	-0.0807	0.4756	1.1578	0.7395	0.7458	0.9545	0.5542	0.6505	1.1666	0.4319	0.5147	1.0835	0.4242	
1.82	-0.3041	0.5289	0.0907	-0.0807	0.4756	1.155	0.7395	0.7458	0.9545	0.5542	0.6505	1.1666	0.4319	0.5147	1.0835	0.4242	
1.84	-0.3015	0.5273	0.0907	-0.0807	0.4756	1.1525	0.7395	0.7458	0.9545	0.5542	0.6505	1.1666	0.4319	0.5147	1.0835	0.4242	
1.86	-0.299	0.5257	0.0907	-0.0807	0.4756	1.1505	0.7395	0.7458	0.9545	0.5542	0.6505	1.1666	0.4319	0.5147	1.0835	0.4242	
1.88	-0.2964	0.5242	0.0907	-0.0807	0.4756	1.1489	0.7395	0.7458	0.9545	0.5542	0.6505	1.1666	0.4319	0.5147	1.0835	0.4242	
1.9	-0.2939	0.5226	0.0907	-0.0807	0.4756	1.1476	0.7395	0.7458	0.9545	0.5542	0.6505	1.1666	0.4319	0.5147	1.0835	0.4242	
1.92	-0.2914	0.521	0.0907	-0.0807	0.4756	1.1469	0.7395	0.7458	0.9545	0.5542	0.6505	1.1666	0.4319	0.5147	1.0835	0.4242	
1.94	-0.289	0.5193	0.0907	-0.0807	0.4756	1.1464	0.7395	0.7458	0.9545	0.5542	0.6505	1.1666	0.4319	0.5147	1.0835	0.4242	
1.96	-0.2865	0.5176	0.0907	-0.0807	0.4756	1.1463	0.7395	0.7458	0.9545	0.5542	0.6505	1.1666	0.4319	0.5147	1.0835	0.4242	
1.98	-0.2842	0.5158	0.0907	-0.0807	0.4756	1.1463	0.7395	0.7458	0.9545	0.5542	0.6505	1.1666	0.4319	0.5147	1.0835	0.4242	
2	-0.2818	0.5139	0.0907	-0.0807	0.4756	1.1463	0.7395	0.7458	0.9545	0.5542	0.6505	1.1666	0.4319	0.5147	1.0835	0.4242	
2.02	-0.2794	0.512	0.0907	-0.0807	0.4756	1.1464	0.7395	0.7458	0.9545	0.5542	0.6505	1.1666	0.4319	0.5147	1.0835	0.4242	
2.04	-0.2771	0.51	0.0907	-0.0807	0.4756	1.1464	0.7395	0.7458	0.9545	0.5542	0.6505	1.1666	0.4319	0.5147	1.0835	0.4242	
2.06	-0.2749	0.5079	0.0907	-0.0807	0.4756	1.1463	0.7395	0.7458	0.9545	0.5542	0.6505	1.1666	0.4319	0.5147	1.0835	0.4242	
2.08	-0.2727	0.5058	0.0907	-0.0807	0.4756	1.1463	0.7395	0.7458	0.9545	0.5542	0.6505	1.1666	0.4319	0.5147	1.0835	0.4242	
2.1	-0.2708	0.5036	0.0907	-0.0807	0.4756	1.1463	0.7395	0.7458	0.9545	0.5542	0.6505	1.1666	0.4319	0.5147	1.0835	0.4242	
2.12	-0.269	0.5013	0.0907	-0.0807	0.4756	1.1463	0.7395	0.7458	0.9545	0.5542	0.6505	1.1666	0.4319	0.5147	1.0835	0.4242	
2.14	-0.2676	0.499	0.0907	-0.0807	0.4756	1.1463	0.7395	0.7458	0.9545	0.5542	0.6505	1.1666	0.4319	0.5147	1.0835	0.4242	
2.16	-0.2664	0.4966	0.0907	-0.0807	0.4756	1.1463	0.7395	0.7458	0.9545	0.5542	0.6505	1.1666	0.4319	0.5147	1.0835	0.4242	
2.18	-0.2654	0.4942	0.0907	-0.0807	0.4756	1.1463	0.7395	0.7458	0.9545	0.5542	0.6505	1.1666	0.4319	0.5147	1.0835	0.4242	
2.2	-0.2647	0.4918	0.0907	-0.0807	0.4756	1.1463	0.7395	0.7458	0.9545	0.5542	0.6505	1.1666	0.4319	0.5147	1.0835	0.4242	
2.22	-0.2643	0.4893	0.0907	-0.0807	0.4756	1.1463	0.7395	0.7458	0.9545	0.5542	0.6505	1.1666	0.4319	0.5147	1.0835	0.4242	
2.24	-0.2639	0.4868	0.0907	-0.0807	0.4756	1.1463	0.7395	0.7458	0.9545	0.5542	0.6505	1.1666	0.4319	0.5147	1.0835	0.4242	
2.26	-0.2635	0.4844	0.0907	-0.0807	0.4756	1.1463	0.7395	0.7458	0.9545	0.5542	0.6505	1.1666	0.4319	0.5147	1.0835	0.4242	
2.28	-0.2631	0.4819	0.0907	-0.0807	0.4756	1.1463	0.7395	0.7458	0.9545	0.5542	0.6505	1.1666	0.4319	0.5147	1.0835	0.4242	
