0	0.5799	0.3634	0.3044	-0.0039	0.2938	0.0338	0.0119	0.4532	0.0406	-0.0204	0.24	0.373	0.0016	0.4337	-0.0208	-0.0123	
0.02	0.6099	0.3426	0.3132	-0.0023	0.3083	0.0338	0.0119	0.4632	0.0533	-0.0188	0.2658	0.4708	0.0032	0.4561	0.0384	-0.0055	
0.04	0.64	0.3217	0.322	-0.0007	0.3229	0.0338	0.0119	0.4732	0.066	-0.0173	0.2917	0.5685	0.0048	0.4785	0.0976	0.0013	
0.06	0.67	0.3009	0.3308	0.001	0.3374	0.0338	0.0119	0.4832	0.0788	-0.0157	0.3175	0.6663	0.0065	0.5009	0.1567	0.0081	
0.08	0.7001	0.28	0.3397	0.0026	0.352	0.0338	0.0119	0.4932	0.0915	-0.0141	0.3434	0.7641	0.0081	0.5233	0.2159	0.0149	
0.1	0.7302	0.2596	0.3466	0.0046	0.3667	0.0338	0.0119	0.5024	0.1034	-0.0118	0.3706	0.8565	0.0099	0.5439	0.2677	0.0228	
0.12	0.7581	0.2422	0.3529	0.0071	0.3777	0.0338	0.012	0.5121	0.1163	-0.0086	0.4002	0.9404	0.0122	0.5657	0.3197	0.0321	
0.14	0.7839	0.2278	0.3583	0.01	0.3859	0.0338	0.0121	0.5222	0.1299	-0.0046	0.4311	1.0146	0.0148	0.5879	0.3705	0.0426	
0.16	0.8081	0.2156	0.362	0.0135	0.3922	0.0339	0.0126	0.5324	0.1436	0.0003	0.4621	1.0785	0.0178	0.6097	0.418	0.0541	
0.18	0.831	0.205	0.3637	0.0174	0.3977	0.034	0.0132	0.5426	0.1569	0.0059	0.4919	1.1321	0.0211	0.6302	0.4604	0.0663	
0.2	0.8524	0.1954	0.3631	0.0216	0.4032	0.0343	0.0143	0.5529	0.1693	0.012	0.5199	1.1762	0.0246	0.6491	0.4968	0.0788	
0.22	0.8724	0.1865	0.3603	0.0261	0.409	0.0349	0.0158	0.5636	0.1808	0.0183	0.5456	1.212	0.0284	0.6662	0.527	0.0908	
0.24	0.8909	0.178	0.3556	0.0308	0.4152	0.0357	0.0178	0.5753	0.1914	0.0247	0.5684	1.2405	0.0323	0.6819	0.5519	0.1018	
0.26	0.9079	0.1701	0.3496	0.0355	0.4217	0.037	0.0203	0.5882	0.2012	0.0309	0.5881	1.2628	0.0363	0.6966	0.5724	0.1111	
0.28	0.9236	0.1627	0.3427	0.0402	0.4285	0.0386	0.0234	0.6024	0.2101	0.0366	0.6046	1.2798	0.0403	0.7106	0.5893	0.1187	
0.3	0.9381	0.1559	0.3354	0.0449	0.4356	0.0408	0.0271	0.6178	0.2183	0.0419	0.6182	1.2929	0.0443	0.7242	0.603	0.1249	
0.32	0.9515	0.1495	0.328	0.0494	0.4429	0.0434	0.0312	0.6342	0.2257	0.0467	0.6296	1.3032	0.0483	0.7376	0.6138	0.1299	
0.34	0.9639	0.1435	0.3205	0.0537	0.4505	0.0466	0.0357	0.6515	0.2324	0.051	0.6397	1.3119	0.0523	0.751	0.6217	0.1339	
0.36	0.9752	0.1379	0.3131	0.0577	0.4578	0.0503	0.0406	0.6692	0.2382	0.0549	0.649	1.3199	0.0561	0.7646	0.6267	0.1368	
0.38	0.9857	0.1327	0.3057	0.0613	0.4648	0.0545	0.0459	0.6871	0.2435	0.0584	0.6579	1.3278	0.0599	0.7782	0.6292	0.1385	
0.4	0.9952	0.128	0.2985	0.0646	0.471	0.059	0.0515	0.7049	0.2484	0.0617	0.6666	1.3357	0.0635	0.7918	0.6301	0.1393	
0.42	1.0038	0.1237	0.291	0.0675	0.4764	0.064	0.0575	0.7223	0.253	0.0649	0.6754	1.3434	0.0671	0.805	0.63	0.1394	
0.44	1.0116	0.1198	0.2832	0.0702	0.4808	0.0695	0.0641	0.739	0.2574	0.068	0.6844	1.3511	0.0706	0.8173	0.6296	0.1392	
0.46	1.0187	0.1161	0.2748	0.0728	0.4842	0.0757	0.0712	0.7545	0.2617	0.0712	0.6936	1.3585	0.0741	0.8284	0.6294	0.139	
0.48	1.0255	0.1126	0.2655	0.0754	0.4867	0.083	0.0789	0.7688	0.2661	0.0746	0.703	1.3657	0.0775	0.8382	0.6293	0.1389	
0.5	1.0321	0.1091	0.2554	0.0781	0.4884	0.0914	0.0871	0.7814	0.2707	0.0781	0.7124	1.3728	0.081	0.8463	0.6295	0.1389	
0.52	1.0388	0.1055	0.2449	0.0807	0.4893	0.1012	0.0959	0.7922	0.2754	0.0819	0.7214	1.3798	0.0845	0.8527	0.6296	0.139	
0.54	1.0455	0.1018	0.2345	0.083	0.4896	0.1122	0.1052	0.8012	0.2804	0.086	0.7297	1.3868	0.0879	0.8574	0.6296	0.1391	
0.56	1.052	0.0981	0.2246	0.0852	0.4896	0.1247	0.1152	0.8082	0.2857	0.0906	0.7371	1.3938	0.0914	0.8605	0.6296	0.1391	
0.58	1.0582	0.0945	0.2156	0.088	0.4895	0.1386	0.1259	0.8133	0.2913	0.0958	0.7434	1.4009	0.095	0.8621	0.6296	0.1391	
0.6	1.0638	0.0911	0.2077	0.0927	0.4894	0.154	0.1373	0.8167	0.2975	0.1015	0.7484	1.4079	0.0986	0.8627	0.6295	0.139	
0.62	1.0687	0.088	0.2012	0.1007	0.4894	0.1709	0.149	0.8184	0.3041	0.1079	0.7521	1.4151	0.1022	0.8627	0.6295	0.139	
0.64	1.0728	0.0855	0.1962	0.113	0.4894	0.1889	0.1608	0.819	0.3111	0.1148	0.7545	1.4223	0.1058	0.8625	0.6295	0.139	
0.66	1.0759	0.0834	0.1929	0.1297	0.4894	0.2074	0.1721	0.819	0.3184	0.1218	0.7558	1.4295	0.1093	0.8624	0.6295	0.139	
0.68	1.0782	0.0818	0.191	0.1496	0.4895	0.2256	0.1825	0.8188	0.3256	0.1287	0.7563	1.4365	0.1126	0.8623	0.6296	0.139	
0.7	1.0794	0.0808	0.1902	0.1712	0.4895	0.2425	0.1918	0.8187	0.3324	0.1351	0.7563	1.4433	0.1154	0.8624	0.6296	0.139	
0.72	1.0799	0.0802	0.1902	0.1935	0.4895	0.2577	0.1995	0.8186	0.3386	0.1406	0.7562	1.4496	0.1179	0.8625	0.6296	0.139	
0.74	1.0798	0.0801	0.1904	0.2227	0.4894	0.2735	0.207	0.8187	0.3451	0.1465	0.7561	1.4561	0.1204	0.8625	0.6296	0.139	
0.76	1.0797	0.0801	0.1906	0.2518	0.4894	0.2894	0.2145	0.8188	0.3516	0.1523	0.7561	1.4626	0.1228	0.8625	0.6295	0.139	
0.78	1.0796	0.08	0.1908	0.2809	0.4894	0.3052	0.222	0.8189	0.3582	0.1581	0.756	1.4691	0.1253	0.8625	0.6295	0.139	
0.8	1.0795	0.0799	0.1911	0.31	0.4894	0.3211	0.2295	0.8189	0.3647	0.1639	0.756	1.4756	0.1277	0.8625	0.6295	0.139	
