0	0.4519	0.422	-0.0279	0.3551	0.0761	-0.0388	0.129	0.1908	0.1176	-0.0558	0.0366	0.1636	-0.0773	0.1194	-0.0745	0.0114	
0.02	0.4519	0.4366	-0.0143	0.3551	0.0761	-0.0397	0.129	0.1906	0.1176	-0.0558	0.0366	0.1611	-0.0773	0.1194	-0.0745	0.0114	
0.04	0.4519	0.4512	-0.0007	0.3551	0.0761	-0.0406	0.129	0.1904	0.1176	-0.0558	0.0366	0.1586	-0.0773	0.1194	-0.0745	0.0114	
0.06	0.4519	0.4658	0.0129	0.3551	0.0761	-0.0414	0.129	0.1902	0.1176	-0.0558	0.0366	0.1561	-0.0773	0.1193	-0.0745	0.0114	
0.08	0.4519	0.4804	0.0265	0.3551	0.0761	-0.0423	0.129	0.19	0.1176	-0.0558	0.0366	0.1537	-0.0773	0.1193	-0.0745	0.0114	
0.1	0.4519	0.4939	0.0394	0.3551	0.0761	-0.0433	0.129	0.1897	0.1176	-0.0558	0.0366	0.1512	-0.0773	0.1193	-0.0745	0.0114	
0.12	0.4519	0.5062	0.0535	0.3551	0.0761	-0.0445	0.129	0.1894	0.1176	-0.0558	0.0366	0.1488	-0.0773	0.1193	-0.0745	0.0114	
0.14	0.4519	0.517	0.0685	0.3551	0.0761	-0.0459	0.129	0.1889	0.1176	-0.0558	0.0366	0.1465	-0.0773	0.1194	-0.0745	0.0114	
0.16	0.4519	0.5263	0.0838	0.3551	0.0761	-0.0476	0.129	0.1883	0.1176	-0.0558	0.0366	0.1443	-0.0773	0.1194	-0.0745	0.0114	
0.18	0.4519	0.534	0.0985	0.3551	0.0761	-0.0495	0.129	0.1876	0.1176	-0.0558	0.0366	0.1422	-0.0773	0.1194	-0.0745	0.0114	
0.2	0.4519	0.5402	0.1122	0.3551	0.0761	-0.0515	0.129	0.1869	0.1176	-0.0558	0.0366	0.1402	-0.0773	0.1194	-0.0745	0.0114	
0.22	0.4519	0.5449	0.1246	0.3551	0.0761	-0.0538	0.129	0.186	0.1176	-0.0558	0.0366	0.1382	-0.0773	0.1193	-0.0745	0.0114	
0.24	0.4519	0.5485	0.1358	0.3551	0.0761	-0.0561	0.129	0.185	0.1176	-0.0558	0.0366	0.1363	-0.0773	0.1193	-0.0745	0.0114	
0.26	0.4519	0.5511	0.1458	0.3551	0.0761	-0.0586	0.129	0.1839	0.1176	-0.0558	0.0366	0.1345	-0.0773	0.1193	-0.0745	0.0114	
0.28	0.4519	0.553	0.1547	0.3551	0.0761	-0.0612	0.129	0.1827	0.1176	-0.0558	0.0366	0.1327	-0.0773	0.1193	-0.0745	0.0114	
0.3	0.4519	0.5546	0.1621	0.3551	0.0761	-0.0639	0.129	0.1815	0.1176	-0.0558	0.0366	0.1311	-0.0773	0.1194	-0.0745	0.0114	
0.32	0.4519	0.556	0.1682	0.3551	0.0761	-0.0666	0.129	0.1801	0.1176	-0.0558	0.0366	0.1295	-0.0773	0.1194	-0.0745	0.0114	
0.34	0.4519	0.5574	0.1731	0.3551	0.0761	-0.0694	0.129	0.1788	0.1176	-0.0558	0.0366	0.128	-0.0773	0.1194	-0.0745	0.0114	
0.36	0.4519	0.5587	0.177	0.3551	0.0761	-0.0723	0.129	0.1773	0.1176	-0.0558	0.0366	0.1266	-0.0773	0.1193	-0.0745	0.0114	
0.38	0.4519	0.56	0.1803	0.3551	0.0761	-0.0751	0.129	0.1758	0.1176	-0.0558	0.0366	0.1252	-0.0773	0.1193	-0.0745	0.0114	
0.4	0.4519	0.5612	0.1835	0.3551	0.0761	-0.078	0.129	0.1743	0.1176	-0.0558	0.0366	0.1239	-0.0773	0.1193	-0.0745	0.0114	
0.42	0.4519	0.5624	0.1865	0.3551	0.0761	-0.0808	0.129	0.1727	0.1176	-0.0558	0.0366	0.1227	-0.0773	0.1193	-0.0745	0.0114	
0.44	0.4519	0.5634	0.1896	0.3551	0.0761	-0.0837	0.129	0.1711	0.1176	-0.0558	0.0366	0.1216	-0.0773	0.1194	-0.0745	0.0114	
0.46	0.4519	0.5644	0.1925	0.3551	0.0761	-0.0864	0.129	0.1695	0.1176	-0.0558	0.0366	0.1205	-0.0773	0.1194	-0.0745	0.0114	
0.48	0.4519	0.5653	0.1952	0.3551	0.0761	-0.0891	0.129	0.1679	0.1176	-0.0558	0.0366	0.1195	-0.0773	0.1194	-0.0745	0.0114	
0.5	0.4519	0.5662	0.1978	0.3551	0.0761	-0.0917	0.129	0.1662	0.1176	-0.0558	0.0366	0.1186	-0.0773	0.1194	-0.0745	0.0114	
0.52	0.4519	0.567	0.2001	0.3551	0.0761	-0.0942	0.129	0.1646	0.1176	-0.0558	0.0366	0.1178	-0.0773	0.1193	-0.0745	0.0114	
0.54	0.4519	0.5677	0.2023	0.3551	0.0761	-0.0965	0.129	0.1629	0.1176	-0.0558	0.0366	0.117	-0.0773	0.1193	-0.0745	0.0114	
0.56	0.4519	0.5684	0.2044	0.3551	0.0761	-0.0987	0.129	0.1612	0.1176	-0.0558	0.0366	0.1163	-0.0773	0.1193	-0.0745	0.0114	
0.58	0.4519	0.569	0.2063	0.3551	0.0761	-0.1008	0.129	0.1596	0.1176	-0.0558	0.0366	0.1156	-0.0773	0.1194	-0.0745	0.0114	
0.6	0.4518	0.5696	0.2081	0.3551	0.0761	-0.1027	0.129	0.158	0.1176	-0.0558	0.0366	0.1151	-0.0773	0.1194	-0.0745	0.0114	
0.62	0.4518	0.5701	0.2097	0.3551	0.0761	-0.1043	0.129	0.1564	0.1176	-0.0558	0.0366	0.1146	-0.0773	0.1194	-0.0745	0.0114	
0.64	0.4516	0.5706	0.2113	0.3551	0.0761	-0.1058	0.129	0.1548	0.1176	-0.0558	0.0366	0.1142	-0.0773	0.1193	-0.0745	0.0114	
0.66	0.4515	0.571	0.2126	0.3551	0.0761	-0.107	0.129	0.1533	0.1176	-0.0558	0.0366	0.1138	-0.0773	0.1193	-0.0745	0.0114	
0.68	0.4513	0.5714	0.2139	0.3551	0.0761	-0.108	0.129	0.1518	0.1176	-0.0558	0.0366	0.1135	-0.0773	0.1192	-0.0745	0.0114	
0.7	0.451	0.5717	0.215	0.3551	0.0761	-0.1087	0.129	0.1503	0.1176	-0.0558	0.0366	0.1133	-0.0773	0.1191	-0.0745	0.0114	
0.72	0.4507	0.572	0.216	0.3551	0.0761	-0.1093	0.129	0.149	0.1177	-0.0558	0.0365	0.1131	-0.0773	0.1189	-0.0745	0.0114	
0.74	0.4503	0.5722	0.2168	0.3551	0.0761	-0.1096	0.129	0.1476	0.1177	-0.0558	0.0365	0.113	-0.0773	0.1186	-0.0745	0.0114	
0.76	0.4498	0.5724	0.2176	0.3551	0.0761	-0.1098	0.129	0.1464	0.1178	-0.0558	0.0364	0.1129	-0.0773	0.1182	-0.0745	0.0114	
0.78	0.4492	0.5725	0.2182	0.3551	0.0761	-0.1098	0.129	0.1452	0.118	-0.0558	0.0362	0.113	-0.0773	0.1177	-0.0744	0.0114	
0.8	0.4486	0.5726	0.2187	0.3551	0.0761	-0.1096	0.129	0.1441	0.1182	-0.0558	0.0359	0.113	-0.0773	0.117	-0.0744	0.0114	
0.82	0.4478	0.5727	0.2191	0.355	0.0761	-0.1094	0.129	0.1431	0.1185	-0.0558	0.0355	0.1132	-0.0773	0.1163	-0.0743	0.0114	
0.84	0.4471	0.5727	0.2193	0.355	0.0761	-0.109	0.129	0.1422	0.1189	-0.0558	0.0349	0.1134	-0.0773	0.1154	-0.0742	0.0114	
0.86	0.4462	0.5726	0.2195	0.3549	0.0761	-0.1086	0.129	0.1415	0.1194	-0.0558	0.0341	0.1137	-0.0773	0.1144	-0.0739	0.0114	
0.88	0.4453	0.5725	0.2196	0.3547	0.0761	-0.1081	0.129	0.1408	0.12	-0.0558	0.0332	0.114	-0.0773	0.1133	-0.0737	0.0114	
0.9	0.4443	0.5724	0.2195	0.3546	0.0761	-0.1074	0.129	0.1402	0.1207	-0.0558	0.0321	0.1144	-0.0773	0.1121	-0.0733	0.0114	
0.92	0.4432	0.5722	0.2194	0.3543	0.0761	-0.1067	0.129	0.1397	0.1215	-0.0558	0.0309	0.1149	-0.0773	0.1108	-0.0728	0.0114	
0.94	0.442	0.5719	0.2191	0.354	0.0761	-0.1059	0.129	0.1394	0.1225	-0.0558	0.0294	0.1154	-0.0773	0.1094	-0.0722	0.0114	
0.96	0.4408	0.5715	0.2187	0.3537	0.0761	-0.105	0.129	0.1391	0.1235	-0.0558	0.0278	0.116	-0.0773	0.108	-0.0716	0.0114	
0.98	0.4395	0.571	0.2181	0.3533	0.0762	-0.104	0.129	0.1389	0.1247	-0.0558	0.0261	0.1167	-0.0773	0.1064	-0.0708	0.0114	
1	0.4382	0.5705	0.2174	0.3528	0.0762	-0.1029	0.129	0.1389	0.126	-0.0558	0.0242	0.1175	-0.0773	0.1049	-0.0699	0.0114	
1.02	0.4367	0.5698	0.2166	0.3523	0.0763	-0.1017	0.129	0.1388	0.1274	-0.0558	0.0222	0.1183	-0.0773	0.1032	-0.0689	0.0114	
1.04	0.4352	0.569	0.2155	0.3517	0.0764	-0.1004	0.129	0.1389	0.1289	-0.0558	0.0201	0.1192	-0.0773	0.1015	-0.0678	0.0114	
1.06	0.4336	0.568	0.2143	0.351	0.0765	-0.099	0.129	0.1389	0.1305	-0.0558	0.0179	0.1203	-0.0773	0.0998	-0.0665	0.0114	
1.08	0.432	0.5669	0.2129	0.3503	0.0767	-0.0975	0.129	0.139	0.1323	-0.0558	0.0156	0.1214	-0.0773	0.0981	-0.0652	0.0114	
1.1	0.4303	0.5657	0.2112	0.3496	0.0768	-0.0958	0.129	0.1392	0.1341	-0.0558	0.0132	0.1226	-0.0773	0.0963	-0.0637	0.0114	
1.12	0.4285	0.5643	0.2094	0.3488	0.0771	-0.0941	0.129	0.1393	0.1361	-0.0558	0.0108	0.1239	-0.0773	0.0945	-0.0622	0.0114	
1.14	0.4266	0.5629	0.2073	0.348	0.0773	-0.0922	0.129	0.1395	0.1382	-0.0558	0.0083	0.1253	-0.0773	0.0927	-0.0605	0.0114	
1.16	0.4247	0.5613	0.205	0.3471	0.0776	-0.0902	0.129	0.1397	0.1404	-0.0558	0.0057	0.1268	-0.0773	0.0908	-0.0587	0.0114	
1.18	0.4227	0.5593	0.2024	0.3461	0.0779	-0.088	0.129	0.14	0.1427	-0.0558	0.0031	0.1284	-0.0773	0.089	-0.0568	0.0114	
1.2	0.4207	0.5571	0.1995	0.3452	0.0782	-0.0858	0.129	0.1403	0.1452	-0.0558	0.0005	0.1301	-0.0773	0.0872	-0.0548	0.0114	
1.22	0.4185	0.5545	0.1962	0.3441	0.0786	-0.0834	0.129	0.1406	0.1477	-0.0558	-0.0022	0.1319	-0.0773	0.0855	-0.0527	0.0114	
1.24	0.4163	0.5518	0.1926	0.3431	0.079	-0.0809	0.129	0.141	0.1504	-0.0558	-0.0048	0.1338	-0.0773	0.0837	-0.0504	0.0114	
1.26	0.4141	0.5492	0.1887	0.342	0.0795	-0.0783	0.129	0.1414	0.1532	-0.0558	-0.0075	0.1358	-0.0773	0.082	-0.048	0.0114	
1.28	0.4118	0.547	0.1846	0.3409	0.08	-0.0754	0.129	0.1418	0.1561	-0.0558	-0.0101	0.1379	-0.0773	0.0803	-0.0455	0.0114	
1.3	0.4094	0.5446	0.1803	0.3397	0.0805	-0.0724	0.129	0.1423	0.1591	-0.0558	-0.0128	0.1402	-0.0773	0.0787	-0.0429	0.0114	
1.32	0.4069	0.5411	0.1759	0.3385	0.0811	-0.0693	0.129	0.1429	0.1623	-0.0558	-0.0154	0.1426	-0.0773	0.0771	-0.0402	0.0114	
1.34	0.4042	0.5351	0.1709	0.3373	0.0817	-0.0662	0.129	0.1435	0.1656	-0.0558	-0.0179	0.1451	-0.0773	0.0755	-0.0374	0.0114	
1.36	0.401	0.5251	0.1647	0.336	0.0824	-0.063	0.129	0.1441	0.169	-0.0558	-0.0205	0.1478	-0.0773	0.0741	-0.0344	0.0114	
1.38	0.3971	0.5104	0.157	0.3348	0.083	-0.0597	0.129	0.1448	0.1725	-0.0558	-0.0229	0.1506	-0.0773	0.0727	-0.0313	0.0114	
1.4	0.3923	0.4908	0.1473	0.3334	0.0838	-0.0558	0.129	0.1455	0.1762	-0.0558	-0.0253	0.1533	-0.0773	0.0714	-0.0281	0.0114	
1.42	0.3866	0.4668	0.1359	0.3321	0.0846	-0.051	0.129	0.1463	0.1799	-0.0558	-0.0276	0.1561	-0.0773	0.0702	-0.0248	0.0114	
1.44	0.3801	0.4392	0.1231	0.3307	0.0854	-0.0448	0.129	0.1471	0.1838	-0.0558	-0.0298	0.1592	-0.0773	0.0691	-0.0213	0.0114	
1.46	0.3734	0.4086	0.1096	0.3294	0.0862	-0.037	0.129	0.148	0.1877	-0.0558	-0.0319	0.1628	-0.0773	0.0681	-0.0177	0.0114	
1.48	0.3676	0.3761	0.0958	0.328	0.0871	-0.0273	0.129	0.149	0.1919	-0.0558	-0.0339	0.1674	-0.0773	0.0672	-0.014	0.0114	
1.5	0.3638	0.343	0.0821	0.3266	0.0881	-0.0157	0.129	0.15	0.1965	-0.0558	-0.0358	0.1734	-0.0773	0.0665	-0.0102	0.0114	
1.52	0.3632	0.3112	0.0689	0.3251	0.0891	-0.0022	0.129	0.1511	0.2018	-0.0558	-0.0375	0.1811	-0.0773	0.0658	-0.0062	0.0114	
1.54	0.3668	0.2823	0.0567	0.3237	0.0902	0.0132	0.129	0.1522	0.2081	-0.0558	-0.039	0.1904	-0.0773	0.0654	-0.0021	0.0114	
1.56	0.3751	0.2572	0.0459	0.3222	0.0912	0.0301	0.129	0.1534	0.2155	-0.0558	-0.0405	0.2015	-0.0773	0.0653	0.0022	0.0114	
1.58	0.3883	0.2363	0.0369	0.3207	0.0924	0.0481	0.129	0.1547	0.2242	-0.0558	-0.0418	0.2141	-0.0773	0.0656	0.0065	0.0114	
1.6	0.4062	0.2191	0.0296	0.3192	0.0936	0.0667	0.129	0.156	0.2345	-0.0558	-0.043	0.228	-0.0773	0.0666	0.0109	0.0114	
1.62	0.4282	0.2048	0.0234	0.3178	0.0948	0.0853	0.129	0.1574	0.2464	-0.0558	-0.0439	0.2428	-0.0773	0.0682	0.0154	0.0114	
1.64	0.4531	0.1927	0.0179	0.3164	0.0961	0.1038	0.129	0.1589	0.26	-0.0558	-0.0444	0.2582	-0.0773	0.0708	0.0202	0.0114	
1.66	0.4798	0.1824	0.0125	0.3152	0.0975	0.1222	0.129	0.1605	0.2752	-0.0558	-0.0442	0.2736	-0.0773	0.0742	0.0255	0.0114	
1.68	0.507	0.1736	0.007	0.3142	0.0989	0.1412	0.129	0.1622	0.2918	-0.0558	-0.0429	0.2886	-0.0773	0.0785	0.0317	0.0114	
1.7	0.5336	0.1662	0.0014	0.3134	0.1003	0.161	0.129	0.1639	0.3094	-0.0558	-0.0406	0.3033	-0.0773	0.0837	0.0391	0.0114	
1.72	0.5592	0.1599	-0.0043	0.3127	0.1019	0.182	0.129	0.1656	0.3278	-0.0558	-0.037	0.3175	-0.0773	0.0899	0.0479	0.0114	
1.74	0.5835	0.1546	-0.01	0.3122	0.1034	0.2042	0.129	0.1673	0.3465	-0.0558	-0.032	0.3315	-0.0773	0.0972	0.0583	0.0114	
1.76	0.6068	0.1502	-0.0157	0.3119	0.1051	0.2273	0.129	0.1692	0.3654	-0.0558	-0.0251	0.3455	-0.0773	0.1062	0.0701	0.0114	
1.78	0.6293	0.1464	-0.0213	0.3117	0.1068	0.2513	0.129	0.1715	0.3841	-0.0558	-0.0156	0.3596	-0.0773	0.1174	0.0835	0.0114	
1.8	0.6515	0.1429	-0.027	0.3117	0.1085	0.2758	0.129	0.1747	0.4025	-0.0558	-0.0025	0.374	-0.0773	0.1314	0.0984	0.0114	
1.82	0.6738	0.1394	-0.0326	0.3117	0.1103	0.3009	0.129	0.1794	0.4203	-0.0558	0.015	0.3885	-0.0773	0.1485	0.1145	0.0114	
1.84	0.6963	0.1357	-0.0381	0.3117	0.1121	0.3262	0.129	0.1861	0.4373	-0.0558	0.0374	0.403	-0.0773	0.1687	0.1316	0.0114	
1.86	0.7188	0.1318	-0.0438	0.3117	0.114	0.3515	0.129	0.1953	0.4533	-0.0558	0.0646	0.4172	-0.0773	0.1919	0.1493	0.0114	
1.88	0.7407	0.1277	-0.0498	0.3117	0.116	0.3765	0.129	0.2075	0.4682	-0.0558	0.0959	0.4309	-0.0773	0.2178	0.1676	0.0114	
1.9	0.7615	0.1236	-0.0564	0.3117	0.1184	0.4009	0.129	0.2228	0.482	-0.0558	0.1305	0.444	-0.0773	0.246	0.1863	0.0114	
1.92	0.7808	0.1198	-0.0638	0.3117	0.1214	0.4243	0.129	0.2409	0.4948	-0.0558	0.1672	0.4566	-0.0773	0.2761	0.2058	0.0114	
1.94	0.7985	0.1163	-0.0721	0.3117	0.1253	0.4466	0.129	0.2613	0.5068	-0.0558	0.2043	0.4686	-0.0773	0.3073	0.2262	0.0114	
1.96	0.8148	0.1134	-0.081	0.3117	0.1303	0.4672	0.129	0.283	0.5183	-0.0558	0.2401	0.4804	-0.0773	0.3386	0.2477	0.0114	
1.98	0.83	0.1109	-0.09	0.3117	0.1367	0.4857	0.129	0.3051	0.5299	-0.0558	0.2728	0.492	-0.0773	0.369	0.2701	0.0114	
2	0.8444	0.1091	-0.0987	0.3117	0.1444	0.5018	0.129	0.3268	0.542	-0.0558	0.3007	0.5035	-0.0773	0.3976	0.293	0.0114	
2.02	0.8584	0.1079	-0.1066	0.3117	0.1537	0.515	0.129	0.347	0.5549	-0.0558	0.3228	0.5148	-0.0773	0.4242	0.316	0.0114	
2.04	0.8711	0.1074	-0.1159	0.3117	0.1641	0.5269	0.129	0.367	0.5676	-0.0558	0.3407	0.5266	-0.0773	0.45	0.3405	0.0114	
2.06	0.8838	0.1069	-0.1253	0.3117	0.1745	0.5388	0.129	0.387	0.5802	-0.0558	0.3586	0.5383	-0.0773	0.4759	0.3649	0.0114	
2.08	0.8965	0.1064	-0.1346	0.3117	0.1848	0.5506	0.129	0.407	0.5929	-0.0558	0.3764	0.55	-0.0773	0.5017	0.3894	0.0114	
2.1	0.9092	0.106	-0.1439	0.3117	0.1952	0.5625	0.129	0.4269	0.6056	-0.0558	0.3943	0.5617	-0.0773	0.5276	0.4139	0.0114	
