0	0.3929	0.6143	-0.1755	-0.0656	0.0296	0.3356	-0.0244	-0.1123	0.426	-0.3011	-0.2884	0.4819	-0.2216	-0.0077	0.1213	-0.1081	
0.02	0.4168	0.5913	-0.1653	-0.0582	0.0483	0.3356	-0.0244	-0.0839	0.426	-0.3011	-0.2716	0.4818	-0.2216	0.0109	0.1213	-0.1081	
0.04	0.4407	0.5684	-0.1552	-0.0508	0.0669	0.3356	-0.0244	-0.0555	0.426	-0.3011	-0.2548	0.4818	-0.2216	0.0295	0.1213	-0.1081	
0.06	0.4647	0.5454	-0.145	-0.0435	0.0855	0.3356	-0.0244	-0.0271	0.426	-0.3011	-0.2379	0.4818	-0.2216	0.0481	0.1213	-0.1081	
0.08	0.4886	0.5225	-0.1349	-0.0361	0.1041	0.3356	-0.0244	0.0013	0.426	-0.3011	-0.2211	0.4817	-0.2216	0.0666	0.1213	-0.1081	
0.1	0.5142	0.4998	-0.1248	-0.0298	0.123	0.3356	-0.0244	0.0311	0.426	-0.3011	-0.2047	0.4818	-0.2216	0.0849	0.1213	-0.1081	
0.12	0.5447	0.4813	-0.1191	-0.0249	0.139	0.3356	-0.0244	0.0575	0.4261	-0.3011	-0.19	0.482	-0.2216	0.1047	0.1213	-0.1081	
0.14	0.5795	0.4665	-0.1172	-0.0214	0.1527	0.3355	-0.0244	0.0808	0.4264	-0.3011	-0.1765	0.4825	-0.2216	0.1253	0.1213	-0.1081	
0.16	0.6169	0.4547	-0.1179	-0.0193	0.1651	0.3356	-0.0244	0.102	0.427	-0.3011	-0.1635	0.4835	-0.2216	0.1457	0.1213	-0.1081	
0.18	0.6556	0.4448	-0.1203	-0.0185	0.177	0.3357	-0.0244	0.1221	0.428	-0.3011	-0.1501	0.4851	-0.2216	0.1657	0.1213	-0.1081	
0.2	0.6942	0.4366	-0.1235	-0.019	0.189	0.336	-0.0244	0.1417	0.4296	-0.3011	-0.1357	0.4874	-0.2216	0.1854	0.1213	-0.1082	
0.22	0.7317	0.4301	-0.1273	-0.0204	0.2015	0.3366	-0.0244	0.1611	0.4318	-0.3011	-0.1195	0.4905	-0.2216	0.2056	0.1213	-0.1084	
0.24	0.7677	0.4252	-0.1315	-0.0228	0.2144	0.3375	-0.0243	0.1804	0.4346	-0.3011	-0.1013	0.4943	-0.2216	0.2273	0.1213	-0.1087	
0.26	0.8018	0.4217	-0.136	-0.0257	0.2278	0.339	-0.024	0.1998	0.4381	-0.3011	-0.0807	0.4989	-0.2216	0.2514	0.1213	-0.1092	
0.28	0.8341	0.4191	-0.1402	-0.0292	0.2417	0.3411	-0.0237	0.2197	0.4424	-0.3011	-0.0579	0.5042	-0.2216	0.2784	0.1213	-0.11	
0.3	0.8649	0.4167	-0.1436	-0.0331	0.2562	0.3438	-0.0232	0.2403	0.4474	-0.3011	-0.033	0.5099	-0.2216	0.3087	0.1213	-0.111	
0.32	0.8944	0.4142	-0.1457	-0.0372	0.2711	0.3474	-0.0226	0.2621	0.4533	-0.3011	-0.0059	0.5159	-0.2216	0.3423	0.1213	-0.1123	
0.34	0.9229	0.4113	-0.1459	-0.0416	0.2866	0.3516	-0.0217	0.285	0.4603	-0.3011	0.0234	0.522	-0.2216	0.3792	0.1213	-0.114	
0.36	0.9507	0.4081	-0.1443	-0.0462	0.3025	0.3566	-0.0207	0.3088	0.4688	-0.3011	0.0544	0.5279	-0.2216	0.4189	0.1213	-0.116	
0.38	0.9779	0.4047	-0.1411	-0.0508	0.3186	0.3622	-0.0194	0.3331	0.479	-0.3011	0.0868	0.5335	-0.2216	0.4607	0.1213	-0.1183	
0.4	1.0046	0.4011	-0.1366	-0.0554	0.3348	0.3686	-0.018	0.3574	0.4912	-0.3011	0.1199	0.5389	-0.2216	0.5037	0.1213	-0.1209	
0.42	1.0308	0.3974	-0.1315	-0.06	0.3508	0.376	-0.0164	0.3811	0.5057	-0.3011	0.1535	0.5438	-0.2216	0.5472	0.1213	-0.1236	
0.44	1.0566	0.3933	-0.126	-0.0644	0.3665	0.3845	-0.0146	0.4037	0.5224	-0.3011	0.1874	0.5484	-0.2216	0.5908	0.1213	-0.1266	
0.46	1.0822	0.3888	-0.1207	-0.0688	0.3821	0.3945	-0.0127	0.4251	0.5412	-0.3011	0.2218	0.5527	-0.2216	0.6343	0.1213	-0.1297	
0.48	1.1075	0.3839	-0.116	-0.073	0.3977	0.4058	-0.0106	0.4451	0.5615	-0.3011	0.2565	0.5568	-0.2216	0.6775	0.1213	-0.1329	
0.5	1.1326	0.3783	-0.1121	-0.0771	0.4133	0.4186	-0.0085	0.464	0.5828	-0.3011	0.2913	0.5606	-0.2216	0.7201	0.1213	-0.1363	
0.52	1.1575	0.372	-0.1093	-0.0811	0.4289	0.4326	-0.0063	0.4824	0.6042	-0.3011	0.3255	0.5644	-0.2216	0.7617	0.1213	-0.1398	
0.54	1.1821	0.3651	-0.1077	-0.0851	0.444	0.4475	-0.004	0.5006	0.6248	-0.3011	0.3586	0.5681	-0.2216	0.8019	0.1213	-0.1437	
0.56	1.2068	0.3574	-0.1071	-0.0891	0.4581	0.4632	-0.0017	0.519	0.6442	-0.3011	0.3906	0.5719	-0.2216	0.8407	0.1213	-0.1478	
0.58	1.2317	0.3491	-0.1071	-0.0932	0.471	0.4792	0.0007	0.5375	0.6617	-0.3011	0.4216	0.5757	-0.2216	0.878	0.1213	-0.1522	
0.6	1.257	0.3403	-0.1073	-0.0977	0.4824	0.4949	0.0032	0.5557	0.6773	-0.3011	0.4521	0.5796	-0.2216	0.9135	0.1213	-0.1569	
0.62	1.2825	0.3312	-0.1075	-0.1031	0.492	0.5099	0.0057	0.573	0.6909	-0.3011	0.4819	0.5835	-0.2216	0.9462	0.1213	-0.1617	
0.64	1.3074	0.322	-0.1075	-0.1096	0.4998	0.5239	0.0084	0.5887	0.7025	-0.3011	0.5105	0.5875	-0.2216	0.9753	0.1213	-0.1664	
0.66	1.3308	0.3129	-0.1075	-0.1176	0.5057	0.5366	0.0111	0.6025	0.7125	-0.3011	0.537	0.5917	-0.2216	1	0.1213	-0.1707	
0.68	1.3519	0.304	-0.1074	-0.1271	0.5097	0.5483	0.014	0.614	0.7213	-0.3011	0.5607	0.596	-0.2216	1.0204	0.1213	-0.1742	
0.7	1.37	0.2958	-0.1074	-0.1381	0.512	0.5594	0.0172	0.6233	0.7297	-0.3011	0.5813	0.6005	-0.2216	1.0369	0.1213	-0.1765	
0.72	1.3852	0.2886	-0.1074	-0.1503	0.5129	0.5701	0.0209	0.6302	0.7382	-0.3011	0.5987	0.6051	-0.2216	1.05	0.1213	-0.1773	
0.74	1.3974	0.2826	-0.1074	-0.1635	0.5129	0.5807	0.0253	0.6349	0.7474	-0.3011	0.613	0.6097	-0.2216	1.0601	0.1213	-0.1765	
0.76	1.4068	0.2783	-0.1074	-0.1774	0.5127	0.591	0.0302	0.6375	0.7573	-0.3011	0.6242	0.6142	-0.2216	1.0671	0.1213	-0.1743	
0.78	1.4133	0.2755	-0.1074	-0.1917	0.5124	0.6007	0.0355	0.6385	0.7677	-0.3011	0.6324	0.6185	-0.2216	1.0714	0.1213	-0.1711	
0.8	1.4172	0.2743	-0.1074	-0.2063	0.5124	0.6098	0.041	0.6386	0.7781	-0.3011	0.6376	0.6223	-0.2216	1.0732	0.1213	-0.1672	
0.82	1.4188	0.2744	-0.1074	-0.2205	0.5124	0.6179	0.0464	0.6382	0.7882	-0.3011	0.6403	0.6256	-0.2216	1.0735	0.1213	-0.1631	
0.84	1.4191	0.2754	-0.1074	-0.2343	0.5125	0.625	0.0514	0.638	0.7976	-0.3011	0.6411	0.6284	-0.2216	1.073	0.1213	-0.159	
0.86	1.4187	0.2769	-0.1074	-0.2475	0.5126	0.6309	0.0558	0.6379	0.8059	-0.3011	0.641	0.6306	-0.2216	1.0726	0.1213	-0.1552	
0.88	1.4183	0.2788	-0.1074	-0.2602	0.5126	0.6355	0.0596	0.638	0.813	-0.3011	0.6407	0.6322	-0.2216	1.0724	0.1213	-0.1522	
0.9	1.4183	0.2816	-0.1074	-0.2725	0.5126	0.6384	0.0629	0.6381	0.8195	-0.3011	0.6406	0.6331	-0.2216	1.0725	0.1213	-0.1502	
0.92	1.4183	0.2845	-0.1074	-0.2847	0.5125	0.6413	0.0663	0.6381	0.8261	-0.3011	0.6405	0.6341	-0.2216	1.0727	0.1213	-0.1482	
0.94	1.4184	0.2873	-0.1074	-0.297	0.5125	0.6443	0.0696	0.6382	0.8326	-0.3011	0.6405	0.6351	-0.2216	1.0729	0.1213	-0.1462	
0.96	1.4184	0.2902	-0.1074	-0.3093	0.5125	0.6472	0.0729	0.6383	0.8391	-0.3011	0.6404	0.636	-0.2216	1.0731	0.1213	-0.1441	
