0	0.3518	0.3801	-0.2699	0.3162	0.2906	-0.2281	0.1963	0.2999	-0.1355	0.1004	0.3406	-0.2295	0.0998	0.284	-0.0883	0.2889	
0.02	0.3691	0.3731	-0.2622	0.3162	0.2862	-0.229	0.1963	0.3037	-0.1195	0.1004	0.3407	-0.2112	0.0992	0.284	-0.0783	0.2889	
0.04	0.3863	0.366	-0.2545	0.3162	0.2818	-0.2299	0.1963	0.3076	-0.1035	0.1004	0.3407	-0.1928	0.0987	0.284	-0.0683	0.2889	
0.06	0.4035	0.359	-0.2468	0.3162	0.2774	-0.2309	0.1963	0.3114	-0.0876	0.1004	0.3408	-0.1745	0.0981	0.284	-0.0583	0.2889	
0.08	0.4208	0.352	-0.2391	0.3162	0.273	-0.2318	0.1963	0.3152	-0.0716	0.1004	0.3408	-0.1561	0.0976	0.284	-0.0483	0.2889	
0.1	0.4378	0.3451	-0.2315	0.3162	0.2688	-0.2332	0.1963	0.3195	-0.0559	0.1004	0.3408	-0.1379	0.0965	0.284	-0.038	0.2889	
0.12	0.4534	0.3389	-0.2241	0.3162	0.2649	-0.2352	0.1963	0.3247	-0.0431	0.1004	0.3407	-0.1211	0.0949	0.284	-0.0259	0.2889	
0.14	0.4678	0.3332	-0.2169	0.3162	0.2613	-0.2378	0.1965	0.3309	-0.0326	0.1004	0.3407	-0.1053	0.0927	0.2843	-0.0125	0.2888	
0.16	0.4815	0.3281	-0.21	0.3162	0.2581	-0.2411	0.1968	0.3378	-0.0237	0.1004	0.3411	-0.0903	0.0899	0.2851	0.0019	0.2887	
0.18	0.495	0.3232	-0.2034	0.3162	0.2552	-0.245	0.1972	0.3451	-0.0157	0.1004	0.3421	-0.0755	0.0865	0.2866	0.017	0.2883	
0.2	0.5087	0.3184	-0.1973	0.3163	0.2526	-0.2496	0.1979	0.3526	-0.0082	0.1005	0.344	-0.0606	0.0825	0.289	0.0326	0.2876	
0.22	0.5231	0.3133	-0.1916	0.3164	0.2503	-0.2546	0.199	0.3596	-0.0007	0.1006	0.3465	-0.0456	0.0781	0.2922	0.0488	0.2868	
0.24	0.5384	0.3074	-0.1864	0.3167	0.2483	-0.2601	0.2003	0.366	0.007	0.1007	0.3493	-0.0301	0.0734	0.2963	0.0663	0.2857	
0.26	0.5552	0.3001	-0.1816	0.3172	0.2466	-0.2658	0.202	0.3719	0.0155	0.101	0.3523	-0.0135	0.0685	0.3014	0.0862	0.2844	
0.28	0.5743	0.2909	-0.1767	0.3181	0.2453	-0.2717	0.204	0.3781	0.0255	0.1014	0.356	0.0049	0.0634	0.3084	0.1103	0.2828	
0.3	0.597	0.2793	-0.1708	0.3192	0.2442	-0.2778	0.2063	0.3859	0.038	0.1022	0.3622	0.0269	0.0584	0.3187	0.1406	0.2806	
0.32	0.6247	0.2653	-0.1633	0.3208	0.2435	-0.2841	0.2088	0.3963	0.0546	0.1033	0.3739	0.0541	0.0533	0.3343	0.1788	0.2774	
0.34	0.6585	0.2494	-0.1537	0.3228	0.2431	-0.2905	0.2116	0.4101	0.0769	0.1048	0.3945	0.0882	0.0482	0.3574	0.2259	0.2728	
0.36	0.699	0.2321	-0.1419	0.3254	0.243	-0.2973	0.2145	0.4271	0.1068	0.1068	0.4264	0.1306	0.0431	0.3899	0.2816	0.2666	
0.38	0.7458	0.2145	-0.1285	0.3284	0.2432	-0.3042	0.2176	0.4462	0.1466	0.1091	0.4704	0.1815	0.0381	0.4331	0.3446	0.2589	
0.4	0.7974	0.1976	-0.1141	0.3319	0.2438	-0.3113	0.2209	0.4662	0.1983	0.1116	0.5258	0.2406	0.0332	0.4874	0.4129	0.2499	
0.42	0.8516	0.182	-0.0993	0.3358	0.2447	-0.3183	0.2244	0.4861	0.263	0.1146	0.5906	0.3066	0.0284	0.5519	0.4839	0.2398	
0.44	0.9063	0.1686	-0.0846	0.3401	0.246	-0.325	0.2282	0.505	0.3401	0.1184	0.6623	0.3779	0.024	0.6244	0.5553	0.2284	
0.46	0.9595	0.1578	-0.0705	0.3447	0.2476	-0.3312	0.2321	0.5223	0.4268	0.1239	0.7381	0.4522	0.02	0.7017	0.6241	0.2154	
0.48	1.0095	0.1499	-0.0578	0.3499	0.2495	-0.3365	0.2361	0.537	0.5187	0.1319	0.8145	0.527	0.0168	0.7796	0.6877	0.2003	
0.5	1.0551	0.1448	-0.047	0.356	0.2518	-0.3411	0.2401	0.5481	0.611	0.1431	0.8874	0.5991	0.0144	0.8541	0.7438	0.1834	
0.52	1.0956	0.1422	-0.0386	0.3631	0.2544	-0.3447	0.2439	0.5551	0.6996	0.1576	0.9523	0.666	0.0131	0.9219	0.7908	0.1652	
0.54	1.1306	0.1413	-0.0326	0.3713	0.2574	-0.3473	0.2472	0.5583	0.7818	0.175	1.0058	0.7254	0.013	0.9806	0.8285	0.1469	
0.56	1.1604	0.1414	-0.0285	0.3805	0.2608	-0.3491	0.2497	0.5588	0.8555	0.1947	1.0464	0.7764	0.0141	1.0289	0.8581	0.1292	
0.58	1.1856	0.1417	-0.0254	0.3906	0.2646	-0.35	0.2512	0.558	0.919	0.2158	1.0749	0.8189	0.0165	1.0666	0.8813	0.1126	
0.6	1.2071	0.142	-0.0229	0.4012	0.2686	-0.3504	0.2514	0.5572	0.9706	0.2376	1.0934	0.8536	0.0204	1.0948	0.9	0.0972	
0.62	1.2258	0.142	-0.0205	0.4121	0.2726	-0.3504	0.2503	0.5568	1.01	0.2593	1.1049	0.8817	0.0257	1.1154	0.9158	0.0832	
0.64	1.2422	0.1419	-0.018	0.4229	0.2766	-0.3502	0.2481	0.5569	1.0381	0.2799	1.1117	0.9042	0.0322	1.1309	0.9297	0.071	
0.66	1.2565	0.1418	-0.0155	0.4334	0.2803	-0.3502	0.2451	0.5572	1.0576	0.2984	1.1153	0.9223	0.0395	1.1436	0.9422	0.0609	
0.68	1.2686	0.1417	-0.0131	0.4433	0.2836	-0.3501	0.2417	0.5574	1.0713	0.3137	1.117	0.9368	0.0471	1.1551	0.9535	0.0534	
0.7	1.278	0.1418	-0.0106	0.4523	0.2864	-0.3502	0.2381	0.5575	1.0818	0.3256	1.1174	0.9488	0.0545	1.1662	0.9637	0.0483	
0.72	1.2845	0.1418	-0.0081	0.4604	0.2886	-0.3502	0.2348	0.5574	1.09	0.3341	1.1172	0.959	0.0613	1.1766	0.9728	0.0448	
0.74	1.2882	0.1418	-0.0053	0.4677	0.2903	-0.3502	0.2319	0.5573	1.0962	0.3399	1.1169	0.9681	0.0673	1.186	0.9806	0.0421	
0.76	1.2896	0.1418	-0.0023	0.4746	0.2914	-0.3502	0.2296	0.5573	1.1002	0.3439	1.1168	0.9766	0.0723	1.194	0.9871	0.0397	
0.78	1.2897	0.1418	0.0009	0.4812	0.292	-0.3502	0.228	0.5572	1.102	0.3468	1.1167	0.9846	0.0762	1.2004	0.9919	0.037	
0.8	1.2892	0.1418	0.0044	0.4877	0.2923	-0.3502	0.2271	0.5573	1.1022	0.3487	1.1168	0.9923	0.0789	1.2052	0.9951	0.0342	
0.82	1.2888	0.1418	0.008	0.4941	0.2923	-0.3502	0.2267	0.5573	1.1017	0.3499	1.1169	0.9998	0.0805	1.2087	0.9969	0.0313	
0.84	1.2887	0.1418	0.0118	0.5003	0.2922	-0.3502	0.2267	0.5573	1.1012	0.3505	1.1169	1.0072	0.0812	1.2108	0.9975	0.0284	
0.86	1.2888	0.1418	0.0158	0.506	0.2921	-0.3502	0.2268	0.5573	1.1009	0.3506	1.1169	1.0145	0.0813	1.212	0.9975	0.0255	
0.88	1.289	0.1418	0.0198	0.511	0.2921	-0.3502	0.2269	0.5573	1.101	0.3505	1.1169	1.022	0.0811	1.2124	0.9972	0.0225	
0.9	1.2891	0.1418	0.0238	0.5152	0.2921	-0.3502	0.2269	0.5573	1.1012	0.3503	1.1169	1.0296	0.0809	1.2124	0.9971	0.0192	
0.92	1.2891	0.1418	0.0279	0.5185	0.2922	-0.3502	0.2269	0.5573	1.1013	0.3502	1.1169	1.0376	0.0809	1.2123	0.997	0.0157	
0.94	1.289	0.1418	0.032	0.521	0.2922	-0.3502	0.2269	0.5573	1.1014	0.3502	1.1169	1.046	0.0809	1.2122	0.9971	0.0118	
0.96	1.289	0.1418	0.0361	0.5226	0.2922	-0.3502	0.2268	0.5573	1.1013	0.3503	1.1169	1.0548	0.0809	1.2122	0.9972	0.0078	
0.98	1.289	0.1418	0.0404	0.5234	0.2922	-0.3502	0.2268	0.5573	1.1013	0.3503	1.1169	1.0638	0.081	1.2122	0.9972	0.0038	
1	1.289	0.1418	0.0446	0.5237	0.2922	-0.3502	0.2268	0.5573	1.1012	0.3503	1.1169	1.0726	0.081	1.2122	0.9972	0.0001	
1.02	1.289	0.1418	0.049	0.5237	0.2922	-0.3502	0.2269	0.5573	1.1012	0.3503	1.1169	1.081	0.081	1.2123	0.9972	-0.0033	
1.04	1.289	0.1418	0.0533	0.5236	0.2922	-0.3502	0.2269	0.5573	1.1012	0.3503	1.1169	1.0885	0.081	1.2123	0.9972	-0.0061	
1.06	1.289	0.1418	0.0574	0.5235	0.2922	-0.3502	0.2269	0.5573	1.1013	0.3503	1.1169	1.0951	0.081	1.2123	0.9971	-0.0085	
1.08	1.289	0.1418	0.0613	0.5235	0.2922	-0.3502	0.2269	0.5573	1.1013	0.3503	1.1169	1.1006	0.0809	1.2123	0.9971	-0.0102	
1.1	1.289	0.1418	0.0648	0.5235	0.2922	-0.3502	0.2268	0.5573	1.1013	0.3503	1.1169	1.1049	0.081	1.2122	0.9972	-0.0114	
1.12	1.289	0.1418	0.0678	0.5236	0.2922	-0.3502	0.2268	0.5573	1.1013	0.3503	1.1169	1.1081	0.081	1.2122	0.9972	-0.012	
1.14	1.289	0.1418	0.0703	0.5236	0.2922	-0.3502	0.2268	0.5573	1.1012	0.3503	1.1169	1.1102	0.081	1.2122	0.9972	-0.0123	
1.16	1.289	0.1418	0.0726	0.5236	0.2922	-0.3502	0.2268	0.5573	1.1012	0.3503	1.1169	1.111	0.081	1.2123	0.9972	-0.0122	
1.18	1.289	0.1418	0.0748	0.5236	0.2922	-0.3502	0.2269	0.5573	1.1012	0.3503	1.1169	1.1118	0.081	1.2123	0.9972	-0.0122	
1.2	1.289	0.1418	0.0771	0.5236	0.2922	-0.3502	0.2269	0.5573	1.1013	0.3503	1.1169	1.1126	0.081	1.2123	0.9972	-0.0121	
1.22	1.289	0.1418	0.0793	0.5236	0.2922	-0.3502	0.2269	0.5573	1.1013	0.3503	1.1169	1.1134	0.081	1.2123	0.9972	-0.012	
