0	0.187	0.5051	0.4252	0.2871	0.2033	0.1908	0.2711	0.1818	0.0736	0.1048	0.1452	0.0157	-0.0131	-0.0258	0.0054	0.0474	
0.02	0.2363	0.4592	0.3524	0.2594	0.2136	0.2117	0.2711	0.165	0.1036	0.1048	0.1162	0.0271	-0.0131	-0.0492	-0.007	0.0474	
0.04	0.2855	0.4132	0.2796	0.2317	0.2238	0.2326	0.2711	0.1483	0.1336	0.1048	0.0871	0.0385	-0.0131	-0.0727	-0.0193	0.0474	
0.06	0.3348	0.3673	0.2068	0.2039	0.2341	0.2536	0.2711	0.1316	0.1636	0.1048	0.058	0.0499	-0.0131	-0.0961	-0.0317	0.0474	
0.08	0.384	0.3213	0.134	0.1762	0.2444	0.2745	0.271	0.1148	0.1936	0.1048	0.0289	0.0613	-0.0131	-0.1195	-0.044	0.0474	
0.1	0.4381	0.2792	0.0682	0.1427	0.2459	0.2952	0.2711	0.0913	0.2215	0.1048	-0.0041	0.0712	-0.0131	-0.1495	-0.0559	0.0474	
0.12	0.4996	0.2392	0.0036	0.1048	0.2375	0.3121	0.2713	0.0597	0.2441	0.1048	-0.0417	0.0805	-0.0131	-0.1858	-0.0686	0.0474	
0.14	0.5657	0.2024	-0.0572	0.0655	0.2209	0.3257	0.2717	0.0218	0.2618	0.1048	-0.0818	0.0891	-0.0131	-0.2266	-0.0815	0.0474	
0.16	0.6334	0.1696	-0.1121	0.0277	0.1983	0.337	0.2723	-0.0202	0.2755	0.1048	-0.1225	0.0966	-0.0131	-0.2702	-0.0937	0.0474	
0.18	0.7	0.1418	-0.159	-0.0056	0.1719	0.347	0.2733	-0.0638	0.2862	0.1048	-0.1618	0.1029	-0.0131	-0.3148	-0.1045	0.0474	
0.2	0.7626	0.1191	-0.196	-0.0308	0.1441	0.3567	0.2748	-0.1064	0.295	0.1048	-0.1982	0.1081	-0.0131	-0.3585	-0.1134	0.0474	
0.22	0.8182	0.1013	-0.2224	-0.0444	0.1171	0.3669	0.2767	-0.1455	0.3027	0.1048	-0.23	0.1126	-0.0131	-0.3989	-0.1197	0.0474	
0.24	0.8648	0.0876	-0.239	-0.0437	0.0934	0.3784	0.2792	-0.1792	0.3099	0.1048	-0.2558	0.1167	-0.0131	-0.4339	-0.1234	0.0474	
0.26	0.9021	0.077	-0.2482	-0.0283	0.0748	0.3918	0.2821	-0.2065	0.3167	0.1048	-0.2751	0.1206	-0.0131	-0.4621	-0.125	0.0474	
0.28	0.931	0.069	-0.253	-0.0004	0.0621	0.4074	0.2856	-0.2272	0.3231	0.1048	-0.2881	0.1246	-0.0131	-0.4833	-0.1251	0.0474	
0.3	0.9534	0.0628	-0.2563	0.0363	0.0548	0.4254	0.2896	-0.242	0.3293	0.1048	-0.2961	0.1285	-0.0131	-0.4982	-0.1246	0.0474	
0.32	0.9713	0.058	-0.2597	0.0776	0.0517	0.4459	0.294	-0.2517	0.335	0.1048	-0.3006	0.1324	-0.0131	-0.508	-0.1242	0.0474	
0.34	0.986	0.0539	-0.2636	0.1199	0.0515	0.4687	0.2991	-0.2575	0.3404	0.1048	-0.3029	0.1362	-0.0131	-0.5138	-0.124	0.0474	
0.36	0.998	0.0503	-0.268	0.161	0.0535	0.4935	0.3047	-0.2599	0.3455	0.1048	-0.3038	0.1399	-0.0131	-0.5162	-0.1241	0.0474	
0.38	1.0074	0.0466	-0.2724	0.199	0.0576	0.52	0.311	-0.2592	0.3502	0.1048	-0.3033	0.1435	-0.0131	-0.5152	-0.1243	0.0474	
0.4	1.0142	0.0428	-0.2767	0.2333	0.0646	0.5479	0.3181	-0.2551	0.3548	0.1048	-0.301	0.147	-0.0131	-0.5103	-0.1244	0.0474	
0.42	1.0183	0.0387	-0.2809	0.2636	0.0752	0.5771	0.3265	-0.247	0.3596	0.1048	-0.2966	0.1505	-0.0131	-0.5016	-0.1244	0.0474	
0.44	1.0204	0.0345	-0.2852	0.2903	0.0901	0.6074	0.3365	-0.2343	0.3651	0.1048	-0.2899	0.1539	-0.0131	-0.489	-0.1244	0.0474	
0.46	1.021	0.0304	-0.2897	0.3146	0.1095	0.6389	0.3486	-0.2167	0.3717	0.1048	-0.2811	0.1573	-0.0131	-0.4732	-0.1243	0.0474	
0.48	1.0208	0.0266	-0.2943	0.3378	0.133	0.6714	0.3633	-0.1945	0.3797	0.1048	-0.2706	0.1606	-0.0131	-0.4554	-0.1243	0.0474	
0.5	1.0205	0.0232	-0.2992	0.3613	0.1598	0.7042	0.3808	-0.1687	0.3889	0.1048	-0.2592	0.164	-0.0131	-0.4369	-0.1243	0.0474	
0.52	1.0204	0.0202	-0.304	0.386	0.189	0.7364	0.4007	-0.1407	0.3988	0.1048	-0.2478	0.1675	-0.0131	-0.419	-0.1243	0.0474	
0.54	1.0204	0.0178	-0.3089	0.4121	0.2195	0.7669	0.4225	-0.1116	0.4088	0.1048	-0.237	0.1712	-0.0131	-0.4026	-0.1243	0.0474	
0.56	1.0205	0.0159	-0.3135	0.4395	0.2503	0.7946	0.4456	-0.0826	0.4184	0.1048	-0.2272	0.1755	-0.0131	-0.3882	-0.1243	0.0474	
0.58	1.0206	0.0146	-0.3179	0.4673	0.2797	0.8191	0.4694	-0.0543	0.4273	0.1048	-0.2187	0.1805	-0.0131	-0.3762	-0.1243	0.0474	
0.6	1.0206	0.0137	-0.3219	0.4942	0.3062	0.8397	0.4934	-0.0275	0.4352	0.1048	-0.2118	0.1866	-0.0131	-0.3668	-0.1243	0.0474	
0.62	1.0206	0.0132	-0.3254	0.519	0.3286	0.8563	0.5171	-0.0028	0.4418	0.1048	-0.2067	0.1941	-0.0131	-0.3602	-0.1243	0.0474	
0.64	1.0206	0.013	-0.3284	0.5404	0.3461	0.8683	0.54	0.0194	0.4468	0.1048	-0.2034	0.203	-0.0131	-0.3563	-0.1243	0.0474	
0.66	1.0205	0.0131	-0.3313	0.5612	0.3603	0.8749	0.5617	0.038	0.4493	0.1048	-0.2027	0.2124	-0.0131	-0.3555	-0.1243	0.0474	
0.68	1.0205	0.0131	-0.3342	0.5819	0.3744	0.8814	0.5835	0.0566	0.4517	0.1048	-0.2019	0.2217	-0.0131	-0.3547	-0.1243	0.0474	
0.7	1.0205	0.0132	-0.3372	0.6027	0.3886	0.888	0.6052	0.0752	0.4542	0.1048	-0.2011	0.2311	-0.0131	-0.354	-0.1243	0.0474	
0.72	1.0205	0.0132	-0.3401	0.6234	0.4028	0.8945	0.6269	0.0939	0.4567	0.1048	-0.2003	0.2404	-0.0131	-0.3532	-0.1243	0.0474	
