0	0.1333	0.2484	0.3205	0.2187	0.2219	-0.1058	0.1117	0.1131	-0.0028	-0.0686	0.0927	-0.0383	0.0967	0.2573	-0.1829	0.0845	
0.02	0.1445	0.2321	0.3278	0.2141	0.2362	-0.0821	0.1192	0.1198	0.0361	-0.0623	0.0895	0.0105	0.0967	0.2578	-0.1549	0.0845	
0.04	0.1558	0.2157	0.3351	0.2095	0.2505	-0.0585	0.1266	0.1265	0.075	-0.0559	0.0864	0.0592	0.0968	0.2583	-0.1269	0.0844	
0.06	0.167	0.1994	0.3424	0.2049	0.2648	-0.0348	0.1341	0.1331	0.1138	-0.0496	0.0832	0.1079	0.0968	0.2587	-0.099	0.0844	
0.08	0.1783	0.183	0.3497	0.2003	0.2792	-0.0111	0.1416	0.1398	0.1527	-0.0432	0.0801	0.1567	0.0969	0.2592	-0.071	0.0843	
0.1	0.1868	0.1663	0.3569	0.1953	0.2932	0.0128	0.1485	0.1466	0.1886	-0.0362	0.0756	0.1986	0.0972	0.2605	-0.0436	0.0844	
0.12	0.194	0.1536	0.3642	0.1892	0.3052	0.031	0.1559	0.1544	0.2193	-0.0278	0.0696	0.2379	0.0979	0.2624	-0.0195	0.0846	
0.14	0.1998	0.1442	0.3713	0.1822	0.3155	0.0444	0.1634	0.1628	0.2451	-0.0182	0.0622	0.274	0.0991	0.2653	0.0013	0.0851	
0.16	0.2038	0.1369	0.3783	0.1745	0.3247	0.0546	0.1709	0.1716	0.2669	-0.0078	0.0535	0.3059	0.1012	0.2693	0.0195	0.086	
0.18	0.2058	0.1303	0.3851	0.1666	0.3333	0.0632	0.178	0.1805	0.2857	0.003	0.0439	0.3334	0.1041	0.2751	0.0361	0.0873	
0.2	0.2063	0.1236	0.3917	0.1588	0.342	0.0711	0.1847	0.1891	0.303	0.0139	0.0338	0.3573	0.1079	0.2832	0.0526	0.089	
0.22	0.206	0.1164	0.398	0.1518	0.3509	0.079	0.191	0.1973	0.3197	0.0246	0.0241	0.3791	0.1126	0.2942	0.0705	0.0914	
0.24	0.2055	0.109	0.404	0.1458	0.3603	0.0871	0.1971	0.205	0.3368	0.0351	0.016	0.4006	0.1183	0.3083	0.0913	0.0947	
0.26	0.2052	0.1015	0.4096	0.1411	0.3701	0.0959	0.203	0.2122	0.3547	0.0455	0.0106	0.4233	0.1252	0.3253	0.1161	0.0997	
0.28	0.2052	0.0945	0.4155	0.1381	0.3805	0.1058	0.2088	0.219	0.3737	0.056	0.0087	0.4479	0.1341	0.3446	0.1451	0.1071	
0.3	0.2054	0.0881	0.4223	0.1367	0.3915	0.1181	0.2148	0.2255	0.3943	0.0671	0.011	0.475	0.146	0.3657	0.1782	0.1178	
0.32	0.2055	0.0826	0.4308	0.1375	0.4033	0.1336	0.2216	0.2317	0.4169	0.0793	0.0173	0.5046	0.1619	0.3877	0.215	0.1325	
0.34	0.2056	0.078	0.4421	0.1406	0.416	0.1534	0.2305	0.2378	0.4418	0.0932	0.0269	0.5364	0.183	0.4098	0.2547	0.1522	
0.36	0.2056	0.0742	0.4566	0.1463	0.4295	0.1783	0.2429	0.2438	0.4691	0.1096	0.0387	0.5702	0.2104	0.4311	0.2966	0.1775	
0.38	0.2055	0.0714	0.4744	0.1548	0.444	0.2086	0.2606	0.2497	0.4983	0.1295	0.0517	0.6053	0.2448	0.4505	0.3396	0.2089	
0.4	0.2055	0.0695	0.4952	0.1662	0.4594	0.2443	0.2843	0.2556	0.5293	0.1538	0.0648	0.6409	0.2863	0.4668	0.3824	0.2464	
0.42	0.2054	0.0685	0.5183	0.1808	0.4755	0.2844	0.314	0.2613	0.5613	0.1828	0.077	0.6762	0.3344	0.4794	0.4236	0.2892	
0.44	0.2055	0.0681	0.5426	0.199	0.4923	0.3274	0.3487	0.2671	0.5936	0.2166	0.0875	0.71	0.3878	0.4879	0.4624	0.3358	
0.46	0.2055	0.0681	0.5671	0.2212	0.5095	0.3713	0.3869	0.2727	0.6253	0.2543	0.0958	0.7412	0.4446	0.4925	0.4985	0.3845	
0.48	0.2055	0.0682	0.5902	0.2476	0.5269	0.4143	0.4273	0.2783	0.655	0.2946	0.1015	0.7686	0.5022	0.4935	0.5323	0.4336	
0.5	0.2055	0.0684	0.6107	0.278	0.544	0.4547	0.4687	0.2839	0.6815	0.3359	0.1047	0.7915	0.5583	0.4916	0.5641	0.482	
0.52	0.2055	0.0684	0.6277	0.3117	0.5602	0.4917	0.5101	0.2895	0.7039	0.3765	0.1059	0.8093	0.6105	0.487	0.5943	0.5284	
0.54	0.2055	0.0683	0.6407	0.3479	0.5749	0.5244	0.5502	0.2951	0.7218	0.4152	0.1059	0.8225	0.657	0.4799	0.6225	0.5719	
0.56	0.2055	0.0683	0.6498	0.3859	0.5876	0.5525	0.5874	0.3006	0.7353	0.4504	0.1055	0.8315	0.6966	0.4704	0.6482	0.6116	
0.58	0.2055	0.0683	0.6554	0.425	0.5983	0.5757	0.6208	0.3062	0.7447	0.4812	0.1051	0.8373	0.7291	0.4589	0.6707	0.6469	
0.6	0.2055	0.0683	0.6584	0.4648	0.6069	0.5942	0.6495	0.3118	0.7506	0.5069	0.1051	0.8405	0.7549	0.4458	0.6897	0.6779	
0.62	0.2055	0.0683	0.6595	0.5046	0.6134	0.6085	0.674	0.3173	0.7538	0.5273	0.1052	0.8419	0.7756	0.4317	0.7049	0.7052	
0.64	0.2055	0.0683	0.6597	0.5433	0.6181	0.6195	0.6947	0.3229	0.755	0.543	0.1053	0.8422	0.7924	0.4176	0.7165	0.7294	
0.66	0.2055	0.0683	0.6594	0.5796	0.6211	0.628	0.7126	0.3284	0.7551	0.5552	0.1054	0.842	0.8068	0.4042	0.7246	0.7512	
0.68	0.2055	0.0683	0.6592	0.6125	0.6227	0.6345	0.728	0.3339	0.7548	0.5651	0.1054	0.8417	0.8194	0.392	0.7297	0.7707	
0.7	0.2055	0.0683	0.6591	0.6413	0.6232	0.6393	0.7407	0.3395	0.7545	0.5738	0.1053	0.8416	0.8308	0.3813	0.7323	0.7879	
0.72	0.2055	0.0683	0.6592	0.6657	0.6232	0.6426	0.7506	0.345	0.7544	0.5822	0.1053	0.8416	0.8409	0.3725	0.7332	0.8026	
0.74	0.2055	0.0683	0.6593	0.686	0.6231	0.6444	0.7573	0.3505	0.7545	0.5908	0.1053	0.8417	0.8501	0.3656	0.7332	0.8148	
0.76	0.2055	0.0683	0.6593	0.7021	0.6229	0.645	0.7613	0.3559	0.7546	0.5999	0.1053	0.8418	0.8583	0.3609	0.7329	0.8247	
0.78	0.2055	0.0683	0.6593	0.7144	0.6229	0.645	0.7629	0.361	0.7546	0.6096	0.1053	0.8418	0.8653	0.3581	0.7327	0.8326	
0.8	0.2055	0.0683	0.6593	0.7229	0.6229	0.6447	0.7633	0.3658	0.7546	0.62	0.1053	0.8418	0.871	0.357	0.7326	0.8387	
0.82	0.2055	0.0683	0.6593	0.7272	0.623	0.6447	0.763	0.3707	0.7546	0.6308	0.1053	0.8418	0.8746	0.3572	0.7328	0.8436	
0.84	0.2055	0.0683	0.6593	0.7315	0.623	0.6446	0.7627	0.3756	0.7546	0.6416	0.1053	0.8417	0.8783	0.3575	0.7329	0.8485	
0.86	0.2055	0.0683	0.6592	0.7358	0.6231	0.6445	0.7625	0.3806	0.7545	0.6524	0.1053	0.8417	0.8819	0.3577	0.733	0.8535	
0.88	0.2055	0.0683	0.6592	0.7401	0.6231	0.6444	0.7622	0.3855	0.7545	0.6632	0.1053	0.8417	0.8856	0.3579	0.7331	0.8584	
