0	0.6659	0.2925	0.3163	0.5209	0.4009	0.261	0.1344	0.661	0.3894	-0.0262	0.494	0.3825	0.1005	0.5561	0.4499	0.0738	
0.02	0.6617	0.2977	0.3152	0.5121	0.3971	0.2587	0.1318	0.6587	0.3775	-0.0266	0.4919	0.3792	0.1005	0.5533	0.446	0.0692	
0.04	0.6575	0.303	0.3142	0.5034	0.3933	0.2563	0.1291	0.6564	0.3656	-0.027	0.4899	0.376	0.1004	0.5504	0.442	0.0646	
0.06	0.6533	0.3082	0.3131	0.4947	0.3895	0.254	0.1265	0.6541	0.3537	-0.0274	0.4878	0.3728	0.1004	0.5476	0.4381	0.06	
0.08	0.6491	0.3135	0.312	0.486	0.3857	0.2517	0.1238	0.6518	0.3418	-0.0279	0.4858	0.3696	0.1003	0.5447	0.4342	0.0555	
0.1	0.6446	0.3179	0.3106	0.4778	0.3813	0.249	0.1212	0.6489	0.3306	-0.0283	0.4827	0.3659	0.1002	0.541	0.4299	0.0511	
0.12	0.6394	0.3224	0.3088	0.4708	0.376	0.2456	0.1186	0.645	0.3212	-0.0289	0.4784	0.3613	0.1001	0.5363	0.4248	0.0472	
0.14	0.6336	0.3269	0.3066	0.4648	0.3697	0.2415	0.1162	0.6401	0.3132	-0.0297	0.473	0.356	0.0998	0.5304	0.4189	0.0438	
0.16	0.6274	0.3309	0.3039	0.4598	0.3628	0.2368	0.1138	0.6344	0.3066	-0.0305	0.4664	0.3501	0.0995	0.5235	0.4125	0.0408	
0.18	0.6211	0.3345	0.3009	0.4555	0.3552	0.2317	0.1115	0.6279	0.3011	-0.0314	0.4587	0.3437	0.0991	0.5158	0.4057	0.0381	
0.2	0.615	0.3375	0.2976	0.4518	0.3474	0.2262	0.1093	0.6208	0.2963	-0.0325	0.4502	0.3371	0.0986	0.5075	0.3986	0.0356	
0.22	0.6091	0.34	0.2941	0.4485	0.3394	0.2205	0.1072	0.6134	0.292	-0.0336	0.4412	0.3304	0.0981	0.499	0.3915	0.0334	
0.24	0.6038	0.3422	0.2905	0.4454	0.3312	0.2148	0.1053	0.6057	0.2879	-0.0349	0.4321	0.3238	0.0974	0.4905	0.3846	0.0313	
0.26	0.5989	0.3443	0.287	0.4425	0.3231	0.2091	0.1036	0.5981	0.2838	-0.0362	0.4232	0.3173	0.0966	0.4824	0.3778	0.0292	
0.28	0.5946	0.3463	0.2836	0.4396	0.315	0.2036	0.1019	0.5906	0.2797	-0.0376	0.4149	0.311	0.0958	0.4748	0.3713	0.0272	
0.3	0.5907	0.3484	0.2804	0.4367	0.3068	0.1983	0.1004	0.5832	0.2753	-0.0391	0.4073	0.3048	0.0948	0.468	0.365	0.0251	
0.32	0.5873	0.3506	0.2774	0.4338	0.2987	0.1932	0.099	0.576	0.2707	-0.0406	0.4005	0.2988	0.0938	0.4618	0.3589	0.0231	
0.34	0.5841	0.3529	0.2746	0.4308	0.2905	0.1884	0.0976	0.5691	0.2657	-0.0422	0.3945	0.2928	0.0928	0.4563	0.3531	0.021	
0.36	0.5812	0.3553	0.2721	0.4275	0.2825	0.1839	0.0963	0.5624	0.2604	-0.0439	0.3892	0.2868	0.0917	0.4515	0.3473	0.0188	
0.38	0.5785	0.3578	0.2698	0.424	0.2745	0.1795	0.0951	0.5557	0.2546	-0.0456	0.3846	0.2806	0.0905	0.4473	0.3416	0.0166	
0.4	0.5758	0.3605	0.2677	0.4202	0.2667	0.1752	0.0938	0.5488	0.2484	-0.0473	0.3805	0.2743	0.0892	0.4435	0.3358	0.0144	
0.42	0.5731	0.3633	0.2657	0.4162	0.2594	0.171	0.0926	0.5409	0.2418	-0.0491	0.3767	0.2677	0.0879	0.44	0.3298	0.0121	
0.44	0.5705	0.3662	0.2638	0.4118	0.2524	0.1669	0.0915	0.5314	0.2348	-0.051	0.3732	0.2609	0.0866	0.4367	0.3234	0.0098	
0.46	0.5679	0.3693	0.262	0.4072	0.246	0.1626	0.0903	0.5198	0.2275	-0.0528	0.3697	0.2536	0.0852	0.4335	0.3167	0.0074	
0.48	0.5653	0.3724	0.2602	0.4022	0.2401	0.1583	0.0891	0.506	0.2196	-0.0547	0.3664	0.2461	0.0838	0.4303	0.3093	0.005	
0.5	0.5628	0.3756	0.2584	0.397	0.2347	0.1537	0.088	0.4905	0.2111	-0.0566	0.3631	0.238	0.0824	0.4272	0.3011	0.0025	
0.52	0.5604	0.3787	0.2566	0.3915	0.2297	0.1487	0.0868	0.4739	0.2018	-0.0585	0.3598	0.2294	0.081	0.4241	0.2918	-0.0002	
0.54	0.558	0.3817	0.2548	0.3857	0.2251	0.143	0.0857	0.4569	0.1916	-0.0604	0.3566	0.2201	0.0795	0.4211	0.2809	-0.003	
0.56	0.5556	0.3846	0.2531	0.3798	0.2208	0.1366	0.0846	0.4401	0.1808	-0.0623	0.3535	0.2097	0.078	0.4182	0.2683	-0.006	
0.58	0.5534	0.3874	0.2514	0.374	0.2167	0.1294	0.0836	0.424	0.1695	-0.0642	0.3505	0.1984	0.0765	0.4153	0.2536	-0.0094	
0.6	0.5512	0.39	0.2497	0.3685	0.2128	0.1215	0.0825	0.4092	0.158	-0.066	0.3476	0.1861	0.075	0.4125	0.2369	-0.0135	
0.62	0.549	0.3925	0.2481	0.3635	0.2089	0.1132	0.0815	0.3961	0.1466	-0.0679	0.3448	0.1732	0.0735	0.4098	0.2185	-0.0184	
0.64	0.547	0.3948	0.2465	0.3592	0.2052	0.1047	0.0805	0.3852	0.1356	-0.0697	0.342	0.16	0.0721	0.4072	0.199	-0.0245	
0.66	0.545	0.3969	0.2449	0.3556	0.2015	0.0962	0.0795	0.3767	0.1252	-0.0715	0.3394	0.1468	0.0706	0.4047	0.1792	-0.0318	
0.68	0.5431	0.399	0.2434	0.3527	0.1979	0.0879	0.0786	0.3701	0.1156	-0.0733	0.3369	0.1341	0.0691	0.4022	0.1598	-0.0401	
0.7	0.5413	0.4009	0.242	0.3506	0.1944	0.08	0.0777	0.365	0.1069	-0.075	0.3345	0.122	0.0677	0.3998	0.1414	-0.0492	
0.72	0.5395	0.4028	0.2406	0.3493	0.1911	0.0727	0.0768	0.3606	0.0993	-0.0766	0.3321	0.1109	0.0663	0.3976	0.1244	-0.0586	
0.74	0.5378	0.4047	0.2392	0.3485	0.1879	0.0661	0.0759	0.3564	0.0926	-0.0782	0.3299	0.1009	0.0649	0.3954	0.1093	-0.0679	
0.76	0.5363	0.4065	0.2379	0.3483	0.1848	0.0604	0.0751	0.3524	0.0868	-0.0798	0.3279	0.0922	0.0636	0.3933	0.0963	-0.0767	
0.78	0.5348	0.4083	0.2367	0.3483	0.1819	0.0553	0.0742	0.3486	0.0815	-0.0813	0.3259	0.0847	0.0623	0.3914	0.0854	-0.0849	
0.8	0.5334	0.4101	0.2356	0.3484	0.1791	0.0507	0.0735	0.345	0.0766	-0.0827	0.3241	0.0783	0.0611	0.3895	0.0764	-0.092	
0.82	0.5321	0.4118	0.2345	0.3484	0.1766	0.0465	0.0727	0.3419	0.0719	-0.084	0.3224	0.0726	0.0599	0.3877	0.0688	-0.098	
0.84	0.5309	0.4134	0.2335	0.3485	0.1741	0.0425	0.072	0.3391	0.0673	-0.0852	0.3208	0.0675	0.0588	0.3861	0.0623	-0.1026	
0.86	0.5298	0.415	0.2326	0.3484	0.1719	0.0386	0.0713	0.3367	0.063	-0.0864	0.3193	0.0626	0.0577	0.3846	0.0564	-0.1061	
0.88	0.5288	0.4165	0.2318	0.3484	0.1699	0.0349	0.0707	0.3346	0.0589	-0.0874	0.318	0.058	0.0567	0.3832	0.0508	-0.1087	
0.9	0.5279	0.4179	0.231	0.3484	0.1681	0.0314	0.0701	0.3327	0.0551	-0.0884	0.3169	0.0536	0.0558	0.3819	0.0455	-0.1107	
0.92	0.5271	0.4192	0.2304	0.3484	0.1665	0.0282	0.0695	0.3311	0.0516	-0.0892	0.3159	0.0495	0.0549	0.3807	0.0406	-0.1124	
0.94	0.5265	0.4204	0.2298	0.3484	0.1651	0.0252	0.0689	0.3298	0.0484	-0.0899	0.315	0.0457	0.0542	0.3797	0.0361	-0.114	
0.96	0.5259	0.4215	0.2293	0.3484	0.1639	0.0224	0.0684	0.3287	0.0455	-0.0905	0.3143	0.0423	0.0535	0.3787	0.0321	-0.1155	
0.98	0.5255	0.4224	0.2289	0.3484	0.1631	0.02	0.068	0.3279	0.0429	-0.091	0.3137	0.0392	0.0529	0.378	0.0285	-0.117	
1	0.5252	0.4233	0.2287	0.3484	0.1624	0.0177	0.0676	0.3273	0.0406	-0.0914	0.3133	0.0365	0.0524	0.3773	0.0255	-0.1183	
1.02	0.525	0.424	0.2285	0.3484	0.1621	0.0158	0.0672	0.327	0.0387	-0.0916	0.3131	0.0341	0.052	0.3768	0.0228	-0.1194	
1.04	0.525	0.4245	0.2285	0.3484	0.162	0.0141	0.0668	0.3268	0.037	-0.0918	0.3131	0.032	0.0517	0.3765	0.0205	-0.1203	
1.06	0.5251	0.4249	0.2286	0.3484	0.1623	0.0127	0.0665	0.3269	0.0358	-0.0919	0.3132	0.0303	0.0515	0.3764	0.0187	-0.121	
1.08	0.5254	0.4252	0.2288	0.3484	0.1628	0.0116	0.0663	0.3272	0.0348	-0.0919	0.3135	0.029	0.0514	0.3765	0.0172	-0.1217	
1.1	0.5259	0.4253	0.2291	0.3484	0.1637	0.0109	0.0661	0.3277	0.0343	-0.0918	0.3141	0.028	0.0513	0.3768	0.0162	-0.1222	
1.12	0.5266	0.4253	0.2296	0.3484	0.1648	0.0105	0.0659	0.3285	0.034	-0.0917	0.3148	0.0273	0.0513	0.3774	0.0155	-0.1226	
1.14	0.5274	0.4251	0.2301	0.3484	0.1663	0.0104	0.0658	0.3294	0.0342	-0.0916	0.3158	0.0269	0.0514	0.3783	0.0152	-0.1229	
1.16	0.5285	0.4248	0.2309	0.3484	0.168	0.0107	0.0657	0.3306	0.0347	-0.0914	0.317	0.0268	0.0515	0.3796	0.0152	-0.1231	
1.18	0.5297	0.4243	0.2317	0.3484	0.1701	0.0114	0.0657	0.3321	0.0356	-0.0912	0.3184	0.0269	0.0516	0.3812	0.0157	-0.1231	
1.2	0.5312	0.4237	0.2327	0.3484	0.1724	0.0124	0.0658	0.3338	0.0368	-0.0909	0.32	0.0273	0.0518	0.3832	0.0165	-0.123	
1.22	0.5329	0.423	0.2338	0.3484	0.1749	0.0139	0.0659	0.3357	0.0384	-0.0907	0.3219	0.028	0.052	0.3856	0.0178	-0.1228	
1.24	0.5349	0.422	0.2351	0.3484	0.1777	0.0157	0.066	0.3379	0.0404	-0.0903	0.3241	0.0289	0.0523	0.3884	0.0194	-0.1225	
1.26	0.5371	0.421	0.2365	0.3484	0.1807	0.0179	0.0662	0.3404	0.0427	-0.09	0.3265	0.03	0.0525	0.3917	0.0213	-0.1221	
1.28	0.5395	0.4197	0.238	0.3484	0.1839	0.0204	0.0665	0.3431	0.0454	-0.0896	0.3292	0.0313	0.0529	0.3954	0.0237	-0.1215	
1.3	0.5421	0.4182	0.2397	0.3484	0.1873	0.0234	0.0669	0.3462	0.0485	-0.0891	0.3321	0.0329	0.0532	0.3996	0.0265	-0.1206	
1.32	0.545	0.4164	0.2416	0.3484	0.1909	0.0266	0.0673	0.3497	0.0521	-0.0886	0.3353	0.0348	0.0536	0.4043	0.0301	-0.1195	
1.34	0.5483	0.4144	0.2436	0.3484	0.1946	0.0302	0.0677	0.3535	0.0562	-0.0881	0.3387	0.0372	0.054	0.4094	0.0345	-0.118	
1.36	0.5518	0.4123	0.2457	0.3484	0.1985	0.0342	0.0683	0.3576	0.0606	-0.0875	0.3425	0.0401	0.0545	0.4151	0.0398	-0.1163	
1.38	0.5557	0.4102	0.248	0.3484	0.2025	0.0384	0.0689	0.3619	0.0654	-0.0868	0.3466	0.0432	0.055	0.4212	0.0457	-0.1146	
1.4	0.5598	0.4078	0.2504	0.3484	0.2066	0.0429	0.0695	0.3663	0.0702	-0.0861	0.3511	0.0463	0.0556	0.4279	0.0516	-0.1128	
1.42	0.5642	0.4051	0.2529	0.3484	0.2109	0.0477	0.0703	0.3712	0.0754	-0.0854	0.3558	0.0495	0.0562	0.4353	0.0573	-0.1108	
1.44	0.5687	0.4015	0.2556	0.3484	0.2152	0.0527	0.071	0.377	0.0814	-0.0846	0.3608	0.053	0.0568	0.4433	0.0633	-0.1081	
1.46	0.5734	0.3966	0.2586	0.3484	0.2195	0.058	0.0719	0.3845	0.0891	-0.0838	0.3658	0.0577	0.0575	0.452	0.0713	-0.1036	
1.48	0.5786	0.3901	0.2622	0.3484	0.224	0.0636	0.0728	0.3947	0.0996	-0.0828	0.3711	0.0648	0.0582	0.4612	0.084	-0.0964	
1.5	0.5849	0.3817	0.2666	0.3484	0.2284	0.0698	0.0738	0.4084	0.1134	-0.0819	0.3769	0.0753	0.059	0.4707	0.1041	-0.0855	
1.52	0.5927	0.3716	0.2721	0.3484	0.2329	0.0766	0.0748	0.4261	0.1307	-0.0809	0.384	0.0897	0.0598	0.4806	0.1335	-0.071	
1.54	0.6028	0.3601	0.2785	0.3484	0.2374	0.0843	0.0759	0.4478	0.1509	-0.0798	0.3927	0.1079	0.0607	0.4911	0.1717	-0.0533	
1.56	0.6154	0.3477	0.2858	0.3484	0.242	0.0931	0.0771	0.4729	0.1731	-0.0786	0.4033	0.1291	0.0616	0.503	0.217	-0.0332	
1.58	0.631	0.3347	0.294	0.3484	0.2468	0.1031	0.0783	0.5007	0.1965	-0.0774	0.4157	0.1528	0.0626	0.5172	0.2669	-0.0116	
1.6	0.6498	0.3219	0.3027	0.3484	0.2517	0.1143	0.0796	0.5297	0.2203	-0.0762	0.4295	0.1783	0.0636	0.5347	0.3189	0.0103	
1.62	0.672	0.3098	0.3118	0.3484	0.2569	0.1268	0.081	0.5584	0.2437	-0.0748	0.4443	0.2054	0.0647	0.556	0.3712	0.0319	
1.64	0.6976	0.2989	0.3209	0.3484	0.2623	0.1403	0.0824	0.5856	0.2658	-0.0734	0.4596	0.2335	0.0658	0.5815	0.4214	0.052	
1.66	0.726	0.2896	0.3298	0.3484	0.2679	0.1545	0.0839	0.6099	0.2856	-0.072	0.475	0.2618	0.067	0.6109	0.467	0.0697	
1.68	0.7563	0.2822	0.338	0.3484	0.2739	0.1692	0.0855	0.6305	0.3025	-0.0705	0.49	0.2897	0.0682	0.6443	0.5052	0.0843	
1.7	0.7874	0.2763	0.3455	0.3484	0.2801	0.1843	0.0871	0.647	0.3165	-0.0688	0.504	0.3166	0.0695	0.6815	0.5342	0.0957	
1.72	0.8182	0.2717	0.3521	0.3484	0.2866	0.2002	0.0888	0.6593	0.3283	-0.0672	0.5164	0.3426	0.0709	0.7218	0.554	0.1041	
1.74	0.8481	0.2678	0.3578	0.3484	0.2932	0.2174	0.0905	0.6679	0.3392	-0.0654	0.527	0.3679	0.0723	0.7641	0.5663	0.1103	
1.76	0.8767	0.2642	0.363	0.3484	0.3	0.2363	0.0923	0.674	0.3503	-0.0636	0.5357	0.393	0.0737	0.8068	0.5737	0.1151	
1.78	0.9038	0.2604	0.3676	0.3484	0.3069	0.2571	0.0943	0.6784	0.3627	-0.0617	0.543	0.4181	0.0752	0.8481	0.5788	0.1191	
1.8	0.9292	0.2562	0.372	0.3484	0.3137	0.2794	0.0967	0.6821	0.3769	-0.0598	0.5496	0.4427	0.0768	0.8867	0.5829	0.1222	
1.82	0.9528	0.2517	0.3761	0.3484	0.3205	0.3028	0.0996	0.6859	0.3929	-0.0577	0.5558	0.4665	0.0784	0.9222	0.5863	0.1244	
1.84	0.9747	0.2469	0.3802	0.3484	0.3273	0.3264	0.103	0.6899	0.4107	-0.0556	0.5621	0.4888	0.0802	0.9545	0.5886	0.1253	
1.86	0.9949	0.2421	0.3842	0.3484	0.3339	0.3499	0.1071	0.6942	0.4301	-0.0533	0.5687	0.5092	0.082	0.9841	0.5893	0.1248	
1.88	1.014	0.2374	0.3882	0.3484	0.3404	0.3726	0.1118	0.6989	0.4507	-0.0509	0.5756	0.5273	0.0838	1.0112	0.588	0.1228	
1.9	1.0321	0.2331	0.3923	0.3484	0.3467	0.3939	0.1171	0.7039	0.472	-0.0485	0.5827	0.5435	0.0857	1.0361	0.5847	0.1193	
1.92	1.0496	0.2293	0.3965	0.3484	0.353	0.4132	0.1228	0.7091	0.4937	-0.0461	0.5901	0.5579	0.0875	1.0592	0.5793	0.1146	
1.94	1.0671	0.2261	0.4008	0.3484	0.3591	0.4301	0.1288	0.7148	0.5154	-0.0439	0.5978	0.5712	0.0894	1.0811	0.5722	0.1089	
1.96	1.0852	0.2235	0.405	0.3484	0.3652	0.4448	0.1352	0.7209	0.5369	-0.0415	0.6058	0.5842	0.0915	1.1029	0.5636	0.1024	
1.98	1.1041	0.2216	0.4091	0.3484	0.3713	0.4584	0.1419	0.7273	0.558	-0.0385	0.6142	0.5976	0.0941	1.1259	0.5541	0.0957	
2	1.1242	0.2204	0.4129	0.3484	0.3774	0.4724	0.1492	0.7341	0.579	-0.0345	0.6229	0.6122	0.0975	1.1512	0.5443	0.089	
2.02	1.1448	0.2197	0.4164	0.3484	0.3834	0.4883	0.1571	0.741	0.6001	-0.0291	0.6319	0.6286	0.1019	1.179	0.5346	0.0829	
2.04	1.1655	0.2195	0.4193	0.3484	0.3891	0.5067	0.1656	0.7478	0.6213	-0.0222	0.641	0.6466	0.1072	1.2085	0.5257	0.0774	
2.06	1.1852	0.2195	0.4217	0.3484	0.3944	0.5273	0.1748	0.7541	0.6427	-0.0144	0.6497	0.6656	0.1132	1.238	0.5179	0.0727	
2.08	1.2033	0.2196	0.4236	0.3484	0.3991	0.5491	0.1843	0.7598	0.6641	-0.0062	0.6577	0.6847	0.1193	1.2657	0.5114	0.0688	
2.1	1.219	0.2196	0.425	0.3484	0.4031	0.571	0.1941	0.7647	0.6853	0.0022	0.6649	0.7033	0.1254	1.2907	0.5063	0.0659	
2.12	1.2354	0.2196	0.4259	0.3484	0.407	0.597	0.2052	0.7696	0.7079	0.0129	0.6724	0.7248	0.133	1.319	0.5032	0.0641	
2.14	1.2519	0.2196	0.4267	0.3484	0.4109	0.623	0.2162	0.7746	0.7305	0.0236	0.6799	0.7463	0.1406	1.3473	0.5001	0.0623	
2.16	1.2683	0.2196	0.4275	0.3484	0.4149	0.6489	0.2273	0.7795	0.7531	0.0343	0.6874	0.7678	0.1482	1.3756	0.497	0.0605	
2.18	1.2847	0.2196	0.4283	0.3484	0.4188	0.6749	0.2384	0.7845	0.7758	0.045	0.695	0.7893	0.1558	1.404	0.4939	0.0587	
