0	-0.0373	0.6424	0.4896	-0.2029	0.2309	0.1157	0.1455	0.3286	0.2067	0.0113	0.2941	0.0475	-0.0306	0.3284	-0.224	0.0047	
0.02	-0.0381	0.6424	0.4896	-0.2029	0.2303	0.1155	0.1455	0.3213	0.2067	0.0113	0.2941	0.0474	-0.0267	0.3284	-0.224	0.0047	
0.04	-0.039	0.6424	0.4896	-0.2029	0.2298	0.1152	0.1455	0.314	0.2067	0.0112	0.2941	0.0474	-0.0228	0.3284	-0.224	0.0047	
0.06	-0.0398	0.6424	0.4896	-0.2029	0.2292	0.115	0.1455	0.3067	0.2066	0.0112	0.2941	0.0474	-0.0189	0.3284	-0.224	0.0047	
0.08	-0.0407	0.6424	0.4896	-0.2029	0.2286	0.1148	0.1455	0.2993	0.2066	0.0112	0.2941	0.0474	-0.015	0.3284	-0.224	0.0047	
0.1	-0.0416	0.6424	0.4896	-0.2029	0.2278	0.1143	0.1455	0.2924	0.2064	0.0112	0.2941	0.0472	-0.0095	0.3284	-0.224	0.0047	
0.12	-0.0428	0.6424	0.4896	-0.2029	0.2265	0.1135	0.1455	0.2847	0.206	0.0113	0.2941	0.0468	-0.0025	0.3284	-0.224	0.0047	
0.14	-0.0443	0.6424	0.4896	-0.2029	0.2249	0.1125	0.1455	0.2765	0.2053	0.0114	0.2941	0.0461	0.0061	0.3284	-0.224	0.0047	
0.16	-0.0459	0.6424	0.4896	-0.2029	0.2228	0.1111	0.1455	0.2683	0.2042	0.0116	0.2941	0.0451	0.0158	0.3284	-0.224	0.0047	
0.18	-0.0478	0.6424	0.4896	-0.2029	0.2203	0.1094	0.1455	0.2604	0.2027	0.0121	0.2941	0.0437	0.0264	0.3284	-0.224	0.0047	
0.2	-0.0499	0.6424	0.4896	-0.2029	0.2174	0.1073	0.1455	0.2531	0.2008	0.0127	0.2941	0.0418	0.0376	0.3284	-0.224	0.0047	
0.22	-0.0521	0.6424	0.4896	-0.2029	0.2141	0.1049	0.1455	0.2467	0.1983	0.0136	0.2941	0.0395	0.0489	0.3284	-0.224	0.0047	
0.24	-0.0545	0.6424	0.4896	-0.2029	0.2105	0.1022	0.1455	0.241	0.1953	0.0148	0.2939	0.0367	0.0599	0.3284	-0.224	0.0047	
0.26	-0.057	0.6424	0.4896	-0.2029	0.2067	0.0992	0.1455	0.236	0.1919	0.0164	0.2937	0.0335	0.0705	0.3284	-0.224	0.0047	
0.28	-0.0597	0.6424	0.4896	-0.2029	0.2026	0.096	0.1455	0.2315	0.1881	0.0183	0.2932	0.0298	0.0803	0.3284	-0.224	0.0047	
0.3	-0.0625	0.6424	0.4896	-0.2029	0.1985	0.0927	0.1455	0.2273	0.1839	0.0205	0.2925	0.0259	0.0896	0.3284	-0.224	0.0047	
0.32	-0.0654	0.6424	0.4896	-0.2029	0.1943	0.0893	0.1455	0.2232	0.1796	0.023	0.2915	0.0218	0.0984	0.3284	-0.224	0.0047	
0.34	-0.0683	0.6424	0.4896	-0.2029	0.19	0.0859	0.1455	0.2192	0.1751	0.0259	0.2901	0.0175	0.1068	0.3284	-0.224	0.0047	
0.36	-0.0714	0.6424	0.4896	-0.2029	0.1859	0.0825	0.1455	0.2155	0.1705	0.0289	0.2885	0.0132	0.1149	0.3284	-0.224	0.0047	
0.38	-0.0745	0.6424	0.4895	-0.2029	0.1819	0.0792	0.1455	0.2119	0.166	0.0322	0.2864	0.009	0.1228	0.3284	-0.224	0.0047	
0.4	-0.0776	0.6424	0.4894	-0.2029	0.178	0.076	0.1455	0.2086	0.1616	0.0356	0.284	0.0048	0.1305	0.3282	-0.2239	0.0047	
0.42	-0.0808	0.6424	0.4892	-0.2029	0.1744	0.0731	0.1455	0.2056	0.1575	0.0392	0.2813	0.0009	0.1377	0.328	-0.2237	0.0047	
0.44	-0.0839	0.6424	0.4888	-0.2029	0.1711	0.0703	0.1455	0.2029	0.1537	0.0428	0.2783	-0.0027	0.1443	0.3275	-0.2234	0.0047	
0.46	-0.0871	0.6424	0.4884	-0.2029	0.1682	0.0679	0.1455	0.2006	0.1502	0.0465	0.2751	-0.006	0.1504	0.3269	-0.2229	0.0047	
0.48	-0.0902	0.6424	0.4877	-0.2029	0.1657	0.0658	0.1454	0.1985	0.1473	0.0503	0.2717	-0.0088	0.1557	0.3259	-0.2222	0.0047	
0.5	-0.0933	0.6424	0.4869	-0.2029	0.1637	0.0641	0.1453	0.1968	0.1448	0.054	0.2682	-0.0111	0.1601	0.3246	-0.2212	0.0047	
0.52	-0.0963	0.6424	0.4858	-0.2029	0.1621	0.0628	0.1451	0.1954	0.143	0.0577	0.2646	-0.0128	0.1637	0.323	-0.2199	0.0047	
0.54	-0.0991	0.6424	0.4845	-0.203	0.1611	0.062	0.1447	0.1944	0.1417	0.0612	0.261	-0.014	0.1664	0.3211	-0.2183	0.0047	
0.56	-0.1019	0.6424	0.483	-0.2031	0.1606	0.0615	0.1442	0.1937	0.1411	0.0647	0.2575	-0.0146	0.1682	0.3188	-0.2164	0.0047	
0.58	-0.1045	0.6424	0.4812	-0.2032	0.1605	0.0615	0.1436	0.1934	0.141	0.068	0.2539	-0.0146	0.169	0.3162	-0.2142	0.0047	
0.6	-0.1069	0.6424	0.4792	-0.2034	0.161	0.062	0.1427	0.1935	0.1415	0.0711	0.2505	-0.0141	0.1688	0.3133	-0.2116	0.0048	
0.62	-0.1092	0.6424	0.4769	-0.2038	0.1619	0.0628	0.1417	0.1939	0.1426	0.0739	0.2473	-0.0131	0.1678	0.3103	-0.2088	0.0048	
0.64	-0.1114	0.6424	0.4745	-0.2043	0.1633	0.064	0.1405	0.1946	0.1441	0.0765	0.2443	-0.0115	0.166	0.3071	-0.2056	0.005	
0.66	-0.1133	0.6424	0.4718	-0.2049	0.1651	0.0655	0.1391	0.1956	0.1461	0.0788	0.2415	-0.0094	0.1633	0.3037	-0.2022	0.0051	
0.68	-0.1152	0.6424	0.4689	-0.2056	0.1673	0.0674	0.1375	0.1969	0.1486	0.0808	0.239	-0.0069	0.1601	0.3003	-0.1985	0.0053	
0.7	-0.1171	0.6424	0.4658	-0.2065	0.1699	0.0697	0.1358	0.1985	0.1515	0.0823	0.2369	-0.0039	0.1562	0.2969	-0.1945	0.0056	
0.72	-0.1189	0.6424	0.4624	-0.2076	0.1728	0.0723	0.134	0.2004	0.1547	0.0834	0.2353	-0.0007	0.1518	0.2935	-0.1903	0.006	
0.74	-0.1208	0.6424	0.4588	-0.2088	0.1762	0.0752	0.1321	0.2027	0.1583	0.0839	0.2341	0.003	0.1469	0.2901	-0.1859	0.0065	
0.76	-0.1228	0.6424	0.4549	-0.2101	0.18	0.0785	0.1301	0.2053	0.1622	0.0838	0.2334	0.007	0.1417	0.2869	-0.1812	0.0071	
0.78	-0.1247	0.6424	0.4509	-0.2116	0.1842	0.0821	0.128	0.2082	0.1664	0.0831	0.2334	0.0119	0.1362	0.2839	-0.1763	0.0078	
0.8	-0.1268	0.6424	0.4468	-0.2131	0.1889	0.086	0.1259	0.2113	0.1712	0.0817	0.234	0.018	0.1305	0.281	-0.1712	0.0086	
0.82	-0.1291	0.6424	0.4424	-0.2149	0.1939	0.0903	0.1237	0.2147	0.1767	0.0796	0.2354	0.0255	0.1246	0.2782	-0.1659	0.0096	
0.84	-0.1317	0.6424	0.4377	-0.2167	0.1991	0.0947	0.1215	0.2184	0.1831	0.0768	0.2376	0.0348	0.1186	0.2758	-0.1604	0.0106	
0.86	-0.1348	0.6424	0.4324	-0.2186	0.2047	0.0995	0.1193	0.2227	0.1906	0.0733	0.2406	0.0459	0.1127	0.2738	-0.1547	0.0119	
0.88	-0.1386	0.6424	0.4262	-0.2207	0.2106	0.1048	0.1171	0.228	0.1993	0.0693	0.2444	0.0584	0.1068	0.2727	-0.1489	0.0132	
0.9	-0.1427	0.6424	0.4188	-0.2228	0.2173	0.111	0.115	0.2346	0.209	0.0648	0.2489	0.0722	0.101	0.2728	-0.1429	0.0148	
0.92	-0.1467	0.6424	0.41	-0.225	0.2252	0.1182	0.1129	0.2428	0.2198	0.0597	0.2541	0.0869	0.0954	0.2746	-0.1367	0.0165	
0.94	-0.1504	0.6424	0.3998	-0.2273	0.2348	0.127	0.1109	0.2529	0.2315	0.0544	0.2599	0.1021	0.0902	0.2784	-0.13	0.0184	
0.96	-0.1541	0.6424	0.3882	-0.2297	0.2461	0.1375	0.109	0.265	0.2442	0.0488	0.2665	0.1174	0.0853	0.2842	-0.1228	0.0205	
0.98	-0.1592	0.6424	0.3751	-0.2322	0.2594	0.15	0.1072	0.2791	0.2578	0.0431	0.2741	0.1321	0.0808	0.2923	-0.1148	0.0227	
1	-0.1678	0.6424	0.3609	-0.2347	0.2745	0.1645	0.1054	0.2951	0.2723	0.0373	0.2831	0.1462	0.0769	0.3025	-0.1058	0.0251	
1.02	-0.1823	0.6424	0.3458	-0.2373	0.291	0.1811	0.1038	0.3128	0.2877	0.0315	0.2937	0.1598	0.0735	0.3149	-0.0959	0.0276	
1.04	-0.2042	0.6424	0.3304	-0.24	0.3087	0.1998	0.1023	0.332	0.3043	0.0259	0.3063	0.1736	0.0707	0.3292	-0.0851	0.0304	
1.06	-0.2332	0.6424	0.3153	-0.2427	0.3273	0.2206	0.101	0.3524	0.3228	0.0205	0.3208	0.1887	0.0687	0.3456	-0.0735	0.0335	
1.08	-0.2677	0.6424	0.3013	-0.2455	0.3465	0.2436	0.1001	0.3738	0.3438	0.0154	0.3375	0.206	0.0674	0.364	-0.0608	0.037	
1.1	-0.3052	0.6424	0.289	-0.2483	0.3663	0.2694	0.0995	0.3961	0.3683	0.0106	0.3566	0.2264	0.0673	0.3847	-0.0463	0.0407	
1.12	-0.3436	0.6424	0.2787	-0.251	0.3866	0.2987	0.0993	0.4198	0.3968	0.0063	0.3786	0.2507	0.0685	0.4079	-0.0289	0.0445	
1.14	-0.3812	0.6424	0.2704	-0.2535	0.4079	0.3326	0.0994	0.4451	0.4295	0.0029	0.4036	0.2798	0.0712	0.4336	-0.0074	0.0482	
1.16	-0.4162	0.6424	0.2641	-0.2558	0.4304	0.3721	0.1	0.4727	0.4662	0.0007	0.4316	0.3148	0.0752	0.4614	0.019	0.0518	
1.18	-0.4468	0.6424	0.2596	-0.2578	0.4546	0.4182	0.1015	0.5031	0.5072	0.0002	0.4622	0.3567	0.0803	0.4908	0.051	0.0559	
1.2	-0.471	0.6424	0.2566	-0.2594	0.4806	0.4717	0.1048	0.5367	0.5529	0.0024	0.4946	0.4059	0.0865	0.521	0.0887	0.0613	
1.22	-0.4873	0.6424	0.255	-0.2607	0.5085	0.533	0.1113	0.5732	0.6045	0.0084	0.528	0.4625	0.0944	0.5513	0.1326	0.0693	
1.24	-0.496	0.6424	0.2544	-0.2616	0.5384	0.6022	0.1226	0.6123	0.6628	0.0197	0.5615	0.526	0.1054	0.5809	0.1832	0.081	
1.26	-0.4987	0.6424	0.2544	-0.2622	0.57	0.6782	0.1399	0.6526	0.7277	0.0377	0.5945	0.5955	0.1214	0.6088	0.2407	0.0971	
1.28	-0.4981	0.6424	0.2546	-0.2625	0.6031	0.7592	0.1637	0.6929	0.7979	0.0634	0.6262	0.67	0.1447	0.6342	0.3049	0.1177	
1.3	-0.4965	0.6424	0.2548	-0.2626	0.6368	0.8425	0.1945	0.7317	0.8715	0.0968	0.6559	0.748	0.1768	0.6567	0.3745	0.1424	
1.32	-0.4956	0.6424	0.2548	-0.2626	0.6702	0.9255	0.2323	0.7679	0.9466	0.1371	0.683	0.828	0.2177	0.676	0.4475	0.1708	
1.34	-0.4955	0.6424	0.2548	-0.2626	0.7025	1.0058	0.2765	0.801	1.0217	0.1826	0.707	0.9077	0.2665	0.6926	0.5218	0.2022	
1.36	-0.4959	0.6424	0.2547	-0.2626	0.7332	1.0813	0.3261	0.831	1.0953	0.2318	0.728	0.9851	0.3215	0.7074	0.5954	0.2357	
1.38	-0.4964	0.6424	0.2547	-0.2626	0.7624	1.1502	0.3792	0.8586	1.1655	0.2827	0.7466	1.0585	0.3802	0.7219	0.6668	0.2697	
1.4	-0.4966	0.6424	0.2547	-0.2626	0.7908	1.2108	0.4328	0.8844	1.2297	0.3337	0.7642	1.1264	0.44	0.7373	0.7343	0.302	
1.42	-0.4966	0.6424	0.2547	-0.2626	0.8192	1.2624	0.4842	0.9094	1.2858	0.3823	0.7824	1.1874	0.4978	0.7548	0.7965	0.3304	
1.44	-0.4964	0.6424	0.2547	-0.2626	0.8484	1.3049	0.5314	0.9342	1.3327	0.4263	0.8027	1.2407	0.5503	0.7752	0.8521	0.3527	
1.46	-0.4963	0.6424	0.2547	-0.2626	0.8788	1.3393	0.5731	0.9596	1.3708	0.4638	0.826	1.2857	0.5948	0.7987	0.9005	0.368	
1.48	-0.4962	0.6424	0.2547	-0.2626	0.9106	1.367	0.6089	0.9861	1.4013	0.4938	0.8519	1.3224	0.6294	0.8255	0.9422	0.3766	
1.5	-0.4962	0.6424	0.2547	-0.2626	0.9432	1.3894	0.6386	1.0145	1.4258	0.5167	0.8793	1.3514	0.654	0.8555	0.9784	0.38	
1.52	-0.4963	0.6424	0.2547	-0.2626	0.9762	1.4074	0.6621	1.045	1.4454	0.5336	0.9067	1.3736	0.6697	0.8886	1.0108	0.3797	
1.54	-0.4963	0.6424	0.2547	-0.2626	1.0091	1.4219	0.6796	1.0775	1.4612	0.5456	0.9328	1.3897	0.6785	0.9246	1.0411	0.3768	
1.56	-0.4963	0.6424	0.2547	-0.2626	1.0456	1.434	0.6929	1.1102	1.4744	0.5537	0.9636	1.401	0.6812	0.9629	1.0676	0.3681	
1.58	-0.4963	0.6424	0.2547	-0.2626	1.0821	1.4461	0.7061	1.1429	1.4876	0.5617	0.9945	1.4123	0.684	1.0013	1.0941	0.3594	
1.6	-0.4963	0.6424	0.2547	-0.2626	1.1185	1.4581	0.7194	1.1756	1.5008	0.5697	1.0253	1.4236	0.6868	1.0396	1.1205	0.3508	
1.62	-0.4963	0.6424	0.2547	-0.2626	1.155	1.4702	0.7327	1.2083	1.514	0.5777	1.0561	1.4348	0.6895	1.0779	1.147	0.3421	
