0	0.5789	0.4608	0.1936	0.307	0.1599	0.0773	0.0417	0.3614	0.2644	-0.0921	0.32	0.1993	0.0265	0.3258	0.1151	-0.1698	
0.02	0.5772	0.449	0.1936	0.307	0.1604	0.1229	0.0484	0.4033	0.2945	-0.0921	0.3668	0.2198	0.0265	0.3934	0.1223	-0.1623	
0.04	0.5755	0.4371	0.1936	0.307	0.1609	0.1684	0.0551	0.4453	0.3246	-0.0921	0.4135	0.2403	0.0265	0.461	0.1296	-0.1549	
0.06	0.5739	0.4253	0.1936	0.307	0.1614	0.214	0.0618	0.4872	0.3547	-0.0921	0.4602	0.2607	0.0265	0.5286	0.1368	-0.1474	
0.08	0.5722	0.4134	0.1936	0.307	0.1619	0.2596	0.0685	0.5292	0.3848	-0.0921	0.5069	0.2812	0.0265	0.5962	0.1441	-0.1399	
0.1	0.5697	0.4022	0.1936	0.307	0.1634	0.3018	0.0751	0.5713	0.4159	-0.0921	0.5599	0.3009	0.0265	0.6759	0.1519	-0.1323	
0.12	0.5664	0.3926	0.1936	0.307	0.1659	0.343	0.0828	0.6154	0.4459	-0.0921	0.6238	0.3221	0.0265	0.7712	0.1612	-0.1267	
0.14	0.5621	0.3846	0.1936	0.3072	0.1696	0.3831	0.0914	0.6615	0.4756	-0.0921	0.6963	0.3446	0.0265	0.8789	0.1715	-0.1226	
0.16	0.557	0.3778	0.1936	0.3075	0.1746	0.4219	0.1005	0.7087	0.5056	-0.0921	0.774	0.3679	0.0265	0.9935	0.1826	-0.1196	
0.18	0.5512	0.372	0.1936	0.3081	0.1813	0.4596	0.1097	0.7561	0.5362	-0.0921	0.8529	0.3915	0.0265	1.1096	0.1938	-0.117	
0.2	0.5448	0.3668	0.1938	0.3089	0.1896	0.4962	0.1184	0.8023	0.5673	-0.0921	0.9295	0.4153	0.0265	1.2217	0.2047	-0.1145	
0.22	0.5382	0.3621	0.1941	0.31	0.1999	0.532	0.1264	0.8467	0.5981	-0.0921	1.001	0.4393	0.0265	1.3254	0.2149	-0.1119	
0.24	0.5318	0.3578	0.1945	0.3116	0.212	0.5673	0.1333	0.8889	0.6282	-0.0921	1.0655	0.4635	0.0265	1.4174	0.2242	-0.1091	
0.26	0.526	0.3536	0.1953	0.3136	0.2262	0.6024	0.1392	0.9289	0.6568	-0.0921	1.1221	0.4878	0.0265	1.4953	0.2326	-0.1063	
0.28	0.521	0.3496	0.1963	0.316	0.2423	0.6375	0.144	0.9666	0.6836	-0.0921	1.1706	0.5119	0.0265	1.5582	0.2404	-0.1035	
0.3	0.5171	0.3457	0.1977	0.3189	0.2606	0.6726	0.1477	1.0021	0.708	-0.0921	1.212	0.5357	0.0265	1.6067	0.2484	-0.1006	
0.32	0.5146	0.3418	0.1995	0.3221	0.2812	0.7069	0.1501	1.0351	0.7297	-0.0921	1.2477	0.559	0.0265	1.6431	0.2575	-0.0977	
0.34	0.5136	0.3379	0.2016	0.3258	0.3045	0.7398	0.1515	1.0659	0.7487	-0.0921	1.28	0.5822	0.0265	1.6705	0.2688	-0.0948	
0.36	0.514	0.3339	0.2041	0.3297	0.3309	0.7703	0.152	1.0949	0.7654	-0.0921	1.3109	0.6055	0.0265	1.692	0.2829	-0.0919	
0.38	0.516	0.3297	0.207	0.3339	0.3605	0.7978	0.152	1.1228	0.7803	-0.0921	1.3417	0.6292	0.0265	1.7102	0.3001	-0.0892	
0.4	0.5193	0.3253	0.2101	0.3383	0.3928	0.8221	0.1519	1.1501	0.7942	-0.0921	1.3729	0.653	0.0265	1.7263	0.3208	-0.0866	
0.42	0.5239	0.3206	0.2135	0.3429	0.427	0.8433	0.1517	1.177	0.8073	-0.0921	1.4043	0.6768	0.0265	1.7409	0.3449	-0.0842	
0.44	0.5295	0.3157	0.2171	0.3476	0.4618	0.862	0.1517	1.2032	0.8201	-0.0921	1.4351	0.7007	0.0265	1.7536	0.3727	-0.082	
0.46	0.536	0.3104	0.2208	0.3526	0.4963	0.8789	0.1517	1.2283	0.8324	-0.0921	1.4646	0.7245	0.0265	1.7645	0.4041	-0.0802	
0.48	0.5432	0.3049	0.2247	0.3578	0.5294	0.8947	0.1518	1.2518	0.8441	-0.0921	1.4922	0.7486	0.0265	1.7736	0.4387	-0.0788	
0.5	0.5509	0.2989	0.2289	0.3633	0.5604	0.9098	0.1518	1.2735	0.8554	-0.0921	1.5177	0.7729	0.0265	1.7814	0.4754	-0.078	
0.52	0.5592	0.2926	0.2333	0.3691	0.5885	0.9242	0.1518	1.2933	0.8664	-0.0921	1.541	0.7968	0.0265	1.7886	0.5127	-0.0778	
0.54	0.5678	0.2862	0.238	0.3753	0.6134	0.9378	0.1518	1.3112	0.8773	-0.0921	1.5625	0.8199	0.0265	1.7956	0.5493	-0.0784	
0.56	0.5769	0.2798	0.243	0.3819	0.6349	0.9504	0.1518	1.3277	0.8883	-0.0921	1.5822	0.8412	0.0265	1.8027	0.5841	-0.0797	
0.58	0.5864	0.2737	0.2481	0.3889	0.6534	0.9617	0.1518	1.3428	0.8997	-0.0921	1.6006	0.8605	0.0265	1.81	0.6168	-0.0817	
0.6	0.5966	0.2682	0.2533	0.3965	0.6694	0.9715	0.1518	1.3571	0.9114	-0.0921	1.6183	0.878	0.0265	1.8175	0.647	-0.0845	
0.62	0.6079	0.2633	0.2587	0.4049	0.6839	0.9799	0.1518	1.3708	0.9231	-0.0921	1.6359	0.8943	0.0265	1.8253	0.6748	-0.0883	
0.64	0.6208	0.2592	0.2644	0.4141	0.6978	0.9866	0.1518	1.3843	0.9345	-0.0921	1.6541	0.9097	0.0265	1.8334	0.7002	-0.0932	
0.66	0.6354	0.2559	0.2708	0.4243	0.712	0.9916	0.1518	1.3978	0.945	-0.0921	1.6729	0.9247	0.0265	1.8418	0.7233	-0.0995	
0.68	0.6518	0.2535	0.2781	0.4351	0.7271	0.995	0.1518	1.4112	0.9545	-0.0921	1.6921	0.9392	0.0265	1.8503	0.7445	-0.1072	
0.7	0.6692	0.2518	0.2862	0.4462	0.7436	0.9968	0.1518	1.4243	0.9626	-0.0921	1.711	0.9528	0.0265	1.8586	0.7645	-0.116	
0.72	0.6867	0.251	0.295	0.4571	0.7615	0.9975	0.1518	1.4368	0.9693	-0.0921	1.7288	0.9654	0.0265	1.8664	0.7838	-0.1255	
0.74	0.7034	0.2506	0.3038	0.4671	0.781	0.9975	0.1518	1.4481	0.9744	-0.0921	1.7447	0.9766	0.0265	1.8734	0.8026	-0.135	
0.76	0.7184	0.2506	0.3125	0.476	0.802	0.9973	0.1518	1.458	0.9778	-0.0921	1.7582	0.9867	0.0265	1.8793	0.8211	-0.1442	
0.78	0.7351	0.2507	0.3228	0.4855	0.8239	0.9972	0.1518	1.4681	0.9792	-0.0921	1.7713	0.9988	0.0265	1.8852	0.841	-0.155	
0.8	0.7519	0.2508	0.333	0.495	0.8459	0.9972	0.1518	1.4783	0.9806	-0.0921	1.7845	1.0109	0.0265	1.8911	0.8609	-0.1657	
0.82	0.7686	0.2509	0.3433	0.5045	0.8678	0.9971	0.1518	1.4885	0.9819	-0.0921	1.7977	1.0231	0.0265	1.8971	0.8808	-0.1764	
0.84	0.7854	0.251	0.3535	0.514	0.8898	0.997	0.1518	1.4987	0.9833	-0.0921	1.8109	1.0352	0.0265	1.903	0.9007	-0.1872	
