0	0.3086	0.2621	0.2293	0.0865	0.0521	0.0345	0.0256	0.0604	0.1759	-0.2306	0.0444	-0.0607	-0.1145	0.0853	-0.1192	0.0381	
0.02	0.3541	0.2289	0.2076	0.0524	0.0327	0.0345	0.0256	0.0352	0.1759	-0.2306	0.0085	-0.0607	-0.1145	0.0603	-0.1192	0.0381	
0.04	0.3997	0.1957	0.186	0.0183	0.0133	0.0345	0.0256	0.01	0.1759	-0.2306	-0.0274	-0.0607	-0.1145	0.0353	-0.1192	0.0381	
0.06	0.4452	0.1626	0.1643	-0.0158	-0.0061	0.0345	0.0256	-0.0152	0.1759	-0.2306	-0.0634	-0.0607	-0.1145	0.0103	-0.1192	0.0381	
0.08	0.4907	0.1294	0.1426	-0.05	-0.0255	0.0345	0.0256	-0.0405	0.1758	-0.2306	-0.0993	-0.0607	-0.1145	-0.0147	-0.1192	0.0381	
0.1	0.5375	0.0977	0.1211	-0.0808	-0.0428	0.0345	0.0256	-0.0643	0.1758	-0.2306	-0.1337	-0.0607	-0.1145	-0.0362	-0.1192	0.0381	
0.12	0.5894	0.0717	0.1054	-0.1104	-0.0554	0.0345	0.0256	-0.0826	0.1758	-0.2306	-0.1555	-0.0607	-0.1145	-0.0516	-0.1192	0.0381	
0.14	0.6451	0.0511	0.0945	-0.138	-0.0632	0.0345	0.0256	-0.0954	0.1759	-0.2306	-0.1663	-0.0606	-0.1145	-0.061	-0.1192	0.0379	
0.16	0.7039	0.0346	0.0871	-0.1631	-0.0669	0.0346	0.0256	-0.103	0.1761	-0.2306	-0.169	-0.0603	-0.1145	-0.0654	-0.1192	0.0376	
0.18	0.7649	0.0211	0.0816	-0.1849	-0.0662	0.0347	0.0257	-0.1054	0.1766	-0.2305	-0.1659	-0.0598	-0.1145	-0.0652	-0.1192	0.037	
0.2	0.8269	0.0096	0.077	-0.2031	-0.0608	0.035	0.0257	-0.102	0.1773	-0.2302	-0.1575	-0.0587	-0.1145	-0.0599	-0.1192	0.0362	
0.22	0.8882	-0.0005	0.0726	-0.2176	-0.0495	0.0355	0.0259	-0.0917	0.1786	-0.2297	-0.1422	-0.0571	-0.1145	-0.0475	-0.1192	0.0351	
0.24	0.9471	-0.0096	0.0684	-0.2288	-0.0315	0.0364	0.0262	-0.0735	0.1804	-0.229	-0.1172	-0.0546	-0.1144	-0.0251	-0.1192	0.0336	
0.26	1.0028	-0.0178	0.0646	-0.2371	-0.0062	0.0379	0.0267	-0.0466	0.183	-0.228	-0.0801	-0.0512	-0.1142	0.01	-0.119	0.0319	
0.28	1.0552	-0.0252	0.0612	-0.243	0.0264	0.0399	0.0275	-0.011	0.1863	-0.2265	-0.0299	-0.0469	-0.1138	0.0588	-0.1188	0.0299	
0.3	1.1049	-0.0321	0.0584	-0.2469	0.066	0.0426	0.0285	0.0329	0.1904	-0.2247	0.0326	-0.0418	-0.1133	0.1199	-0.1183	0.0277	
0.32	1.152	-0.0384	0.0561	-0.2487	0.112	0.0458	0.0299	0.0843	0.1952	-0.2223	0.1048	-0.036	-0.1126	0.1902	-0.1177	0.0253	
0.34	1.1957	-0.0444	0.0544	-0.2473	0.1636	0.0494	0.0315	0.1419	0.2008	-0.2195	0.1834	-0.0293	-0.1115	0.2662	-0.1167	0.0228	
0.36	1.235	-0.0499	0.0532	-0.2411	0.2194	0.0535	0.0334	0.2035	0.2073	-0.2164	0.2644	-0.0213	-0.1102	0.3443	-0.1152	0.0206	
0.38	1.2688	-0.0551	0.0526	-0.2276	0.2771	0.0586	0.0356	0.2666	0.2151	-0.2128	0.3435	-0.0113	-0.1083	0.4215	-0.113	0.0187	
0.4	1.2965	-0.0598	0.0525	-0.2048	0.3341	0.0655	0.0384	0.3288	0.225	-0.2088	0.4171	0.0017	-0.1059	0.4946	-0.1099	0.0174	
0.42	1.3184	-0.0643	0.053	-0.1713	0.388	0.0751	0.042	0.3881	0.2375	-0.2041	0.4818	0.0181	-0.1029	0.5601	-0.106	0.0169	
0.44	1.3357	-0.0684	0.0542	-0.1272	0.4371	0.0882	0.0468	0.4433	0.2531	-0.1985	0.5359	0.0377	-0.0995	0.6149	-0.1014	0.0172	
0.46	1.3496	-0.0725	0.056	-0.0738	0.4807	0.1049	0.0528	0.4934	0.2721	-0.1917	0.5787	0.0604	-0.0956	0.6571	-0.0965	0.0184	
0.48	1.361	-0.0764	0.0585	-0.0132	0.5187	0.125	0.06	0.5379	0.2946	-0.1837	0.6114	0.086	-0.0915	0.6874	-0.0912	0.0209	
0.5	1.3706	-0.0804	0.0614	0.0525	0.5514	0.148	0.0682	0.5765	0.3206	-0.1744	0.6362	0.1152	-0.087	0.7084	-0.0848	0.0255	
0.52	1.3787	-0.0844	0.0649	0.121	0.5792	0.1739	0.077	0.6095	0.3501	-0.164	0.6555	0.1496	-0.0814	0.7238	-0.0758	0.0334	
0.54	1.3854	-0.0883	0.0688	0.1897	0.6027	0.2029	0.0863	0.638	0.3831	-0.1528	0.6716	0.1906	-0.0738	0.7369	-0.0626	0.0459	
0.56	1.391	-0.0919	0.073	0.2561	0.6226	0.235	0.0958	0.6631	0.4191	-0.1408	0.6861	0.2392	-0.0633	0.7497	-0.0438	0.0641	
0.58	1.396	-0.0952	0.0776	0.3176	0.6401	0.2703	0.1052	0.686	0.4576	-0.1283	0.6997	0.295	-0.0492	0.7631	-0.0188	0.089	
0.6	1.401	-0.0981	0.0825	0.3725	0.6557	0.3081	0.1142	0.7073	0.4981	-0.1153	0.7123	0.3571	-0.0309	0.7769	0.0119	0.1211	
0.62	1.4064	-0.1005	0.0877	0.4201	0.6703	0.3473	0.1225	0.727	0.5398	-0.102	0.7231	0.424	-0.0086	0.7905	0.0472	0.1603	
0.64	1.4125	-0.1023	0.0932	0.461	0.6841	0.3872	0.1305	0.7453	0.582	-0.0885	0.7316	0.4945	0.0176	0.8036	0.0862	0.206	
0.66	1.4191	-0.1037	0.0991	0.4966	0.6971	0.4273	0.139	0.7619	0.6246	-0.0747	0.7373	0.5669	0.0475	0.8156	0.1279	0.2566	
0.68	1.4263	-0.1046	0.1054	0.5283	0.7093	0.4675	0.149	0.7769	0.6672	-0.0606	0.7404	0.639	0.0804	0.8265	0.1709	0.3104	
0.7	1.4337	-0.1051	0.1124	0.5574	0.7208	0.5077	0.1616	0.7901	0.7094	-0.0458	0.7415	0.7076	0.1153	0.8361	0.2132	0.3647	
0.72	1.441	-0.1053	0.1202	0.5845	0.7314	0.5471	0.1772	0.8016	0.7506	-0.0302	0.7415	0.7695	0.1502	0.8442	0.2522	0.4175	
0.74	1.4477	-0.1053	0.129	0.61	0.7412	0.5842	0.1954	0.8111	0.7894	-0.0135	0.7411	0.8222	0.1832	0.8507	0.2855	0.4666	
0.76	1.4537	-0.1052	0.139	0.634	0.7501	0.6176	0.2154	0.8188	0.8246	0.0041	0.7408	0.8643	0.2123	0.8555	0.3119	0.5107	
0.78	1.4587	-0.1051	0.1502	0.6568	0.7581	0.6461	0.2367	0.8246	0.8551	0.0225	0.7407	0.8959	0.2364	0.8588	0.3314	0.5491	
0.8	1.4634	-0.1052	0.1618	0.6777	0.766	0.6723	0.262	0.8286	0.8849	0.0418	0.7409	0.9196	0.2589	0.8599	0.347	0.5824	
0.82	1.4681	-0.1052	0.1735	0.6985	0.7739	0.6984	0.2873	0.8326	0.9147	0.061	0.7411	0.9433	0.2815	0.8611	0.3627	0.6158	
0.84	1.4728	-0.1052	0.1852	0.7194	0.7819	0.7246	0.3126	0.8367	0.9445	0.0802	0.7412	0.967	0.3041	0.8623	0.3784	0.6491	
0.86	1.4775	-0.1052	0.1969	0.7403	0.7898	0.7507	0.3379	0.8407	0.9744	0.0994	0.7414	0.9907	0.3267	0.8635	0.3941	0.6825	
