0	0.2518	-0.0109	0.208	-0.0577	0.1238	0.1009	0.0444	0.2142	0.3734	-0.0065	0.1234	0.4662	-0.1191	-0.041	0.5774	-0.1437	
0.02	0.2552	-0.0142	0.2134	-0.0459	0.1335	0.1128	0.0493	0.2234	0.3912	0.0019	0.1235	0.5103	-0.0949	-0.0399	0.606	-0.1127	
0.04	0.2586	-0.0176	0.2189	-0.0341	0.1431	0.1247	0.0542	0.2325	0.4089	0.0104	0.1237	0.5544	-0.0708	-0.0387	0.6346	-0.0817	
0.06	0.262	-0.0209	0.2244	-0.0223	0.1528	0.1366	0.0591	0.2417	0.4267	0.0188	0.1239	0.5985	-0.0466	-0.0375	0.6633	-0.0506	
0.08	0.2653	-0.0243	0.2299	-0.0104	0.1625	0.1485	0.064	0.2508	0.4444	0.0272	0.1241	0.6427	-0.0224	-0.0364	0.6919	-0.0196	
0.1	0.2687	-0.0276	0.2356	0.0019	0.1715	0.1604	0.0688	0.2591	0.4636	0.0352	0.1246	0.6878	0.0031	-0.0341	0.7188	0.0101	
0.12	0.2721	-0.031	0.2424	0.0156	0.1796	0.1725	0.0735	0.2678	0.4796	0.042	0.1255	0.7285	0.0264	-0.0309	0.7443	0.0389	
0.14	0.2755	-0.0343	0.2498	0.0313	0.1868	0.1851	0.0779	0.2768	0.4938	0.0478	0.1269	0.7651	0.0478	-0.0266	0.7686	0.0669	
0.16	0.2788	-0.0377	0.2577	0.0494	0.1931	0.1984	0.0822	0.2856	0.5078	0.0525	0.1288	0.7985	0.0678	-0.0211	0.7919	0.0939	
0.18	0.2822	-0.0411	0.2657	0.0698	0.1987	0.2126	0.0864	0.2939	0.523	0.0566	0.1314	0.8293	0.0871	-0.0146	0.8143	0.1195	
0.2	0.2855	-0.0444	0.2735	0.0923	0.2036	0.2274	0.0904	0.3017	0.5394	0.0601	0.1346	0.8578	0.1057	-0.0071	0.8359	0.1439	
0.22	0.2888	-0.0478	0.281	0.1163	0.2081	0.2426	0.0943	0.3088	0.5565	0.0632	0.1385	0.8843	0.1236	0.001	0.8571	0.1674	
0.24	0.2922	-0.0511	0.2881	0.1411	0.2122	0.2577	0.098	0.3156	0.5732	0.0661	0.143	0.9085	0.1404	0.0096	0.8781	0.1903	
0.26	0.2955	-0.0545	0.2948	0.1661	0.216	0.2724	0.1017	0.3221	0.5885	0.0687	0.148	0.9303	0.1559	0.0184	0.8991	0.2125	
0.28	0.2988	-0.0578	0.3013	0.1905	0.2197	0.2863	0.1052	0.3286	0.6021	0.0711	0.1535	0.9495	0.1701	0.0272	0.9199	0.2337	
0.3	0.302	-0.0612	0.308	0.2134	0.2231	0.2991	0.1085	0.335	0.6134	0.0734	0.1594	0.9663	0.1831	0.0359	0.9402	0.2532	
0.32	0.3052	-0.0645	0.3154	0.2339	0.2265	0.3105	0.1118	0.3413	0.6222	0.0758	0.1657	0.981	0.1949	0.0445	0.9595	0.2705	
0.34	0.3083	-0.0677	0.3237	0.2516	0.2296	0.3202	0.1149	0.3475	0.6284	0.0781	0.1723	0.9941	0.2055	0.053	0.9773	0.2856	
0.36	0.3114	-0.0709	0.3331	0.2665	0.2327	0.3282	0.1178	0.3535	0.632	0.0805	0.1794	1.0062	0.2149	0.0614	0.9933	0.2989	
0.38	0.3142	-0.0739	0.3438	0.2791	0.2357	0.3346	0.1207	0.3593	0.6335	0.083	0.1869	1.0179	0.2228	0.0699	1.0076	0.3108	
0.4	0.317	-0.0769	0.3554	0.29	0.2387	0.3398	0.1235	0.3649	0.6337	0.0855	0.1949	1.0294	0.2293	0.0786	1.0202	0.3215	
0.42	0.3196	-0.0798	0.3677	0.2998	0.2417	0.3443	0.1262	0.3701	0.6333	0.0882	0.2034	1.0405	0.2343	0.0874	1.0312	0.3314	
0.44	0.3221	-0.0826	0.3805	0.3089	0.2448	0.3485	0.1289	0.375	0.6329	0.091	0.2123	1.0509	0.2378	0.0965	1.0409	0.3402	
0.46	0.3245	-0.0853	0.3936	0.3176	0.2479	0.3529	0.1316	0.3795	0.6327	0.0938	0.2215	1.0606	0.2401	0.1058	1.0497	0.3482	
0.48	0.3268	-0.088	0.4071	0.3259	0.2512	0.3574	0.1344	0.3835	0.6328	0.0967	0.231	1.0692	0.2413	0.1152	1.0579	0.3555	
0.5	0.3291	-0.0907	0.421	0.334	0.2546	0.3623	0.1373	0.3872	0.633	0.0997	0.2406	1.077	0.2417	0.1246	1.066	0.3623	
0.52	0.3313	-0.0934	0.4353	0.3419	0.2581	0.3677	0.1403	0.3905	0.6331	0.1028	0.2501	1.084	0.2417	0.1339	1.0744	0.369	
0.54	0.3337	-0.0962	0.4496	0.3496	0.2618	0.3735	0.1434	0.3936	0.6331	0.106	0.2596	1.0907	0.2415	0.143	1.0834	0.3757	
0.56	0.3363	-0.0992	0.4637	0.3573	0.2656	0.3798	0.1467	0.3963	0.633	0.1093	0.2688	1.0971	0.2414	0.1517	1.093	0.3825	
0.58	0.339	-0.1023	0.4771	0.365	0.2695	0.3868	0.1501	0.3989	0.633	0.1127	0.2778	1.1035	0.2414	0.1601	1.1032	0.3893	
0.6	0.342	-0.1057	0.4895	0.3727	0.2736	0.3943	0.1537	0.4014	0.633	0.1164	0.2867	1.11	0.2414	0.168	1.1136	0.3959	
0.62	0.3452	-0.1093	0.5006	0.3804	0.2778	0.4023	0.1573	0.4038	0.633	0.1202	0.2958	1.1166	0.2415	0.1756	1.1238	0.402	
0.64	0.3488	-0.1133	0.5103	0.388	0.282	0.4102	0.1611	0.4064	0.633	0.1243	0.3052	1.1232	0.2415	0.1832	1.1332	0.4076	
0.66	0.3528	-0.118	0.5184	0.3952	0.2863	0.4178	0.165	0.4093	0.633	0.1286	0.3151	1.13	0.2415	0.191	1.1416	0.4125	
0.68	0.3578	-0.1235	0.5247	0.4014	0.2907	0.4248	0.1689	0.4127	0.633	0.1332	0.3252	1.1368	0.2415	0.1993	1.1488	0.4167	
0.7	0.3644	-0.1301	0.529	0.4062	0.2951	0.431	0.1729	0.417	0.633	0.1382	0.3354	1.1439	0.2415	0.2083	1.1545	0.4201	
0.72	0.3731	-0.1378	0.5315	0.4089	0.2995	0.4361	0.1768	0.4222	0.633	0.1435	0.3453	1.1512	0.2415	0.2179	1.1587	0.4226	
0.74	0.3844	-0.1468	0.5325	0.4091	0.3041	0.4402	0.1807	0.4282	0.633	0.1493	0.3544	1.1589	0.2415	0.228	1.1615	0.4243	
0.76	0.3986	-0.1568	0.5325	0.4067	0.3087	0.4431	0.1846	0.4349	0.633	0.1557	0.3625	1.167	0.2415	0.2379	1.163	0.4252	
0.78	0.4153	-0.1675	0.5322	0.4021	0.3133	0.4451	0.1887	0.4419	0.633	0.1624	0.3693	1.1756	0.2415	0.2475	1.1636	0.4255	
0.8	0.4336	-0.1785	0.532	0.3959	0.3179	0.4462	0.1931	0.4487	0.633	0.1695	0.3748	1.1845	0.2415	0.2562	1.1636	0.4255	
0.82	0.4524	-0.1891	0.5319	0.389	0.3223	0.4466	0.198	0.4551	0.633	0.1767	0.379	1.1935	0.2415	0.2638	1.1634	0.4254	
0.84	0.4708	-0.1988	0.5319	0.3818	0.3265	0.4466	0.2035	0.4607	0.633	0.1838	0.3817	1.2024	0.2415	0.2701	1.1632	0.4253	
0.86	0.4921	-0.2091	0.532	0.3723	0.3309	0.4465	0.2089	0.4664	0.633	0.1915	0.3828	1.212	0.2415	0.2752	1.1633	0.4253	
0.88	0.5135	-0.2194	0.5321	0.3629	0.3352	0.4463	0.2144	0.4721	0.633	0.1991	0.3839	1.2216	0.2415	0.2802	1.1633	0.4254	
0.9	0.5348	-0.2296	0.5322	0.3534	0.3395	0.4462	0.2199	0.4778	0.633	0.2067	0.385	1.2312	0.2415	0.2853	1.1634	0.4254	
0.92	0.5562	-0.2399	0.5323	0.344	0.3438	0.4461	0.2253	0.4834	0.633	0.2144	0.386	1.2408	0.2415	0.2904	1.1634	0.4254	
