0	0.6242	0.4019	0.2783	-0.0013	0.2513	-0.0797	0.1139	0.2934	-0.1607	0.0466	0.2015	0.1562	-0.0285	0.2488	-0.0016	-0.0535	
0.02	0.6514	0.3774	0.2832	0.0076	0.2592	-0.0797	0.1139	0.2868	-0.1516	0.0466	0.19	0.2248	-0.0277	0.2362	0.1081	-0.047	
0.04	0.6787	0.3529	0.2881	0.0166	0.267	-0.0797	0.1139	0.2802	-0.1425	0.0466	0.1785	0.2934	-0.0269	0.2236	0.2178	-0.0406	
0.06	0.7059	0.3284	0.293	0.0256	0.2749	-0.0797	0.1139	0.2736	-0.1333	0.0466	0.167	0.362	-0.0261	0.2111	0.3275	-0.0341	
0.08	0.7332	0.304	0.2979	0.0345	0.2828	-0.0797	0.1139	0.267	-0.1242	0.0466	0.1555	0.4305	-0.0253	0.1985	0.4372	-0.0277	
0.1	0.7602	0.2811	0.3036	0.0425	0.2908	-0.0797	0.1139	0.2611	-0.1156	0.0466	0.1456	0.4959	-0.0237	0.1873	0.5428	-0.0188	
0.12	0.7881	0.2598	0.3105	0.0513	0.3001	-0.0797	0.1139	0.2565	-0.1078	0.0466	0.1381	0.5548	-0.0214	0.1781	0.6366	-0.0039	
0.14	0.8166	0.2401	0.318	0.0605	0.3101	-0.0797	0.1139	0.2534	-0.1007	0.0466	0.133	0.6064	-0.0183	0.1711	0.7174	0.0156	
0.16	0.8454	0.2223	0.3256	0.0697	0.3206	-0.0797	0.1139	0.2518	-0.0944	0.0466	0.1304	0.6506	-0.0142	0.1662	0.7855	0.0381	
0.18	0.874	0.2064	0.3326	0.0783	0.3308	-0.0797	0.1139	0.2517	-0.0887	0.0466	0.1302	0.6879	-0.0092	0.1635	0.8421	0.0617	
0.2	0.902	0.1927	0.3382	0.0861	0.3406	-0.0797	0.1139	0.2532	-0.0835	0.0466	0.1321	0.7184	-0.0033	0.1628	0.8885	0.0848	
0.22	0.929	0.1812	0.3416	0.0929	0.3496	-0.0797	0.1139	0.2561	-0.0787	0.0466	0.1361	0.7424	0.0032	0.1639	0.9254	0.1061	
0.24	0.9548	0.1716	0.3425	0.0988	0.3576	-0.0796	0.1139	0.2603	-0.0741	0.0466	0.1416	0.7603	0.0102	0.1666	0.9533	0.1247	
0.26	0.9793	0.1635	0.3405	0.104	0.3647	-0.0796	0.1139	0.2657	-0.0695	0.0466	0.1485	0.7729	0.0174	0.1707	0.9735	0.1404	
0.28	1.0027	0.1568	0.3357	0.1085	0.3712	-0.0794	0.1139	0.2722	-0.0647	0.0466	0.1563	0.7819	0.0247	0.1759	0.9879	0.1533	
0.3	1.0248	0.1511	0.3284	0.1124	0.3772	-0.0791	0.1139	0.2794	-0.0597	0.0466	0.1649	0.7891	0.0319	0.182	0.9992	0.164	
0.32	1.0456	0.1464	0.3191	0.1156	0.3829	-0.0787	0.1139	0.2873	-0.0542	0.0466	0.1738	0.7959	0.0389	0.1886	1.0095	0.1733	
0.34	1.0649	0.1425	0.3083	0.1179	0.3887	-0.078	0.1139	0.2956	-0.0482	0.0466	0.183	0.8032	0.0458	0.1956	1.0202	0.1815	
0.36	1.0828	0.1394	0.2967	0.1192	0.3944	-0.0771	0.1139	0.3042	-0.0417	0.0466	0.1923	0.811	0.0524	0.2029	1.0314	0.1893	
0.38	1.0993	0.1369	0.2846	0.1193	0.4002	-0.0759	0.1139	0.3131	-0.0344	0.0466	0.2015	0.8193	0.059	0.2103	1.043	0.1967	
0.4	1.1146	0.1349	0.2726	0.1183	0.4061	-0.0744	0.1139	0.3221	-0.0266	0.0467	0.2107	0.8281	0.0655	0.2176	1.0543	0.2039	
0.42	1.1287	0.1332	0.261	0.116	0.4118	-0.0726	0.1139	0.3313	-0.0181	0.0469	0.2199	0.8372	0.072	0.2247	1.0652	0.2109	
0.44	1.1417	0.1319	0.25	0.1127	0.4176	-0.0705	0.114	0.3406	-0.0091	0.0472	0.229	0.8466	0.0788	0.2315	1.0757	0.2177	
0.46	1.1535	0.1309	0.2395	0.1083	0.4234	-0.0681	0.1141	0.35	0.0005	0.0475	0.238	0.8564	0.0858	0.238	1.086	0.2246	
0.48	1.1643	0.1304	0.2295	0.103	0.4296	-0.0653	0.1142	0.3595	0.0105	0.048	0.2471	0.8665	0.0932	0.2442	1.0961	0.2317	
0.5	1.1741	0.1303	0.22	0.0966	0.4365	-0.0622	0.1145	0.3691	0.021	0.0487	0.2561	0.8765	0.1012	0.2501	1.1063	0.2394	
0.52	1.1832	0.1308	0.2108	0.0892	0.4445	-0.0586	0.1148	0.3787	0.032	0.0496	0.2651	0.8864	0.1096	0.2559	1.1165	0.2479	
0.54	1.1917	0.1318	0.2018	0.0808	0.4538	-0.0546	0.1153	0.3882	0.0432	0.0506	0.2741	0.8958	0.1186	0.2615	1.1267	0.2574	
0.56	1.1997	0.1334	0.1931	0.0713	0.4639	-0.0503	0.116	0.3977	0.0548	0.0518	0.2828	0.9044	0.128	0.2672	1.1368	0.2677	
0.58	1.2073	0.1354	0.1846	0.0608	0.4746	-0.0459	0.1168	0.4072	0.0668	0.0533	0.2914	0.9123	0.1379	0.2732	1.1468	0.2788	
0.6	1.2144	0.1377	0.1765	0.0495	0.4852	-0.0413	0.1177	0.4171	0.0792	0.0549	0.2996	0.9194	0.1481	0.2794	1.1568	0.2905	
0.62	1.2209	0.1402	0.1687	0.0377	0.4952	-0.0361	0.1188	0.4276	0.0924	0.0567	0.3074	0.9257	0.1585	0.286	1.1666	0.3024	
0.64	1.2267	0.1427	0.1615	0.0256	0.5044	-0.0297	0.1201	0.4386	0.1064	0.0587	0.3149	0.9315	0.1689	0.2932	1.1765	0.3144	
0.66	1.2317	0.145	0.1548	0.0133	0.5124	-0.0207	0.1215	0.45	0.1216	0.0609	0.3223	0.9369	0.1791	0.3013	1.1863	0.3263	
0.68	1.2359	0.147	0.149	0.0011	0.5189	-0.0075	0.123	0.4612	0.138	0.0633	0.3299	0.9421	0.1892	0.3106	1.1962	0.3379	
0.7	1.2393	0.1487	0.1442	-0.0107	0.5236	0.0107	0.1247	0.4715	0.1557	0.0659	0.3383	0.9472	0.1989	0.3213	1.2062	0.3492	
0.72	1.2419	0.1499	0.1408	-0.022	0.5265	0.0345	0.1264	0.4801	0.1747	0.0688	0.3477	0.9525	0.2086	0.3336	1.2166	0.3602	
0.74	1.2437	0.1508	0.1389	-0.0326	0.5278	0.0632	0.1283	0.4865	0.1949	0.0718	0.3583	0.958	0.2185	0.3475	1.2274	0.3711	
0.76	1.2446	0.1513	0.1386	-0.0424	0.528	0.0956	0.1303	0.4904	0.2159	0.0751	0.3697	0.9638	0.2288	0.3622	1.2386	0.3822	
0.78	1.245	0.1515	0.14	-0.0513	0.5277	0.1306	0.1324	0.492	0.2371	0.0785	0.3815	0.9698	0.2397	0.3772	1.2501	0.3941	
0.8	1.245	0.1515	0.1431	-0.0594	0.5274	0.1667	0.1345	0.4916	0.2576	0.0821	0.393	0.9761	0.2512	0.3916	1.2615	0.407	
0.82	1.2449	0.1514	0.1479	-0.0665	0.5273	0.2028	0.1367	0.4895	0.2763	0.0859	0.4038	0.9827	0.263	0.4047	1.2724	0.4209	
0.84	1.2448	0.1514	0.1542	-0.0728	0.5273	0.2374	0.139	0.4861	0.2927	0.09	0.4135	0.9897	0.2746	0.4163	1.2824	0.4359	
0.86	1.2447	0.1514	0.1622	-0.0781	0.5274	0.2692	0.1415	0.4821	0.3063	0.0947	0.4217	0.9974	0.2855	0.4259	1.2912	0.452	
0.88	1.2448	0.1514	0.1721	-0.0821	0.5275	0.297	0.1439	0.478	0.317	0.1005	0.4283	1.0061	0.2954	0.4333	1.2987	0.4689	
0.9	1.2448	0.1514	0.1837	-0.0846	0.5275	0.3203	0.1464	0.4747	0.325	0.1076	0.4329	1.0159	0.304	0.4385	1.3046	0.4865	
0.92	1.2448	0.1514	0.1969	-0.0854	0.5275	0.3391	0.1488	0.4725	0.3303	0.1165	0.4356	1.0269	0.311	0.4415	1.309	0.5044	
0.94	1.2448	0.1514	0.211	-0.0844	0.5275	0.3542	0.1511	0.4714	0.3334	0.1272	0.4367	1.0387	0.3164	0.4427	1.3119	0.522	
0.96	1.2448	0.1514	0.2253	-0.0816	0.5274	0.3665	0.1531	0.4712	0.3348	0.1397	0.4368	1.0507	0.32	0.4428	1.3134	0.5386	
0.98	1.2448	0.1514	0.239	-0.0773	0.5274	0.3766	0.1549	0.4715	0.335	0.1536	0.4365	1.0623	0.322	0.4425	1.314	0.5535	
1	1.2448	0.1514	0.2516	-0.0718	0.5274	0.3851	0.1564	0.4718	0.3347	0.1684	0.4362	1.073	0.3228	0.4422	1.314	0.5663	
1.02	1.2448	0.1514	0.2624	-0.0655	0.5275	0.3918	0.1575	0.4719	0.3344	0.1837	0.4361	1.0824	0.3228	0.4421	1.3138	0.5767	
1.04	1.2448	0.1514	0.2735	-0.0579	0.5275	0.3969	0.1584	0.4718	0.3344	0.2007	0.4362	1.0921	0.3226	0.4422	1.3138	0.5866	
1.06	1.2448	0.1514	0.2847	-0.0503	0.5275	0.4019	0.1593	0.4717	0.3344	0.2178	0.4364	1.1018	0.3223	0.4423	1.3137	0.5964	
1.08	1.2448	0.1514	0.2958	-0.0428	0.5275	0.4069	0.1602	0.4716	0.3345	0.2349	0.4365	1.1115	0.3221	0.4424	1.3137	0.6063	
1.1	1.2448	0.1514	0.3069	-0.0352	0.5275	0.412	0.1611	0.4715	0.3345	0.2519	0.4366	1.1212	0.3219	0.4426	1.3136	0.6161	
