0	0.3221	0.4715	0.2392	0.3211	-0.0385	0.0274	0.0302	0.175	0.1969	-0.0446	0.1851	0.1791	0.0575	0.1413	0.1477	-0.1598	
0.02	0.3898	0.4274	0.2615	0.3582	-0.0366	0.0358	0.0374	0.1945	0.2528	-0.0153	0.2259	0.2628	0.0901	0.1918	0.2412	-0.1184	
0.04	0.4574	0.3833	0.2838	0.3952	-0.0347	0.0442	0.0446	0.2141	0.3088	0.014	0.2666	0.3466	0.1228	0.2422	0.3347	-0.0771	
0.06	0.5251	0.3391	0.306	0.4323	-0.0328	0.0527	0.0518	0.2336	0.3648	0.0433	0.3073	0.4303	0.1555	0.2927	0.4282	-0.0357	
0.08	0.5928	0.295	0.3283	0.4694	-0.0309	0.0611	0.0591	0.2532	0.4207	0.0726	0.3481	0.514	0.1881	0.3432	0.5217	0.0056	
0.1	0.6567	0.2547	0.3488	0.5043	-0.0274	0.0688	0.0662	0.2717	0.4726	0.1023	0.3883	0.5934	0.2207	0.3884	0.6041	0.0444	
0.12	0.7179	0.216	0.3636	0.5291	-0.0224	0.0771	0.0722	0.2906	0.5195	0.1295	0.425	0.6635	0.2491	0.4354	0.6747	0.0781	
0.14	0.775	0.18	0.3726	0.5448	-0.0155	0.0856	0.0773	0.3104	0.5609	0.1546	0.4592	0.7236	0.2738	0.4832	0.7332	0.1074	
0.16	0.8268	0.1476	0.3764	0.5533	-0.0064	0.094	0.0818	0.3315	0.5969	0.1779	0.4924	0.774	0.2958	0.5304	0.7796	0.1328	
0.18	0.8719	0.1196	0.3759	0.5564	0.0052	0.1019	0.0861	0.3549	0.6275	0.1999	0.5257	0.8154	0.3154	0.576	0.8148	0.1548	
0.2	0.9094	0.0964	0.3716	0.5554	0.0196	0.1091	0.0906	0.3812	0.6532	0.2208	0.5599	0.8489	0.333	0.6194	0.8406	0.1741	
0.22	0.9386	0.0782	0.3642	0.5508	0.0369	0.1157	0.0953	0.411	0.6745	0.2404	0.5949	0.8755	0.3484	0.6606	0.8591	0.1913	
0.24	0.9602	0.0641	0.3542	0.543	0.0571	0.1221	0.1002	0.444	0.6922	0.2587	0.6301	0.8959	0.3615	0.7002	0.8729	0.2068	
0.26	0.9755	0.0534	0.342	0.5323	0.0799	0.1293	0.1052	0.4793	0.7075	0.2761	0.6653	0.9109	0.372	0.739	0.8838	0.2209	
0.28	0.9863	0.0451	0.3281	0.5195	0.105	0.1387	0.1102	0.5157	0.7217	0.2928	0.7002	0.9219	0.3801	0.778	0.8932	0.2338	
0.3	0.9943	0.0384	0.3134	0.5056	0.1319	0.152	0.1154	0.5522	0.7356	0.3091	0.7348	0.9301	0.3858	0.8175	0.9017	0.2452	
0.32	1.001	0.0327	0.2985	0.4915	0.1602	0.1709	0.1214	0.588	0.7497	0.3252	0.7688	0.9368	0.3895	0.8571	0.9094	0.2552	
0.34	1.0071	0.0279	0.2841	0.4783	0.1894	0.1964	0.129	0.6225	0.7639	0.3408	0.8015	0.9427	0.3915	0.8959	0.9162	0.2638	
0.36	1.0132	0.0239	0.2706	0.4664	0.2188	0.2288	0.1388	0.6547	0.7776	0.3556	0.8324	0.9482	0.3922	0.9328	0.922	0.2711	
0.38	1.0194	0.0206	0.2584	0.4563	0.2478	0.2671	0.1512	0.684	0.7904	0.369	0.861	0.9531	0.3923	0.9669	0.9266	0.2774	
0.4	1.0256	0.0181	0.2477	0.4485	0.2759	0.3099	0.166	0.7099	0.8017	0.3807	0.8873	0.9573	0.3921	0.9975	0.9299	0.2828	
0.42	1.0316	0.0163	0.2388	0.4432	0.3025	0.3551	0.1828	0.7327	0.8115	0.3904	0.9116	0.9605	0.3919	1.0248	0.9318	0.2874	
0.44	1.0371	0.0151	0.2317	0.4403	0.3272	0.4007	0.201	0.7532	0.8194	0.3982	0.9342	0.9627	0.3918	1.0493	0.9323	0.2913	
0.46	1.042	0.0147	0.2267	0.4393	0.3499	0.4445	0.22	0.7725	0.8256	0.4039	0.9557	0.964	0.3919	1.0713	0.9314	0.2941	
0.48	1.0462	0.0149	0.2238	0.4393	0.3708	0.4847	0.2395	0.7912	0.8298	0.4076	0.9761	0.9643	0.392	1.0912	0.9291	0.296	
0.5	1.0494	0.016	0.2231	0.4398	0.3905	0.5198	0.2586	0.8097	0.8323	0.4097	0.9955	0.9637	0.392	1.1092	0.9255	0.2966	
0.52	1.0518	0.0178	0.2244	0.4401	0.4094	0.5489	0.2767	0.8278	0.8333	0.4104	1.0138	0.9623	0.392	1.1253	0.9208	0.296	
0.54	1.0534	0.0205	0.2274	0.4401	0.4278	0.5718	0.2928	0.8452	0.8334	0.4104	1.0313	0.9599	0.392	1.1398	0.9148	0.294	
0.56	1.0542	0.0238	0.2317	0.44	0.4455	0.5895	0.3062	0.8614	0.8331	0.4102	1.0481	0.9566	0.392	1.1528	0.9072	0.291	
0.58	1.0545	0.0275	0.2366	0.4399	0.4621	0.6031	0.3167	0.8762	0.8329	0.41	1.0648	0.9522	0.3919	1.1644	0.8976	0.2871	
0.6	1.0545	0.0314	0.2417	0.4398	0.477	0.6144	0.3247	0.8893	0.8328	0.4099	1.0817	0.947	0.3919	1.1746	0.8855	0.2829	
0.62	1.0544	0.0353	0.2465	0.4398	0.49	0.6247	0.3307	0.9006	0.8328	0.41	1.0989	0.9409	0.392	1.1833	0.8706	0.2785	
0.64	1.0544	0.0396	0.2518	0.4399	0.5041	0.635	0.3363	0.9121	0.8329	0.41	1.1163	0.9342	0.392	1.1918	0.8555	0.2734	
0.66	1.0544	0.044	0.2571	0.4399	0.5182	0.6454	0.3419	0.9236	0.833	0.4101	1.1336	0.9276	0.392	1.2003	0.8404	0.2683	
0.68	1.0543	0.0484	0.2624	0.44	0.5323	0.6558	0.3475	0.9351	0.8331	0.4102	1.151	0.921	0.392	1.2088	0.8253	0.2632	
0.7	1.0543	0.0528	0.2676	0.44	0.5464	0.6661	0.3531	0.9467	0.8332	0.4102	1.1683	0.9143	0.392	1.2173	0.8102	0.2581	
