0	0.3559	0.4833	0.2017	0.0502	0.1169	-0.185	0.165	0.1648	-0.0887	0.0837	0.1413	0.0124	0.0642	0.0692	-0.0288	-0.0193	
0.02	0.3552	0.4774	0.2078	0.0578	0.126	-0.1739	0.1646	0.1679	-0.0543	0.0792	0.1367	0.0442	0.0417	0.0847	-0.0069	-0.0193	
0.04	0.3545	0.4715	0.2139	0.0653	0.1351	-0.1629	0.1643	0.1709	-0.0199	0.0747	0.1322	0.0761	0.0191	0.1002	0.015	-0.0193	
0.06	0.3539	0.4656	0.22	0.0729	0.1442	-0.1519	0.1639	0.174	0.0146	0.0701	0.1276	0.108	-0.0034	0.1157	0.037	-0.0193	
0.08	0.3532	0.4597	0.2261	0.0804	0.1533	-0.1408	0.1635	0.1771	0.049	0.0656	0.123	0.1398	-0.026	0.1311	0.0589	-0.0193	
0.1	0.3519	0.454	0.2314	0.0861	0.1632	-0.1302	0.1628	0.1818	0.0808	0.0609	0.122	0.1713	-0.0451	0.1492	0.0799	-0.0193	
0.12	0.3499	0.4495	0.235	0.091	0.175	-0.1179	0.1617	0.189	0.1149	0.0555	0.1272	0.2056	-0.0638	0.1723	0.1026	-0.0192	
0.14	0.3472	0.446	0.2371	0.0948	0.1882	-0.104	0.1602	0.1991	0.1502	0.0496	0.1386	0.2413	-0.0812	0.2005	0.1262	-0.0189	
0.16	0.3438	0.4434	0.2374	0.0975	0.2024	-0.0887	0.1584	0.2126	0.1851	0.0435	0.1559	0.2764	-0.0963	0.2333	0.1497	-0.0185	
0.18	0.3395	0.4415	0.2362	0.0989	0.2172	-0.0723	0.1561	0.2296	0.2183	0.0376	0.1784	0.3095	-0.1083	0.2698	0.1722	-0.0178	
0.2	0.3346	0.4402	0.2334	0.0992	0.232	-0.0549	0.1535	0.2501	0.2489	0.0321	0.2053	0.3394	-0.1169	0.3088	0.1929	-0.0169	
0.22	0.3289	0.4395	0.2293	0.099	0.2465	-0.0365	0.1505	0.2738	0.2763	0.0275	0.2361	0.3653	-0.1222	0.3489	0.2114	-0.0156	
0.24	0.3228	0.4393	0.2239	0.0987	0.2606	-0.0171	0.1475	0.3005	0.3003	0.0237	0.2701	0.3869	-0.1248	0.3891	0.2275	-0.014	
0.26	0.3162	0.4396	0.217	0.0985	0.2743	0.0034	0.1444	0.33	0.3213	0.0211	0.3068	0.4046	-0.1256	0.4291	0.2413	-0.0121	
0.28	0.3093	0.4405	0.2087	0.0985	0.2879	0.0251	0.1414	0.3621	0.3399	0.0195	0.3461	0.419	-0.1256	0.4689	0.2531	-0.0096	
0.3	0.3021	0.4417	0.1992	0.0986	0.3019	0.0483	0.1388	0.3962	0.3575	0.0192	0.3877	0.4312	-0.1253	0.509	0.2637	-0.0066	
0.32	0.2945	0.4434	0.1884	0.0987	0.3167	0.0738	0.1367	0.4315	0.376	0.0202	0.4315	0.443	-0.1251	0.5505	0.2742	-0.0029	
0.34	0.2862	0.4453	0.1769	0.0987	0.3326	0.1033	0.1353	0.4673	0.398	0.0224	0.4777	0.4566	-0.125	0.5943	0.2861	0.0017	
0.36	0.2771	0.4474	0.1651	0.0987	0.3498	0.1388	0.1348	0.503	0.4263	0.0257	0.5259	0.4749	-0.1251	0.6416	0.3013	0.0074	
0.38	0.267	0.4498	0.1533	0.0987	0.3682	0.1823	0.1353	0.5384	0.4627	0.0299	0.5757	0.5001	-0.1252	0.6927	0.321	0.0145	
0.4	0.2558	0.4526	0.1418	0.0986	0.3876	0.2343	0.137	0.5733	0.5078	0.0349	0.6265	0.5336	-0.1253	0.7473	0.3463	0.0232	
0.42	0.2436	0.4558	0.131	0.0986	0.4077	0.2944	0.1399	0.6072	0.5604	0.0407	0.6777	0.5747	-0.1253	0.8042	0.3772	0.0336	
0.44	0.2306	0.4594	0.121	0.0986	0.4282	0.3612	0.1444	0.6399	0.6186	0.0477	0.7285	0.6214	-0.1252	0.8618	0.4133	0.0455	
0.46	0.217	0.4635	0.1117	0.0987	0.4487	0.433	0.1504	0.6709	0.6801	0.0561	0.7781	0.671	-0.1252	0.9182	0.4535	0.0586	
0.48	0.2027	0.468	0.1029	0.0987	0.4693	0.5079	0.1577	0.7003	0.7426	0.0667	0.8258	0.7208	-0.1252	0.9719	0.4966	0.0723	
0.5	0.1878	0.473	0.0943	0.0987	0.4896	0.5835	0.166	0.728	0.8039	0.0794	0.8708	0.7686	-0.1252	1.0213	0.5408	0.0859	
0.52	0.1722	0.4783	0.0856	0.0987	0.5096	0.6567	0.1747	0.7538	0.861	0.094	0.912	0.8121	-0.1252	1.0654	0.5839	0.0987	
0.54	0.1563	0.4843	0.0764	0.0987	0.5291	0.7241	0.1833	0.7774	0.9109	0.1096	0.9487	0.8492	-0.1252	1.1036	0.6236	0.1101	
0.56	0.1407	0.491	0.067	0.0987	0.5475	0.7824	0.1913	0.798	0.9513	0.1253	0.9804	0.878	-0.1252	1.136	0.6581	0.1199	
0.58	0.1259	0.4987	0.0576	0.0987	0.5648	0.8296	0.1984	0.8155	0.9811	0.1401	1.0066	0.8975	-0.1252	1.1638	0.6859	0.1277	
0.6	0.1124	0.5075	0.0484	0.0987	0.5807	0.8655	0.2043	0.8295	1.0014	0.1534	1.0275	0.9083	-0.1252	1.1882	0.7069	0.1336	
0.62	0.098	0.5162	0.0376	0.0987	0.5968	0.8949	0.2095	0.8428	1.0158	0.1684	1.046	0.9097	-0.1252	1.2105	0.7232	0.1373	
0.64	0.0836	0.5249	0.0267	0.0987	0.613	0.9242	0.2147	0.856	1.0303	0.1835	1.0645	0.9112	-0.1252	1.2329	0.7394	0.141	
0.66	0.0692	0.5336	0.0159	0.0987	0.6292	0.9536	0.2199	0.8693	1.0448	0.1986	1.083	0.9126	-0.1252	1.2552	0.7556	0.1447	
0.68	0.0548	0.5423	0.0051	0.0987	0.6453	0.983	0.2251	0.8825	1.0592	0.2137	1.1016	0.9141	-0.1252	1.2775	0.7719	0.1483	
