0	0.2311	0.2924	0.2238	0.3076	0.5265	0.2151	0.0956	0.3668	0.3452	-0.177	0.4583	0.2978	-0.1491	0.3497	0.2366	-0.0317	
0.02	0.2353	0.2808	0.2261	0.3032	0.5051	0.2096	0.0918	0.3536	0.347	-0.177	0.4306	0.2992	-0.1491	0.3426	0.2366	-0.0315	
0.04	0.2396	0.2693	0.2283	0.2989	0.4838	0.2041	0.088	0.3403	0.3488	-0.177	0.4029	0.3005	-0.1491	0.3355	0.2366	-0.0313	
0.06	0.2439	0.2577	0.2306	0.2946	0.4624	0.1986	0.0841	0.3271	0.3506	-0.177	0.3753	0.3019	-0.1491	0.3283	0.2366	-0.031	
0.08	0.2481	0.2462	0.2328	0.2903	0.4411	0.1931	0.0803	0.3138	0.3524	-0.177	0.3476	0.3032	-0.1491	0.3212	0.2366	-0.0308	
0.1	0.2543	0.235	0.2359	0.2861	0.4206	0.1895	0.0766	0.2983	0.3554	-0.177	0.3225	0.3055	-0.1491	0.3175	0.2366	-0.0301	
0.12	0.2631	0.224	0.2398	0.2815	0.3995	0.1896	0.0726	0.2792	0.3603	-0.177	0.2973	0.3089	-0.1491	0.3165	0.2366	-0.0289	
0.14	0.2752	0.2134	0.2445	0.2766	0.3779	0.1937	0.0685	0.2569	0.3674	-0.177	0.2726	0.3135	-0.1491	0.3204	0.2366	-0.027	
0.16	0.291	0.2031	0.25	0.2716	0.3565	0.2018	0.0646	0.232	0.3774	-0.177	0.2495	0.3195	-0.1491	0.3317	0.2367	-0.0244	
0.18	0.3104	0.1932	0.2561	0.2669	0.3355	0.2139	0.0612	0.2054	0.3906	-0.1769	0.2283	0.327	-0.1489	0.3525	0.2369	-0.0211	
0.2	0.333	0.1838	0.2626	0.2625	0.3153	0.2296	0.0586	0.1777	0.4068	-0.1767	0.2094	0.3358	-0.1487	0.3834	0.2372	-0.0168	
0.22	0.3582	0.1749	0.2693	0.2587	0.2959	0.2482	0.057	0.1494	0.4257	-0.1763	0.1925	0.3459	-0.1482	0.4235	0.2379	-0.0115	
0.24	0.3853	0.1664	0.276	0.2555	0.2774	0.2693	0.0564	0.1211	0.4464	-0.1757	0.1771	0.3573	-0.1475	0.4708	0.239	-0.0049	
0.26	0.4137	0.1583	0.2826	0.2527	0.2596	0.2926	0.0567	0.093	0.4685	-0.1747	0.1629	0.3703	-0.1464	0.5231	0.2407	0.0028	
0.28	0.4427	0.1507	0.2889	0.2502	0.2427	0.3184	0.0579	0.0655	0.4914	-0.1733	0.1493	0.3851	-0.1448	0.5785	0.2431	0.0117	
0.3	0.4721	0.1436	0.2949	0.2479	0.2268	0.3472	0.0599	0.0384	0.5146	-0.1715	0.1359	0.4021	-0.1428	0.635	0.2461	0.0217	
0.32	0.5012	0.1369	0.3007	0.2457	0.2118	0.3791	0.0625	0.0119	0.5381	-0.1691	0.1224	0.4213	-0.1404	0.6904	0.2497	0.0326	
0.34	0.5298	0.1307	0.3064	0.2435	0.1978	0.4138	0.0659	-0.0141	0.5616	-0.1661	0.1082	0.4424	-0.1376	0.742	0.254	0.0445	
0.36	0.5574	0.125	0.3119	0.2414	0.1846	0.4506	0.0701	-0.0393	0.5853	-0.1626	0.0932	0.4651	-0.1342	0.7872	0.259	0.0576	
0.38	0.5843	0.1199	0.3172	0.2393	0.1721	0.4887	0.0755	-0.0634	0.6096	-0.1586	0.0771	0.4893	-0.1301	0.824	0.2651	0.0721	
0.4	0.6107	0.1154	0.3223	0.2373	0.1603	0.5277	0.082	-0.086	0.6347	-0.1542	0.0598	0.5152	-0.1251	0.8515	0.2728	0.0885	
0.42	0.6372	0.1115	0.3273	0.2354	0.1492	0.5672	0.0895	-0.1067	0.6609	-0.1492	0.0414	0.5429	-0.1187	0.8697	0.2826	0.107	
0.44	0.6642	0.1081	0.332	0.2335	0.1391	0.6065	0.0981	-0.1252	0.6882	-0.1438	0.0223	0.5725	-0.1107	0.879	0.2947	0.1278	
0.46	0.6922	0.1051	0.3364	0.2316	0.1302	0.6449	0.1077	-0.1414	0.7164	-0.1377	0.0029	0.6037	-0.1011	0.8796	0.309	0.1511	
0.48	0.7214	0.1025	0.3406	0.2298	0.1229	0.6818	0.1185	-0.1551	0.745	-0.1307	-0.0164	0.6361	-0.09	0.8718	0.3253	0.1771	
0.5	0.7517	0.1001	0.3445	0.228	0.1174	0.7168	0.1306	-0.1662	0.7738	-0.1224	-0.035	0.6696	-0.0773	0.8559	0.3431	0.2061	
0.52	0.783	0.098	0.3482	0.2262	0.1141	0.7501	0.1443	-0.1752	0.8027	-0.1126	-0.0525	0.7039	-0.0633	0.8327	0.3622	0.2379	
0.54	0.8147	0.0961	0.3516	0.2242	0.1129	0.7823	0.1594	-0.1821	0.8316	-0.1012	-0.0685	0.7389	-0.0478	0.8037	0.3825	0.2722	
0.56	0.8465	0.0943	0.3547	0.222	0.1139	0.8142	0.1757	-0.1875	0.8604	-0.0882	-0.0828	0.7743	-0.031	0.7707	0.4039	0.3083	
0.58	0.8778	0.0927	0.3577	0.2194	0.1168	0.8465	0.193	-0.1916	0.8892	-0.0737	-0.0954	0.8096	-0.013	0.7361	0.4261	0.3454	
0.6	0.9083	0.0912	0.3607	0.2164	0.1215	0.8794	0.2113	-0.1945	0.918	-0.058	-0.1063	0.8441	0.006	0.7018	0.4489	0.3835	
0.62	0.9374	0.0897	0.3636	0.213	0.1275	0.9129	0.2309	-0.1962	0.9467	-0.0414	-0.1157	0.8772	0.0258	0.6692	0.4721	0.4225	
0.64	0.9647	0.0883	0.3667	0.2093	0.1347	0.9468	0.2523	-0.1965	0.9756	-0.024	-0.1239	0.9085	0.0464	0.6395	0.4955	0.4624	
0.66	0.9897	0.0869	0.3699	0.2055	0.1427	0.9808	0.2759	-0.1955	1.0044	-0.0061	-0.1311	0.938	0.0678	0.6132	0.5193	0.5031	
0.68	1.0121	0.0856	0.3732	0.2017	0.1513	1.0147	0.3018	-0.1932	1.0329	0.0123	-0.1372	0.9657	0.0901	0.5907	0.5433	0.5446	
0.7	1.0319	0.0844	0.3764	0.1982	0.1604	1.048	0.3295	-0.1895	1.0607	0.0311	-0.1422	0.9918	0.1134	0.5721	0.5673	0.5872	
0.72	1.0488	0.0832	0.3797	0.1956	0.1699	1.0806	0.3584	-0.1848	1.0871	0.0504	-0.1461	1.0164	0.1373	0.5575	0.591	0.6308	
0.74	1.0628	0.0822	0.3833	0.1948	0.1796	1.112	0.3877	-0.179	1.1122	0.07	-0.1488	1.0396	0.1617	0.5466	0.614	0.6753	
0.76	1.0737	0.0812	0.3881	0.1971	0.1894	1.1418	0.417	-0.1725	1.136	0.0899	-0.1501	1.0616	0.1861	0.5391	0.6357	0.7198	
0.78	1.0811	0.0803	0.3948	0.2038	0.1993	1.1697	0.4456	-0.1654	1.159	0.1103	-0.1502	1.0826	0.2102	0.5348	0.6557	0.7628	
0.8	1.0851	0.0795	0.4045	0.2162	0.2091	1.1955	0.4729	-0.1577	1.1815	0.1312	-0.149	1.1029	0.2338	0.5335	0.6741	0.8029	
0.82	1.0854	0.0787	0.4176	0.2348	0.2187	1.2192	0.4983	-0.1494	1.2039	0.1526	-0.1467	1.1227	0.2568	0.5348	0.6909	0.8391	
0.84	1.0823	0.0781	0.434	0.2597	0.2281	1.241	0.5212	-0.1408	1.2261	0.1742	-0.1433	1.1419	0.2793	0.5386	0.7069	0.871	
0.86	1.0759	0.0776	0.453	0.2903	0.2371	1.2609	0.5412	-0.1318	1.2479	0.1956	-0.1389	1.1605	0.3011	0.5444	0.7226	0.8983	
0.88	1.0667	0.0771	0.474	0.3258	0.2457	1.2791	0.558	-0.1227	1.2689	0.2162	-0.1338	1.1784	0.3218	0.5518	0.7388	0.9212	
0.9	1.0553	0.0768	0.4963	0.3647	0.254	1.2956	0.5717	-0.1134	1.2887	0.2355	-0.128	1.1957	0.3413	0.5602	0.7555	0.9397	
0.92	1.0424	0.0766	0.5192	0.4055	0.2618	1.3102	0.5826	-0.1041	1.3071	0.2532	-0.1217	1.2124	0.3592	0.5692	0.7723	0.9543	
0.94	1.0288	0.0765	0.5418	0.4464	0.2693	1.3228	0.5912	-0.0948	1.3237	0.2693	-0.115	1.2286	0.3754	0.5784	0.7888	0.9659	
0.96	1.0151	0.0765	0.563	0.4856	0.2765	1.3338	0.598	-0.0858	1.3382	0.2839	-0.108	1.2443	0.3899	0.5876	0.8042	0.9754	
0.98	1.0019	0.0766	0.5818	0.5218	0.2834	1.3431	0.6033	-0.077	1.3505	0.297	-0.1009	1.2597	0.4029	0.5968	0.8179	0.984	
1	0.9893	0.0769	0.5979	0.554	0.2902	1.351	0.6072	-0.0684	1.3606	0.3087	-0.0935	1.2747	0.4146	0.6062	0.8298	0.9923	
1.02	0.9774	0.0772	0.6113	0.5823	0.2967	1.3576	0.6098	-0.0601	1.369	0.3191	-0.086	1.2892	0.4251	0.616	0.8395	1.0008	
1.04	0.966	0.0777	0.6229	0.6071	0.3031	1.3628	0.6113	-0.052	1.3761	0.3287	-0.0782	1.3032	0.4348	0.6266	0.8469	1.0096	
1.06	0.9548	0.0784	0.6336	0.629	0.3093	1.3665	0.6118	-0.0439	1.3824	0.3378	-0.0702	1.3164	0.4439	0.638	0.8519	1.019	
1.08	0.9437	0.0791	0.6442	0.6488	0.3154	1.3686	0.6119	-0.0358	1.3884	0.3466	-0.062	1.3287	0.4525	0.6505	0.8547	1.0289	
1.1	0.9323	0.08	0.6549	0.6669	0.3214	1.3694	0.6117	-0.0275	1.3942	0.3554	-0.0534	1.3398	0.4606	0.6641	0.8559	1.0391	
1.12	0.9203	0.0809	0.6659	0.6835	0.3275	1.3695	0.6115	-0.0188	1.4001	0.364	-0.044	1.3495	0.4682	0.6789	0.8559	1.0494	
1.14	0.9073	0.082	0.677	0.6985	0.3337	1.3693	0.6115	-0.0096	1.4061	0.3722	-0.0335	1.3577	0.475	0.6951	0.8556	1.0594	
1.16	0.8928	0.0832	0.6882	0.7117	0.3405	1.369	0.6115	0.0006	1.4123	0.3798	-0.0214	1.3642	0.4811	0.7128	0.8553	1.0686	
1.18	0.8764	0.0845	0.6996	0.7229	0.3479	1.3689	0.6116	0.0121	1.4186	0.3865	-0.0075	1.3691	0.4862	0.7318	0.8552	1.0769	
1.2	0.8582	0.086	0.7112	0.732	0.356	1.369	0.6116	0.0251	1.4251	0.392	0.008	1.3723	0.49	0.7519	0.8553	1.0841	
1.22	0.838	0.0876	0.7227	0.7389	0.3648	1.3691	0.6116	0.0396	1.4317	0.3964	0.0246	1.3741	0.4927	0.7722	0.8554	1.0899	
1.24	0.816	0.0892	0.7339	0.7438	0.3738	1.3691	0.6116	0.0553	1.4381	0.3996	0.0414	1.3747	0.4942	0.7919	0.8555	1.0942	
1.26	0.7924	0.0908	0.7446	0.7469	0.3826	1.3692	0.6116	0.0717	1.444	0.4017	0.0574	1.3747	0.4947	0.8101	0.8555	1.0969	
1.28	0.7674	0.0924	0.7546	0.7485	0.3908	1.3691	0.6116	0.0885	1.4494	0.4028	0.0718	1.3745	0.4947	0.8259	0.8554	1.0982	
1.3	0.7412	0.0941	0.7647	0.7487	0.4	1.3691	0.6116	0.1072	1.4549	0.403	0.0879	1.3744	0.4946	0.8425	0.8554	1.0981	
1.32	0.7149	0.0958	0.7748	0.7489	0.4092	1.3691	0.6116	0.1258	1.4604	0.4031	0.104	1.3744	0.4944	0.8591	0.8554	1.098	
1.34	0.6887	0.0975	0.7848	0.7492	0.4184	1.3691	0.6116	0.1445	1.4659	0.4033	0.1201	1.3743	0.4942	0.8757	0.8554	1.0979	
1.36	0.6625	0.0992	0.7949	0.7494	0.4276	1.3691	0.6116	0.1632	1.4715	0.4035	0.1362	1.3742	0.4941	0.8923	0.8553	1.0977	
