0	0.5989	-0.1331	0.1713	0.2091	0.1243	0.1996	0.0842	0.3546	0.2651	-0.019	0.2066	0.184	-0.2311	0.1256	0.1362	-0.3774	
0.02	0.6144	-0.1703	0.1713	0.2108	0.1064	0.1815	0.0822	0.325	0.2777	-0.0121	0.1955	0.2511	-0.1933	0.1102	0.1934	-0.3417	
0.04	0.6298	-0.2074	0.1713	0.2125	0.0885	0.1635	0.0801	0.2954	0.2903	-0.0052	0.1844	0.3183	-0.1556	0.0948	0.2507	-0.306	
0.06	0.6453	-0.2446	0.1713	0.2142	0.0706	0.1455	0.0781	0.2658	0.3029	0.0017	0.1733	0.3855	-0.1178	0.0794	0.3079	-0.2703	
0.08	0.6607	-0.2817	0.1714	0.2159	0.0527	0.1274	0.076	0.2362	0.3156	0.0086	0.1622	0.4527	-0.08	0.064	0.3651	-0.2347	
0.1	0.6758	-0.3189	0.1714	0.2181	0.0348	0.1102	0.0746	0.2084	0.3336	0.0169	0.155	0.5224	-0.0375	0.0494	0.4256	-0.19	
0.12	0.6885	-0.3519	0.1713	0.2211	0.0205	0.1005	0.0752	0.1878	0.3576	0.027	0.15	0.5997	0.008	0.0367	0.4935	-0.1352	
0.14	0.6988	-0.3809	0.1713	0.2247	0.0095	0.0974	0.0775	0.1747	0.387	0.0386	0.1485	0.6813	0.0549	0.0264	0.5662	-0.0723	
0.16	0.7071	-0.4063	0.1713	0.2291	0.0009	0.0996	0.0815	0.1689	0.4204	0.0515	0.1517	0.7628	0.1013	0.0193	0.6405	-0.0039	
0.18	0.7139	-0.4287	0.1714	0.2341	-0.0061	0.1052	0.0869	0.1701	0.4562	0.065	0.1607	0.8405	0.1459	0.016	0.713	0.0668	
0.2	0.7193	-0.448	0.1716	0.2395	-0.0119	0.1133	0.0932	0.178	0.4927	0.0787	0.1759	0.9117	0.1874	0.0169	0.7815	0.1372	
0.22	0.7235	-0.4639	0.1721	0.2454	-0.0166	0.1235	0.1004	0.1924	0.5281	0.0921	0.1969	0.9748	0.2246	0.0224	0.8442	0.2043	
0.24	0.7262	-0.4763	0.173	0.2514	-0.0201	0.1357	0.1083	0.213	0.5609	0.1047	0.2229	1.0289	0.2564	0.0325	0.8997	0.2656	
0.26	0.7273	-0.4854	0.1742	0.2575	-0.0223	0.1499	0.1167	0.2392	0.5898	0.1161	0.2526	1.0734	0.2819	0.0468	0.9468	0.3187	
0.28	0.7268	-0.4915	0.176	0.2635	-0.023	0.1662	0.1256	0.2699	0.6144	0.1263	0.2847	1.1082	0.301	0.0645	0.9849	0.3624	
0.3	0.7245	-0.4953	0.1784	0.2693	-0.0221	0.1846	0.1349	0.3041	0.6344	0.1352	0.3175	1.1344	0.3146	0.0848	1.0144	0.397	
0.32	0.7209	-0.4973	0.1813	0.2748	-0.0199	0.2052	0.1443	0.3401	0.6508	0.1429	0.3497	1.1542	0.3243	0.1066	1.0371	0.424	
0.34	0.7162	-0.498	0.185	0.2802	-0.0164	0.2278	0.154	0.3764	0.6649	0.1496	0.3802	1.17	0.3316	0.1293	1.0552	0.4454	
0.36	0.7109	-0.4981	0.1894	0.2854	-0.0118	0.2523	0.1637	0.4113	0.6781	0.1555	0.4085	1.184	0.3381	0.152	1.0712	0.4632	
0.38	0.7055	-0.498	0.1944	0.2904	-0.0062	0.2784	0.1737	0.4436	0.6911	0.1605	0.4345	1.1976	0.3444	0.1743	1.0865	0.4785	
0.4	0.7004	-0.4978	0.1998	0.2953	0.0003	0.3057	0.1843	0.4722	0.7043	0.1651	0.4584	1.211	0.351	0.1952	1.1021	0.4921	
0.42	0.6958	-0.4977	0.2054	0.3001	0.0077	0.3337	0.1957	0.4969	0.7174	0.1693	0.48	1.224	0.3582	0.2142	1.1179	0.5043	
0.44	0.6919	-0.4978	0.2108	0.3051	0.0161	0.3617	0.2078	0.5176	0.7298	0.1735	0.499	1.2361	0.3661	0.2307	1.1334	0.5156	
0.46	0.6888	-0.4978	0.2158	0.3106	0.0255	0.389	0.2205	0.5347	0.7411	0.178	0.5152	1.247	0.3748	0.2445	1.1481	0.5262	
0.48	0.6867	-0.4979	0.2202	0.3169	0.036	0.4145	0.2331	0.5488	0.7508	0.1827	0.5288	1.2565	0.384	0.2559	1.1616	0.5366	
0.5	0.6855	-0.4979	0.224	0.3244	0.0473	0.4374	0.2451	0.5604	0.7587	0.1877	0.54	1.2646	0.3936	0.2649	1.1736	0.5467	
0.52	0.6851	-0.4979	0.2269	0.3332	0.059	0.4569	0.256	0.5702	0.7645	0.1928	0.5493	1.2711	0.4031	0.2718	1.1836	0.5564	
0.54	0.685	-0.4978	0.2291	0.343	0.0706	0.4727	0.2656	0.5788	0.7684	0.1977	0.5568	1.2759	0.4121	0.2764	1.1914	0.5655	
0.56	0.6852	-0.4978	0.2305	0.3533	0.0814	0.4849	0.2737	0.5867	0.7705	0.2022	0.5623	1.2792	0.4202	0.2791	1.1967	0.5735	
0.58	0.6853	-0.4978	0.2313	0.3636	0.0913	0.4938	0.2801	0.5944	0.7713	0.2062	0.5657	1.281	0.4274	0.2802	1.1997	0.5806	
0.6	0.6853	-0.4978	0.2316	0.3735	0.0999	0.5	0.2845	0.6017	0.7714	0.2095	0.5672	1.2816	0.4331	0.2803	1.2008	0.5865	
0.62	0.6853	-0.4978	0.2316	0.3825	0.107	0.504	0.2872	0.6088	0.7711	0.2121	0.5675	1.2816	0.4371	0.28	1.2008	0.5915	
0.64	0.6853	-0.4979	0.2315	0.3902	0.1126	0.5061	0.2883	0.6154	0.7709	0.2139	0.5671	1.2814	0.4396	0.2797	1.2005	0.5953	
0.66	0.6852	-0.4978	0.2315	0.3975	0.1161	0.5064	0.2881	0.6228	0.7709	0.2146	0.5669	1.2813	0.44	0.2798	1.2003	0.5978	
0.68	0.6852	-0.4978	0.2314	0.4048	0.1196	0.5067	0.2879	0.6302	0.771	0.2153	0.5666	1.2813	0.4404	0.2798	1.2002	0.6003	
0.7	0.6852	-0.4978	0.2314	0.4121	0.1231	0.507	0.2877	0.6376	0.7711	0.216	0.5664	1.2812	0.4409	0.2799	1.2001	0.6028	
0.72	0.6852	-0.4978	0.2314	0.4194	0.1267	0.5073	0.2875	0.645	0.7711	0.2167	0.5662	1.2811	0.4413	0.2799	1.1999	0.6053	
