0	0.4132	0.321	0.2899	0.0676	0.1693	-0.0243	0.0117	0.0201	0.1875	-0.2232	0.0046	-0.0133	-0.0963	-0.0508	-0.2368	0.0567	
0.02	0.4852	0.2904	0.3	0.0676	0.1977	-0.0133	0.0172	0.0488	0.2007	-0.211	-0.0014	0.1123	-0.0606	-0.0714	-0.0846	0.0639	
0.04	0.5572	0.2598	0.3101	0.0676	0.2261	-0.0022	0.0227	0.0775	0.2139	-0.1987	-0.0074	0.2379	-0.0248	-0.0921	0.0676	0.0712	
0.06	0.6292	0.2291	0.3202	0.0676	0.2545	0.0088	0.0282	0.1062	0.227	-0.1865	-0.0134	0.3635	0.0109	-0.1127	0.2198	0.0784	
0.08	0.7011	0.1985	0.3302	0.0676	0.2829	0.0198	0.0337	0.135	0.2402	-0.1742	-0.0194	0.4891	0.0467	-0.1333	0.372	0.0857	
0.1	0.7688	0.1695	0.3381	0.0676	0.3117	0.0332	0.0393	0.1634	0.2557	-0.1624	-0.0261	0.6066	0.0808	-0.1514	0.5046	0.0942	
0.12	0.8348	0.1477	0.3455	0.0676	0.3385	0.0492	0.0457	0.1913	0.2761	-0.1488	-0.0338	0.7258	0.1188	-0.1653	0.6438	0.1045	
0.14	0.8973	0.132	0.3518	0.0676	0.3632	0.0688	0.0535	0.2177	0.3017	-0.1337	-0.0419	0.8431	0.1592	-0.1748	0.7827	0.1162	
0.16	0.9542	0.1207	0.3563	0.0676	0.3854	0.0924	0.0631	0.2415	0.3319	-0.1175	-0.0496	0.9542	0.2	-0.1803	0.9131	0.129	
0.18	1.0039	0.1123	0.3587	0.0676	0.405	0.12	0.0747	0.2621	0.3659	-0.1007	-0.056	1.0549	0.2393	-0.1819	1.0274	0.1424	
0.2	1.0456	0.1052	0.3587	0.0677	0.4209	0.1511	0.0882	0.2791	0.4026	-0.0835	-0.0601	1.1418	0.2757	-0.1802	1.1205	0.1561	
0.22	1.0797	0.0988	0.3564	0.068	0.4324	0.1854	0.1034	0.2925	0.4412	-0.0664	-0.0614	1.2133	0.3083	-0.1754	1.1913	0.1695	
0.24	1.1067	0.0926	0.3524	0.0683	0.439	0.2217	0.1201	0.3024	0.4813	-0.0493	-0.0597	1.2702	0.337	-0.1679	1.2428	0.1822	
0.26	1.128	0.0868	0.3472	0.0689	0.4408	0.259	0.1378	0.3089	0.5221	-0.0323	-0.0551	1.3152	0.3625	-0.1581	1.2806	0.194	
0.28	1.1443	0.0815	0.3414	0.0697	0.4388	0.2957	0.1562	0.3125	0.5628	-0.0154	-0.0485	1.3519	0.3856	-0.1464	1.3106	0.2046	
0.3	1.157	0.0767	0.3353	0.0708	0.4341	0.3304	0.1746	0.3139	0.6021	0.0014	-0.0407	1.3834	0.4072	-0.1335	1.3366	0.2143	
0.32	1.1672	0.0725	0.3294	0.0722	0.4277	0.362	0.1923	0.3139	0.6393	0.018	-0.0325	1.4117	0.4278	-0.1201	1.3603	0.2231	
0.34	1.176	0.0691	0.3236	0.0739	0.4207	0.39	0.2089	0.3135	0.6741	0.034	-0.0247	1.4379	0.4476	-0.1069	1.3816	0.2311	
0.36	1.1843	0.0664	0.318	0.0759	0.4138	0.4145	0.2242	0.3131	0.7067	0.0493	-0.0179	1.4625	0.4665	-0.0947	1.3999	0.2387	
0.38	1.1928	0.0646	0.3126	0.0782	0.4078	0.4356	0.2383	0.313	0.7377	0.0637	-0.0125	1.4854	0.4843	-0.0837	1.4145	0.2456	
0.4	1.2015	0.0636	0.3074	0.0808	0.4032	0.4538	0.2514	0.3131	0.7672	0.0769	-0.0088	1.5068	0.5004	-0.0744	1.4251	0.2521	
0.42	1.2102	0.0632	0.3024	0.0837	0.4004	0.4694	0.2636	0.3133	0.7949	0.089	-0.0067	1.5265	0.5146	-0.0667	1.432	0.2582	
0.44	1.2187	0.0632	0.2975	0.0868	0.3992	0.4829	0.275	0.3134	0.8202	0.0999	-0.0059	1.5444	0.5267	-0.0609	1.4357	0.264	
0.46	1.2267	0.0634	0.2929	0.09	0.399	0.4945	0.2855	0.3134	0.8426	0.1096	-0.0058	1.5602	0.5367	-0.057	1.4371	0.2694	
0.48	1.2339	0.0635	0.2883	0.0934	0.3994	0.5045	0.295	0.3133	0.8619	0.1183	-0.0061	1.5737	0.5447	-0.0547	1.4371	0.2745	
0.5	1.2402	0.0635	0.284	0.0969	0.3997	0.513	0.3035	0.3133	0.8784	0.1257	-0.0063	1.5851	0.5509	-0.0539	1.4368	0.2792	
0.52	1.2454	0.0635	0.2798	0.1006	0.3998	0.5202	0.3108	0.3133	0.8924	0.1321	-0.0064	1.5941	0.5552	-0.0538	1.4364	0.2834	
0.54	1.2496	0.0634	0.2759	0.1044	0.3998	0.5262	0.317	0.3133	0.9045	0.1375	-0.0063	1.601	0.558	-0.0541	1.4363	0.287	
0.56	1.2527	0.0634	0.2722	0.1083	0.3996	0.5314	0.3222	0.3133	0.9151	0.142	-0.0062	1.6059	0.5594	-0.0543	1.4364	0.2899	
0.58	1.2547	0.0634	0.2687	0.1122	0.3995	0.536	0.3266	0.3133	0.9246	0.1459	-0.0062	1.609	0.5599	-0.0544	1.4366	0.2921	
0.6	1.2558	0.0634	0.2654	0.1163	0.3995	0.5402	0.3304	0.3133	0.9335	0.1495	-0.0062	1.6106	0.5599	-0.0543	1.4367	0.2935	
0.62	1.2562	0.0634	0.2623	0.1204	0.3996	0.5443	0.3338	0.3133	0.942	0.153	-0.0062	1.6112	0.5597	-0.0542	1.4367	0.2942	
0.64	1.2562	0.0634	0.2594	0.1249	0.3996	0.5484	0.337	0.3133	0.9503	0.1566	-0.0062	1.6112	0.5596	-0.0542	1.4366	0.2945	
0.66	1.2561	0.0634	0.2565	0.13	0.3996	0.5524	0.3401	0.3133	0.9584	0.1603	-0.0062	1.611	0.5596	-0.0542	1.4366	0.2945	
0.68	1.256	0.0634	0.2537	0.1363	0.3996	0.5565	0.3431	0.3133	0.9659	0.1642	-0.0062	1.6108	0.5596	-0.0542	1.4366	0.2944	
0.7	1.2559	0.0634	0.2508	0.1442	0.3996	0.5606	0.3461	0.3133	0.9727	0.1685	-0.0062	1.6108	0.5597	-0.0542	1.4366	0.2943	
0.72	1.256	0.0634	0.2479	0.154	0.3996	0.5648	0.3491	0.3133	0.9784	0.1731	-0.0062	1.6108	0.5597	-0.0542	1.4366	0.2943	
0.74	1.256	0.0634	0.2449	0.1658	0.3996	0.569	0.3521	0.3133	0.9827	0.1783	-0.0062	1.6109	0.5597	-0.0542	1.4366	0.2943	
0.76	1.2561	0.0634	0.2417	0.1797	0.3996	0.5734	0.3551	0.3133	0.9856	0.1838	-0.0062	1.6109	0.5597	-0.0542	1.4366	0.2944	
0.78	1.2561	0.0634	0.2383	0.1957	0.3996	0.5779	0.3581	0.3133	0.9872	0.1897	-0.0062	1.6109	0.5597	-0.0542	1.4366	0.2944	
0.8	1.256	0.0634	0.2346	0.214	0.3996	0.5825	0.3611	0.3133	0.9877	0.1956	-0.0062	1.6109	0.5597	-0.0542	1.4366	0.2944	
0.82	1.256	0.0634	0.2305	0.2346	0.3996	0.587	0.364	0.3133	0.9877	0.2013	-0.0062	1.6109	0.5597	-0.0542	1.4366	0.2944	
0.84	1.256	0.0634	0.2261	0.2571	0.3996	0.5913	0.3668	0.3133	0.9875	0.2066	-0.0062	1.6109	0.5597	-0.0542	1.4366	0.2944	
0.86	1.256	0.0634	0.2212	0.2807	0.3996	0.5953	0.3693	0.3133	0.9874	0.2112	-0.0062	1.6109	0.5597	-0.0542	1.4366	0.2944	
0.88	1.256	0.0634	0.2159	0.3043	0.3996	0.5988	0.3715	0.3133	0.9874	0.2151	-0.0062	1.6109	0.5597	-0.0542	1.4366	0.2944	
0.9	1.256	0.0634	0.2101	0.3265	0.3996	0.6018	0.3734	0.3133	0.9874	0.2182	-0.0062	1.6109	0.5597	-0.0542	1.4366	0.2944	
0.92	1.256	0.0634	0.2039	0.3463	0.3996	0.6044	0.375	0.3133	0.9875	0.2205	-0.0062	1.6109	0.5597	-0.0542	1.4366	0.2944	
0.94	1.256	0.0634	0.1974	0.3633	0.3996	0.6063	0.3762	0.3133	0.9875	0.2221	-0.0062	1.6109	0.5597	-0.0542	1.4366	0.2944	
0.96	1.256	0.0634	0.1905	0.3806	0.3996	0.6078	0.3771	0.3133	0.9875	0.2227	-0.0062	1.6109	0.5597	-0.0542	1.4366	0.2944	
0.98	1.256	0.0634	0.1836	0.3979	0.3996	0.6093	0.378	0.3133	0.9875	0.2233	-0.0062	1.6109	0.5597	-0.0542	1.4366	0.2944	
1	1.256	0.0634	0.1768	0.4153	0.3996	0.6108	0.3789	0.3133	0.9874	0.2238	-0.0062	1.6109	0.5597	-0.0542	1.4366	0.2944	
1.02	1.256	0.0634	0.1699	0.4326	0.3996	0.6123	0.3798	0.3133	0.9874	0.2244	-0.0062	1.6109	0.5597	-0.0542	1.4366	0.2944	
