0	0.702	0.3816	0.0301	-0.0568	0.1783	-0.0126	-0.065	0.1416	0.0069	-0.0873	0.2087	-0.0497	-0.2008	0.3361	-0.1854	0.0391	
0.02	0.7236	0.3664	0.0301	-0.0573	0.1899	-0.0059	-0.0564	0.1421	0.0194	-0.0826	0.2048	-0.0324	-0.1978	0.3445	-0.1854	0.0391	
0.04	0.7452	0.3512	0.0301	-0.0577	0.2015	0.0008	-0.0478	0.1426	0.0318	-0.0778	0.2009	-0.0151	-0.1948	0.3528	-0.1854	0.0391	
0.06	0.7668	0.336	0.0301	-0.0582	0.2131	0.0075	-0.0392	0.143	0.0443	-0.0731	0.197	0.0022	-0.1918	0.3612	-0.1854	0.0391	
0.08	0.7884	0.3207	0.0301	-0.0586	0.2248	0.0143	-0.0306	0.1435	0.0568	-0.0684	0.1931	0.0195	-0.1888	0.3696	-0.1854	0.0391	
0.1	0.8115	0.3061	0.0301	-0.0599	0.236	0.0209	-0.0231	0.1444	0.0677	-0.0641	0.1887	0.0346	-0.1855	0.3788	-0.1854	0.0391	
0.12	0.8318	0.2919	0.0301	-0.062	0.2466	0.0284	-0.0157	0.1458	0.0791	-0.0596	0.1836	0.0492	-0.1816	0.3899	-0.1854	0.0391	
0.14	0.8504	0.2782	0.0301	-0.065	0.2563	0.0365	-0.0087	0.1477	0.0907	-0.0551	0.1777	0.063	-0.177	0.4026	-0.1854	0.0391	
0.16	0.8686	0.2646	0.0301	-0.069	0.2654	0.0448	-0.0024	0.1502	0.1018	-0.0506	0.1715	0.0754	-0.1721	0.4165	-0.1853	0.0391	
0.18	0.8874	0.2512	0.0301	-0.0739	0.2738	0.0532	0.0032	0.1533	0.1123	-0.0465	0.1653	0.086	-0.1671	0.4312	-0.1852	0.0391	
0.2	0.9075	0.238	0.0301	-0.0796	0.2818	0.0616	0.008	0.157	0.122	-0.0428	0.1595	0.0949	-0.162	0.446	-0.1848	0.0392	
0.22	0.9291	0.225	0.0301	-0.0859	0.2892	0.0701	0.0121	0.1613	0.1312	-0.0394	0.1544	0.1025	-0.1571	0.4605	-0.1841	0.0393	
0.24	0.9522	0.2123	0.0301	-0.0925	0.2961	0.079	0.0158	0.166	0.1402	-0.0363	0.1503	0.1091	-0.1525	0.4743	-0.1831	0.0395	
0.26	0.9763	0.1998	0.0301	-0.0993	0.3027	0.0889	0.0194	0.171	0.1494	-0.0334	0.1473	0.1154	-0.1482	0.4874	-0.1816	0.0398	
0.28	1.0011	0.1874	0.03	-0.1059	0.3088	0.1004	0.0231	0.1763	0.159	-0.0305	0.1457	0.1214	-0.1442	0.4998	-0.1796	0.0403	
0.3	1.0262	0.1754	0.0299	-0.1121	0.3146	0.1142	0.0271	0.1818	0.1694	-0.0276	0.1453	0.1272	-0.1405	0.5118	-0.1771	0.041	
0.32	1.0509	0.1636	0.0298	-0.118	0.32	0.131	0.0318	0.1873	0.1805	-0.0246	0.1462	0.133	-0.1371	0.5235	-0.174	0.0418	
0.34	1.0747	0.1521	0.0295	-0.1234	0.3252	0.1511	0.0374	0.1931	0.1924	-0.0215	0.1483	0.1387	-0.1338	0.5351	-0.1702	0.0428	
0.36	1.0973	0.1409	0.029	-0.1284	0.3302	0.1748	0.044	0.1989	0.2052	-0.0184	0.1515	0.1443	-0.1305	0.5468	-0.166	0.044	
0.38	1.1184	0.1299	0.0283	-0.133	0.335	0.2015	0.0518	0.205	0.2189	-0.0153	0.1555	0.1499	-0.1273	0.5586	-0.1612	0.0454	
0.4	1.1381	0.1189	0.0273	-0.1374	0.3397	0.2308	0.0608	0.2113	0.2333	-0.0121	0.1604	0.1556	-0.1239	0.5707	-0.1559	0.0469	
0.42	1.1568	0.108	0.0261	-0.1415	0.3445	0.2616	0.071	0.2178	0.2483	-0.0088	0.166	0.1613	-0.1204	0.5831	-0.1503	0.0487	
0.44	1.1749	0.0972	0.0246	-0.1452	0.3493	0.2932	0.0822	0.2248	0.2634	-0.0054	0.1725	0.1671	-0.1167	0.596	-0.1443	0.0505	
0.46	1.1927	0.0863	0.0228	-0.1486	0.3542	0.3249	0.0943	0.2323	0.2784	-0.0019	0.1803	0.1729	-0.1129	0.6097	-0.138	0.0525	
0.48	1.2107	0.0754	0.0207	-0.1516	0.3593	0.3559	0.1068	0.2405	0.293	0.0018	0.1895	0.1789	-0.1087	0.6244	-0.1311	0.0546	
0.5	1.2292	0.0644	0.0183	-0.154	0.3646	0.3857	0.1195	0.2495	0.307	0.0056	0.2005	0.1849	-0.1043	0.6405	-0.1234	0.0568	
0.52	1.2485	0.0533	0.0157	-0.1558	0.3701	0.4138	0.132	0.2595	0.3202	0.0097	0.2132	0.1912	-0.0995	0.6583	-0.115	0.059	
0.54	1.2686	0.0423	0.0128	-0.157	0.3758	0.4399	0.144	0.2708	0.3326	0.0139	0.2276	0.1976	-0.0944	0.6778	-0.1055	0.0613	
0.56	1.2893	0.0313	0.0097	-0.1576	0.3818	0.4639	0.1555	0.2835	0.3441	0.0183	0.2438	0.2042	-0.0889	0.6989	-0.0951	0.0638	
0.58	1.3102	0.0206	0.0064	-0.1575	0.388	0.4862	0.1664	0.2978	0.3549	0.0229	0.2615	0.2111	-0.0831	0.721	-0.0838	0.0662	
0.6	1.3309	0.0101	0.0028	-0.1567	0.3944	0.5072	0.1767	0.3138	0.3653	0.0276	0.2805	0.2182	-0.0767	0.7436	-0.0717	0.0688	
0.62	1.3508	0	-0.0008	-0.1552	0.401	0.527	0.1863	0.3313	0.3756	0.0323	0.3004	0.2258	-0.07	0.766	-0.0591	0.0713	
0.64	1.3694	-0.0094	-0.0047	-0.1531	0.4078	0.5458	0.1953	0.3501	0.3861	0.0369	0.3208	0.234	-0.0626	0.7878	-0.0462	0.0739	
0.66	1.3864	-0.0181	-0.0086	-0.1505	0.4146	0.5636	0.2037	0.3692	0.3969	0.0415	0.3411	0.2433	-0.0545	0.8086	-0.0331	0.0767	
0.68	1.4016	-0.0258	-0.0127	-0.1472	0.4216	0.58	0.2113	0.388	0.4083	0.0458	0.361	0.2541	-0.0455	0.8281	-0.0203	0.0801	
0.7	1.4151	-0.0324	-0.0171	-0.1431	0.4288	0.5952	0.2183	0.4054	0.4201	0.0501	0.3802	0.2669	-0.0352	0.8463	-0.0078	0.0844	
0.72	1.4269	-0.0379	-0.0218	-0.138	0.4361	0.6092	0.2248	0.4208	0.4323	0.0544	0.3984	0.2817	-0.0236	0.8633	0.0042	0.09	
0.74	1.4374	-0.0426	-0.027	-0.1311	0.4435	0.622	0.2309	0.4337	0.4453	0.059	0.4156	0.2986	-0.0105	0.8793	0.0156	0.0972	
0.76	1.4466	-0.0467	-0.0327	-0.1214	0.4511	0.634	0.2366	0.444	0.4593	0.0643	0.4316	0.3176	0.0041	0.8947	0.0265	0.1059	
0.78	1.4547	-0.0504	-0.039	-0.108	0.4589	0.6454	0.2422	0.4517	0.4749	0.0704	0.4461	0.3384	0.0198	0.9096	0.0372	0.1159	
0.8	1.4615	-0.054	-0.0459	-0.0895	0.4668	0.6567	0.2478	0.4568	0.4925	0.0774	0.4588	0.3604	0.0362	0.9238	0.0476	0.1269	
0.82	1.4674	-0.0574	-0.0534	-0.0654	0.4748	0.668	0.2533	0.4597	0.5122	0.0851	0.4695	0.3833	0.053	0.937	0.0579	0.1385	
0.84	1.4724	-0.0609	-0.0614	-0.0358	0.4828	0.6796	0.259	0.4609	0.5338	0.0935	0.4778	0.4064	0.0697	0.9489	0.0682	0.1504	
0.86	1.4767	-0.0643	-0.0697	-0.0015	0.4909	0.6915	0.2648	0.461	0.5573	0.1023	0.4834	0.4293	0.0861	0.9592	0.0785	0.1623	
0.88	1.4807	-0.0677	-0.0782	0.0365	0.4988	0.7035	0.2707	0.4607	0.5823	0.1113	0.4863	0.4515	0.1021	0.9676	0.0887	0.1741	
0.9	1.4845	-0.0712	-0.0866	0.0771	0.5066	0.7152	0.2766	0.4604	0.6088	0.1202	0.4862	0.473	0.1174	0.974	0.099	0.1854	
0.92	1.4882	-0.0749	-0.0947	0.1197	0.5141	0.7261	0.2825	0.4603	0.6364	0.1287	0.4834	0.4938	0.1319	0.9783	0.1094	0.196	
0.94	1.4919	-0.0786	-0.1022	0.1637	0.5214	0.736	0.2883	0.4604	0.6643	0.1365	0.4783	0.5139	0.1453	0.9807	0.1199	0.2061	
0.96	1.4957	-0.0825	-0.1092	0.2082	0.5284	0.7444	0.2938	0.4605	0.6915	0.1434	0.4719	0.5334	0.1573	0.9816	0.1306	0.2156	
0.98	1.4996	-0.0864	-0.1157	0.2523	0.5353	0.7513	0.299	0.4606	0.7167	0.1494	0.4647	0.5519	0.1677	0.9816	0.1418	0.2249	
1	1.5035	-0.0902	-0.1221	0.2946	0.5422	0.7564	0.304	0.4606	0.7388	0.1546	0.4576	0.569	0.1767	0.9813	0.1532	0.2342	
1.02	1.5077	-0.0938	-0.1287	0.3345	0.5495	0.7598	0.3087	0.4606	0.7575	0.1594	0.451	0.5844	0.1843	0.9811	0.1648	0.2437	
1.04	1.5119	-0.097	-0.136	0.372	0.5575	0.7616	0.3133	0.4605	0.7726	0.164	0.4453	0.5976	0.1904	0.981	0.1762	0.2536	
1.06	1.5163	-0.0997	-0.1442	0.4073	0.5664	0.7623	0.3178	0.4605	0.7846	0.1687	0.4409	0.6086	0.1952	0.9811	0.187	0.2637	
1.08	1.5209	-0.102	-0.1532	0.4407	0.5762	0.7623	0.3224	0.4605	0.7935	0.1735	0.4377	0.6173	0.1984	0.9812	0.1968	0.2737	
1.1	1.5254	-0.1038	-0.1627	0.4718	0.5866	0.7621	0.3269	0.4605	0.7995	0.1786	0.4359	0.6237	0.2002	0.9813	0.2053	0.2831	
1.12	1.5298	-0.1051	-0.1722	0.5	0.5971	0.7619	0.3314	0.4605	0.803	0.1837	0.4352	0.6278	0.2009	0.9813	0.2124	0.2917	
1.14	1.5339	-0.1059	-0.1813	0.5245	0.6073	0.7619	0.3356	0.4605	0.8044	0.1886	0.4351	0.63	0.201	0.9812	0.218	0.2993	
1.16	1.5376	-0.1064	-0.1897	0.5448	0.6166	0.7619	0.3395	0.4605	0.8045	0.1931	0.4353	0.6309	0.2007	0.9812	0.2221	0.3059	
1.18	1.5407	-0.1066	-0.1969	0.5611	0.6246	0.762	0.3428	0.4605	0.8041	0.1971	0.4355	0.6309	0.2005	0.9812	0.2249	0.3113	
1.2	1.5438	-0.1065	-0.2037	0.5752	0.6328	0.762	0.3462	0.4605	0.8039	0.2014	0.4355	0.6306	0.2006	0.9812	0.226	0.3162	
1.22	1.5469	-0.1065	-0.2106	0.5893	0.641	0.762	0.3496	0.4605	0.8037	0.2056	0.4354	0.6304	0.2006	0.9812	0.227	0.3211	
1.24	1.55	-0.1064	-0.2174	0.6034	0.6491	0.762	0.353	0.4605	0.8036	0.2098	0.4354	0.6302	0.2007	0.9812	0.2281	0.326	
1.26	1.5531	-0.1064	-0.2242	0.6175	0.6573	0.762	0.3564	0.4605	0.8034	0.2141	0.4354	0.6299	0.2007	0.9812	0.2291	0.331	
