0	0.362	0.148	0.1244	0.0617	0.1016	0.0547	0.0599	0.0155	0.191	-0.1951	-0.0771	-0.0292	-0.0442	-0.1605	-0.1596	0.0766	
0.02	0.423	0.1368	0.1228	0.0577	0.1065	0.057	0.0627	0.0057	0.1909	-0.1951	-0.0771	-0.0292	-0.0442	-0.1605	-0.1596	0.0766	
0.04	0.4841	0.1256	0.1212	0.0537	0.1114	0.0593	0.0656	-0.0041	0.1909	-0.1951	-0.0772	-0.0292	-0.0442	-0.1605	-0.1596	0.0766	
0.06	0.5451	0.1143	0.1197	0.0497	0.1164	0.0616	0.0684	-0.0138	0.1909	-0.1951	-0.0772	-0.0292	-0.0442	-0.1605	-0.1596	0.0766	
0.08	0.6061	0.1031	0.1181	0.0457	0.1213	0.0638	0.0713	-0.0236	0.1909	-0.1952	-0.0772	-0.0292	-0.0442	-0.1605	-0.1596	0.0766	
0.1	0.6649	0.0921	0.1159	0.0414	0.129	0.0679	0.0747	-0.0321	0.1911	-0.1952	-0.0772	-0.0292	-0.0442	-0.1605	-0.1596	0.0766	
0.12	0.7217	0.083	0.1129	0.0366	0.1404	0.0741	0.0792	-0.0384	0.1916	-0.1952	-0.0772	-0.0292	-0.0442	-0.1605	-0.1596	0.0766	
0.14	0.7767	0.0756	0.1092	0.0314	0.1562	0.0829	0.0848	-0.0424	0.1927	-0.1951	-0.0771	-0.0292	-0.0442	-0.1605	-0.1596	0.0766	
0.16	0.8303	0.0694	0.1048	0.0262	0.1771	0.0946	0.0914	-0.0443	0.1948	-0.1948	-0.0766	-0.0292	-0.0442	-0.1605	-0.1596	0.0766	
0.18	0.8823	0.064	0.1	0.0214	0.2034	0.1091	0.0988	-0.0441	0.198	-0.1943	-0.0758	-0.0292	-0.0442	-0.1605	-0.1596	0.0766	
0.2	0.9321	0.0592	0.0951	0.0176	0.2349	0.1263	0.1068	-0.0421	0.2025	-0.1934	-0.0744	-0.0292	-0.0442	-0.1605	-0.1596	0.0766	
0.22	0.9793	0.0547	0.0903	0.0151	0.2711	0.1465	0.1152	-0.0384	0.2081	-0.1921	-0.0724	-0.0292	-0.0442	-0.1605	-0.1596	0.0766	
0.24	1.0234	0.0505	0.0861	0.0142	0.3111	0.1701	0.1237	-0.0328	0.2146	-0.1902	-0.0694	-0.0292	-0.0442	-0.1605	-0.1596	0.0766	
0.26	1.0644	0.0464	0.0826	0.0148	0.3537	0.1977	0.1324	-0.0254	0.2215	-0.1876	-0.0653	-0.0292	-0.0442	-0.1605	-0.1596	0.0766	
0.28	1.1023	0.0423	0.0802	0.0167	0.3972	0.23	0.1414	-0.0157	0.2285	-0.1844	-0.0601	-0.0292	-0.0442	-0.1605	-0.1596	0.0766	
0.3	1.1372	0.0383	0.079	0.0201	0.4402	0.2675	0.1512	-0.0037	0.235	-0.1805	-0.0538	-0.0292	-0.0442	-0.1605	-0.1596	0.0766	
0.32	1.1686	0.0343	0.079	0.0249	0.481	0.31	0.162	0.0107	0.2408	-0.1764	-0.0466	-0.0292	-0.0442	-0.1605	-0.1596	0.0766	
0.34	1.1961	0.0306	0.0801	0.0319	0.5186	0.3573	0.1742	0.0271	0.2457	-0.1721	-0.0388	-0.0292	-0.0442	-0.1605	-0.1596	0.0766	
0.36	1.2197	0.0272	0.0823	0.0421	0.5525	0.4085	0.1881	0.0452	0.2493	-0.168	-0.0311	-0.0292	-0.0442	-0.1605	-0.1596	0.0766	
0.38	1.2395	0.0242	0.0855	0.0567	0.5827	0.4625	0.204	0.0645	0.2517	-0.1642	-0.0237	-0.0292	-0.0442	-0.1605	-0.1596	0.0766	
0.4	1.2561	0.0219	0.0893	0.0765	0.6096	0.5176	0.2221	0.0843	0.2531	-0.161	-0.0171	-0.0292	-0.0442	-0.1605	-0.1596	0.0766	
0.42	1.2701	0.0201	0.0938	0.102	0.6335	0.5717	0.2423	0.1041	0.2536	-0.1584	-0.0114	-0.0292	-0.0442	-0.1605	-0.1596	0.0766	
0.44	1.2822	0.0189	0.0986	0.1332	0.6549	0.6226	0.2646	0.1232	0.2536	-0.1565	-0.0069	-0.0292	-0.0442	-0.1605	-0.1596	0.0766	
0.46	1.2927	0.0183	0.1035	0.1692	0.674	0.6683	0.2884	0.1408	0.2534	-0.1552	-0.0035	-0.0292	-0.0442	-0.1605	-0.1596	0.0766	
0.48	1.3017	0.0181	0.1084	0.2091	0.691	0.7073	0.3128	0.1565	0.2533	-0.1545	-0.0013	-0.0292	-0.0442	-0.1605	-0.1596	0.0766	
0.5	1.3092	0.0181	0.1132	0.2518	0.706	0.739	0.337	0.1702	0.2533	-0.1542	-0.0001	-0.0292	-0.0442	-0.1605	-0.1596	0.0766	
0.52	1.3155	0.0182	0.1176	0.2961	0.7189	0.764	0.3604	0.1818	0.2533	-0.1542	0.0004	-0.0292	-0.0442	-0.1605	-0.1596	0.0766	
0.54	1.3209	0.0182	0.1215	0.3405	0.7298	0.783	0.3826	0.1917	0.2534	-0.1543	0.0004	-0.0292	-0.0442	-0.1605	-0.1596	0.0766	
0.56	1.3256	0.0182	0.1247	0.3839	0.7386	0.7976	0.4032	0.2004	0.2534	-0.1544	0.0002	-0.0292	-0.0442	-0.1605	-0.1596	0.0766	
0.58	1.3299	0.0182	0.1271	0.4252	0.7451	0.8092	0.4222	0.2084	0.2534	-0.1544	0.0001	-0.0292	-0.0442	-0.1605	-0.1596	0.0766	
0.6	1.3341	0.0182	0.1287	0.4636	0.7493	0.8189	0.4395	0.2159	0.2534	-0.1544	0.0001	-0.0292	-0.0442	-0.1605	-0.1596	0.0766	
0.62	1.3383	0.0182	0.1292	0.4992	0.7516	0.8276	0.4548	0.2233	0.2534	-0.1544	0.0001	-0.0292	-0.0442	-0.1605	-0.1596	0.0766	
0.64	1.3425	0.0182	0.1287	0.5323	0.7524	0.8358	0.4679	0.2306	0.2534	-0.1543	0.0002	-0.0292	-0.0442	-0.1605	-0.1596	0.0766	
0.66	1.3468	0.0182	0.1271	0.5632	0.7523	0.8436	0.4788	0.2379	0.2534	-0.1543	0.0002	-0.0292	-0.0442	-0.1605	-0.1596	0.0766	
0.68	1.3512	0.0182	0.1245	0.5925	0.752	0.8508	0.4878	0.2449	0.2534	-0.1544	0.0002	-0.0292	-0.0442	-0.1605	-0.1596	0.0766	
0.7	1.3558	0.0182	0.121	0.62	0.7518	0.8571	0.495	0.2513	0.2534	-0.1544	0.0002	-0.0292	-0.0442	-0.1605	-0.1596	0.0766	
0.72	1.3604	0.0182	0.1169	0.6454	0.7518	0.8623	0.5006	0.2571	0.2534	-0.1544	0.0002	-0.0292	-0.0442	-0.1605	-0.1596	0.0766	
0.74	1.3651	0.0182	0.1126	0.668	0.7519	0.8663	0.5047	0.2621	0.2534	-0.1544	0.0002	-0.0292	-0.0442	-0.1605	-0.1596	0.0766	
0.76	1.3698	0.0182	0.1083	0.6872	0.752	0.869	0.5074	0.2662	0.2534	-0.1544	0.0002	-0.0292	-0.0442	-0.1605	-0.1596	0.0766	
0.78	1.3743	0.0182	0.1043	0.7027	0.752	0.8704	0.5089	0.2695	0.2534	-0.1544	0.0002	-0.0292	-0.0442	-0.1605	-0.1596	0.0766	
0.8	1.3785	0.0182	0.1009	0.7145	0.752	0.8709	0.5095	0.2719	0.2534	-0.1544	0.0002	-0.0292	-0.0442	-0.1605	-0.1596	0.0766	
0.82	1.3828	0.0182	0.0975	0.7243	0.752	0.8708	0.5094	0.2732	0.2534	-0.1544	0.0002	-0.0292	-0.0442	-0.1605	-0.1596	0.0766	
0.84	1.3871	0.0182	0.0942	0.7341	0.7519	0.8706	0.5092	0.2746	0.2534	-0.1544	0.0002	-0.0292	-0.0442	-0.1605	-0.1596	0.0766	
0.86	1.3915	0.0182	0.0908	0.7439	0.7519	0.8705	0.509	0.2759	0.2534	-0.1544	0.0002	-0.0292	-0.0442	-0.1605	-0.1596	0.0766	
0.88	1.3958	0.0182	0.0874	0.7538	0.7519	0.8704	0.5089	0.2773	0.2534	-0.1544	0.0002	-0.0292	-0.0442	-0.1605	-0.1596	0.0766	
