0	0.4305	0.3999	0.1052	-0.0351	0.3801	0.141	0.2039	0.4693	-0.0017	0.1081	0.3252	0.0754	0.0419	0.2162	0.1547	0.3373	
0.02	0.4305	0.3999	0.1052	-0.0351	0.3801	0.134	0.2039	0.4693	-0.0228	0.1081	0.3252	0.0583	0.0419	0.2166	0.1382	0.3321	
0.04	0.4305	0.3999	0.1052	-0.0351	0.3801	0.127	0.2039	0.4693	-0.044	0.1081	0.3252	0.0413	0.0419	0.217	0.1216	0.3269	
0.06	0.4305	0.3999	0.1052	-0.0351	0.3801	0.12	0.2039	0.4693	-0.0651	0.1081	0.3252	0.0242	0.0419	0.2174	0.1051	0.3217	
0.08	0.4305	0.3999	0.1052	-0.0351	0.3801	0.1129	0.2039	0.4693	-0.0863	0.1081	0.3252	0.0071	0.0419	0.2179	0.0885	0.3165	
0.1	0.4305	0.3999	0.1052	-0.0351	0.3801	0.1063	0.2039	0.4693	-0.1043	0.1081	0.3252	-0.0096	0.0419	0.2184	0.0727	0.3113	
0.12	0.4305	0.3999	0.1052	-0.0351	0.3801	0.0989	0.2039	0.4693	-0.121	0.1081	0.3252	-0.0244	0.0419	0.2192	0.0592	0.3073	
0.14	0.4305	0.3999	0.1052	-0.0351	0.3802	0.0911	0.2039	0.4693	-0.1361	0.1081	0.3252	-0.0374	0.0419	0.2201	0.0478	0.3043	
0.16	0.4305	0.3999	0.1052	-0.0351	0.3802	0.0833	0.2039	0.4693	-0.1491	0.1081	0.3252	-0.0491	0.0419	0.2213	0.0382	0.302	
0.18	0.4305	0.3999	0.1052	-0.0351	0.3804	0.0758	0.2039	0.4693	-0.1596	0.1081	0.3253	-0.0598	0.0419	0.2227	0.0298	0.3001	
0.2	0.4305	0.3999	0.1052	-0.0351	0.3806	0.069	0.2039	0.4693	-0.168	0.1081	0.3254	-0.0699	0.0419	0.2243	0.0223	0.2985	
0.22	0.4305	0.3999	0.1052	-0.0351	0.3809	0.0629	0.2039	0.4693	-0.1749	0.1081	0.3256	-0.0794	0.0419	0.2262	0.0153	0.2969	
0.24	0.4305	0.3999	0.1052	-0.0351	0.3813	0.0576	0.2039	0.4693	-0.1811	0.1081	0.3259	-0.0884	0.0419	0.2282	0.0085	0.2954	
0.26	0.4305	0.3999	0.1052	-0.0351	0.3819	0.053	0.2039	0.4693	-0.187	0.1081	0.3263	-0.0969	0.0419	0.2304	0.002	0.294	
0.28	0.4305	0.3999	0.1052	-0.0351	0.3825	0.0488	0.2039	0.4693	-0.1928	0.1081	0.3268	-0.1049	0.0419	0.2327	-0.0043	0.2928	
0.3	0.4305	0.3999	0.1052	-0.0351	0.3833	0.0449	0.2039	0.4693	-0.1985	0.1081	0.3275	-0.1124	0.0419	0.2352	-0.0105	0.2916	
0.32	0.4305	0.3999	0.1052	-0.0351	0.3843	0.0411	0.2039	0.4693	-0.204	0.1081	0.3284	-0.1193	0.0419	0.2378	-0.0167	0.2906	
0.34	0.4305	0.3999	0.1052	-0.0351	0.3853	0.0374	0.2039	0.4693	-0.2092	0.1081	0.3295	-0.1259	0.0419	0.2405	-0.0228	0.2895	
0.36	0.4305	0.3999	0.1052	-0.0351	0.3865	0.0339	0.2039	0.4693	-0.2141	0.1081	0.3307	-0.132	0.0419	0.2433	-0.0288	0.2886	
0.38	0.4305	0.3999	0.1052	-0.0351	0.3877	0.0306	0.2039	0.4693	-0.2188	0.1081	0.3321	-0.1378	0.0419	0.2462	-0.0348	0.2876	
0.4	0.4306	0.3999	0.1052	-0.0351	0.3891	0.0275	0.2039	0.4693	-0.2231	0.1081	0.3336	-0.1433	0.0419	0.2492	-0.0407	0.2866	
0.42	0.4306	0.3999	0.1052	-0.0351	0.3906	0.0247	0.2039	0.4694	-0.2272	0.108	0.3352	-0.1485	0.0419	0.2521	-0.0465	0.2856	
0.44	0.4308	0.3999	0.1052	-0.0351	0.3921	0.0221	0.2039	0.4694	-0.2309	0.1079	0.337	-0.1535	0.0419	0.2552	-0.052	0.2845	
0.46	0.431	0.3999	0.1052	-0.0351	0.3937	0.0197	0.2039	0.4695	-0.2342	0.1078	0.3389	-0.1583	0.0419	0.2582	-0.0573	0.2834	
0.48	0.4313	0.3998	0.1052	-0.0351	0.3954	0.0177	0.2039	0.4696	-0.2371	0.1075	0.341	-0.1626	0.0419	0.2612	-0.0624	0.2823	
0.5	0.4317	0.3997	0.1052	-0.0351	0.3972	0.0159	0.2039	0.4699	-0.2394	0.1072	0.3431	-0.1666	0.0419	0.2642	-0.0671	0.2811	
0.52	0.4322	0.3996	0.1052	-0.0351	0.399	0.0144	0.2039	0.4702	-0.2413	0.1067	0.3453	-0.1701	0.0419	0.2672	-0.0715	0.2799	
0.54	0.4328	0.3994	0.1052	-0.0351	0.4009	0.0132	0.2039	0.4707	-0.2426	0.1061	0.3476	-0.1731	0.0419	0.2701	-0.0755	0.2786	
0.56	0.4336	0.3991	0.1052	-0.0351	0.4028	0.0123	0.2039	0.4713	-0.2432	0.1054	0.3499	-0.1754	0.0419	0.273	-0.0791	0.2774	
0.58	0.4345	0.3987	0.1052	-0.0351	0.4047	0.0118	0.2039	0.4721	-0.2432	0.1045	0.3523	-0.1771	0.0419	0.2758	-0.0822	0.2761	
0.6	0.4355	0.3983	0.1052	-0.0351	0.4067	0.0115	0.2039	0.473	-0.2424	0.1035	0.3548	-0.1782	0.0419	0.2785	-0.0848	0.2747	
0.62	0.4367	0.3978	0.1052	-0.0351	0.4087	0.0115	0.2039	0.474	-0.2408	0.1024	0.3573	-0.1785	0.0419	0.2812	-0.0869	0.2734	
0.64	0.438	0.3971	0.1052	-0.0351	0.4107	0.0118	0.2039	0.4753	-0.2385	0.1012	0.3598	-0.1781	0.0419	0.2838	-0.0884	0.2721	
0.66	0.4394	0.3965	0.1052	-0.0351	0.4128	0.0124	0.204	0.4766	-0.2354	0.0998	0.3624	-0.177	0.0419	0.2864	-0.0893	0.2708	
0.68	0.4409	0.3957	0.1052	-0.0351	0.4148	0.0132	0.204	0.4782	-0.2316	0.0984	0.365	-0.1751	0.042	0.2889	-0.0896	0.2696	
0.7	0.4425	0.3949	0.1052	-0.0351	0.4168	0.0142	0.2041	0.4798	-0.2271	0.097	0.3675	-0.1726	0.042	0.2914	-0.0894	0.2683	
0.72	0.4442	0.394	0.1052	-0.0352	0.4188	0.0155	0.2042	0.4816	-0.2219	0.0954	0.3701	-0.1694	0.042	0.2939	-0.0885	0.2671	
0.74	0.446	0.3931	0.1052	-0.0352	0.4208	0.0169	0.2043	0.4835	-0.2161	0.0939	0.3726	-0.1656	0.0421	0.2964	-0.0871	0.2659	
0.76	0.4479	0.3921	0.1052	-0.0352	0.4227	0.0186	0.2045	0.4856	-0.2099	0.0923	0.3752	-0.1614	0.0422	0.2989	-0.0851	0.2648	
0.78	0.4499	0.3911	0.1052	-0.0353	0.4247	0.0204	0.2047	0.4878	-0.2033	0.0906	0.3776	-0.1566	0.0424	0.3014	-0.0826	0.2637	
0.8	0.4519	0.3901	0.1052	-0.0354	0.4266	0.0225	0.205	0.4901	-0.1964	0.089	0.3801	-0.1515	0.0425	0.3039	-0.0796	0.2627	
0.82	0.4541	0.389	0.1052	-0.0355	0.4285	0.0247	0.2054	0.4925	-0.1891	0.0873	0.3824	-0.1459	0.0428	0.3064	-0.0762	0.2618	
0.84	0.4563	0.3879	0.1052	-0.0357	0.4304	0.0271	0.2058	0.495	-0.1814	0.0857	0.3847	-0.1396	0.043	0.309	-0.0724	0.2609	
0.86	0.4586	0.3868	0.1052	-0.0359	0.4322	0.0296	0.2062	0.4976	-0.1733	0.0841	0.3869	-0.1325	0.0433	0.3115	-0.0682	0.2601	
0.88	0.461	0.3857	0.1052	-0.0362	0.4341	0.0324	0.2068	0.5004	-0.1646	0.0825	0.389	-0.1244	0.0437	0.3141	-0.0637	0.2594	
0.9	0.4634	0.3846	0.1052	-0.0365	0.436	0.0352	0.2074	0.5032	-0.1553	0.081	0.391	-0.1154	0.0442	0.3167	-0.0589	0.2587	
0.92	0.4659	0.3835	0.1052	-0.0369	0.4379	0.0383	0.208	0.5061	-0.1455	0.0795	0.3929	-0.1055	0.0447	0.3193	-0.0539	0.2582	
0.94	0.4684	0.3823	0.1052	-0.0373	0.4398	0.0414	0.2088	0.5091	-0.1352	0.0781	0.3947	-0.095	0.0452	0.3219	-0.0487	0.2579	
0.96	0.471	0.3813	0.1052	-0.0379	0.4417	0.0447	0.2096	0.5122	-0.1243	0.0768	0.3965	-0.0841	0.0459	0.3245	-0.0433	0.2577	
0.98	0.4737	0.3802	0.1052	-0.0384	0.4437	0.0481	0.2105	0.5154	-0.1131	0.0756	0.3982	-0.073	0.0466	0.3271	-0.0377	0.2577	
1	0.4764	0.3791	0.1052	-0.0391	0.4457	0.0517	0.2114	0.5186	-0.1014	0.0745	0.3999	-0.0621	0.0474	0.3297	-0.0321	0.2579	
1.02	0.4793	0.3781	0.1052	-0.0399	0.4477	0.0553	0.2125	0.522	-0.0895	0.0735	0.4015	-0.0516	0.0483	0.3324	-0.0264	0.2584	
1.04	0.4824	0.3772	0.1052	-0.0407	0.4498	0.0591	0.2136	0.5257	-0.0773	0.0726	0.4032	-0.0418	0.0492	0.335	-0.0208	0.2592	
1.06	0.4857	0.3762	0.1052	-0.0416	0.4518	0.0631	0.2148	0.5297	-0.0651	0.0719	0.405	-0.0327	0.0503	0.3377	-0.0151	0.2603	
1.08	0.4893	0.3754	0.1052	-0.0426	0.4539	0.0675	0.2161	0.5341	-0.0528	0.0713	0.4068	-0.0243	0.0514	0.3402	-0.0095	0.2617	
1.1	0.4931	0.3745	0.1052	-0.0437	0.456	0.0722	0.2175	0.539	-0.0402	0.071	0.4087	-0.0163	0.0526	0.3426	-0.0041	0.2634	
1.12	0.4973	0.3738	0.1052	-0.0449	0.4582	0.0774	0.2189	0.5444	-0.0267	0.0709	0.4108	-0.0082	0.0539	0.3447	0.0013	0.2654	
1.14	0.5021	0.3731	0.1052	-0.0462	0.4603	0.0831	0.2205	0.5504	-0.0113	0.0712	0.4132	0.0004	0.0553	0.3466	0.0067	0.2676	
1.16	0.5076	0.3725	0.1052	-0.0477	0.4626	0.0894	0.2221	0.5569	0.0068	0.072	0.4157	0.0098	0.0568	0.3481	0.0122	0.2699	
1.18	0.5142	0.372	0.1052	-0.0492	0.4648	0.0967	0.2239	0.5639	0.0281	0.0732	0.4184	0.0204	0.0585	0.3493	0.0178	0.2723	
1.2	0.5218	0.3715	0.1052	-0.0509	0.467	0.1052	0.2258	0.5713	0.0526	0.0748	0.4212	0.032	0.0603	0.3501	0.0236	0.2748	
1.22	0.5307	0.3712	0.1052	-0.0526	0.4692	0.1155	0.2278	0.579	0.0801	0.077	0.4241	0.0449	0.0622	0.3507	0.0297	0.2774	
1.24	0.541	0.371	0.1052	-0.0543	0.4712	0.1279	0.2299	0.587	0.1101	0.0797	0.4274	0.0592	0.0643	0.351	0.0361	0.28	
1.26	0.553	0.371	0.1052	-0.0562	0.473	0.1428	0.232	0.5952	0.1421	0.0831	0.4315	0.0754	0.0663	0.3511	0.0431	0.2826	
1.28	0.5671	0.3711	0.1052	-0.0584	0.4745	0.1605	0.2341	0.6035	0.1762	0.0876	0.4369	0.0941	0.0683	0.3511	0.0511	0.2854	
1.3	0.584	0.3715	0.1052	-0.061	0.4758	0.1814	0.2363	0.612	0.2126	0.0934	0.4439	0.1163	0.0704	0.351	0.0609	0.2881	
1.32	0.604	0.3721	0.1052	-0.0639	0.4768	0.2059	0.2389	0.6207	0.2512	0.101	0.4526	0.1425	0.0729	0.351	0.0736	0.291	
1.34	0.6273	0.373	0.1052	-0.0668	0.4775	0.2347	0.2422	0.6299	0.2921	0.1108	0.4626	0.1733	0.0762	0.351	0.0899	0.2939	
1.36	0.6535	0.3742	0.1052	-0.0692	0.478	0.2685	0.2468	0.6396	0.335	0.1231	0.4732	0.2085	0.0809	0.351	0.1105	0.2968	
1.38	0.6821	0.3757	0.1052	-0.0709	0.4783	0.3072	0.253	0.6498	0.3798	0.1382	0.484	0.2477	0.0875	0.351	0.1351	0.2998	
1.4	0.7124	0.3774	0.1052	-0.0727	0.4784	0.3501	0.261	0.6604	0.4261	0.156	0.4943	0.2901	0.0964	0.351	0.1632	0.3027	
1.42	0.7437	0.3795	0.1052	-0.0763	0.4784	0.3955	0.2709	0.6711	0.4738	0.1762	0.5039	0.3351	0.1078	0.351	0.1937	0.3057	
1.44	0.7755	0.3818	0.1052	-0.0842	0.4783	0.4419	0.2828	0.6813	0.5225	0.1981	0.5122	0.3815	0.122	0.351	0.2256	0.3086	
1.46	0.8074	0.3843	0.1052	-0.0991	0.4783	0.4877	0.2968	0.6908	0.5718	0.221	0.5189	0.4284	0.1392	0.351	0.258	0.3113	
1.48	0.8387	0.387	0.1052	-0.1223	0.4783	0.5318	0.3131	0.6991	0.6204	0.244	0.5237	0.4744	0.1592	0.351	0.2897	0.314	
1.5	0.8687	0.39	0.1052	-0.1539	0.4783	0.5736	0.3317	0.7062	0.6669	0.2666	0.5264	0.518	0.1817	0.351	0.3199	0.3166	
1.52	0.8964	0.3932	0.1052	-0.1926	0.4783	0.6125	0.3521	0.7118	0.7095	0.2881	0.5275	0.5579	0.2059	0.351	0.3477	0.319	
1.54	0.9212	0.3969	0.1052	-0.2368	0.4783	0.6476	0.3736	0.716	0.747	0.3083	0.5276	0.5934	0.2307	0.351	0.3728	0.3214	
1.56	0.9426	0.4011	0.1052	-0.2847	0.4783	0.6784	0.3955	0.7188	0.779	0.3267	0.5272	0.6244	0.2552	0.351	0.3954	0.3237	
1.58	0.9606	0.4057	0.1052	-0.3347	0.4783	0.7047	0.4169	0.7203	0.8058	0.3431	0.5269	0.6511	0.2786	0.351	0.416	0.326	
1.6	0.9754	0.4105	0.1052	-0.3846	0.4783	0.727	0.4371	0.7209	0.828	0.3575	0.5268	0.674	0.3003	0.351	0.4355	0.3282	
1.62	0.9872	0.4154	0.1052	-0.4317	0.4783	0.746	0.4558	0.7209	0.8465	0.3701	0.5269	0.6934	0.3202	0.351	0.4543	0.3305	
1.64	0.9962	0.4201	0.1052	-0.4732	0.4783	0.7628	0.4725	0.7207	0.8619	0.381	0.527	0.7097	0.338	0.351	0.4725	0.3329	
1.66	1.0024	0.4244	0.1052	-0.5073	0.4783	0.778	0.487	0.7206	0.8744	0.3907	0.5271	0.7231	0.3534	0.351	0.4899	0.3353	
1.68	1.0061	0.4282	0.1052	-0.5337	0.4783	0.7916	0.4991	0.7205	0.8848	0.3991	0.5271	0.7339	0.3667	0.351	0.5059	0.3379	
1.7	1.0076	0.4315	0.1052	-0.5536	0.4783	0.8036	0.5087	0.7206	0.8938	0.4064	0.527	0.743	0.378	0.351	0.5202	0.3406	
1.72	1.0078	0.434	0.1052	-0.5689	0.4783	0.8139	0.5159	0.7207	0.9021	0.4124	0.527	0.7508	0.3878	0.351	0.5326	0.3433	
1.74	1.0074	0.4357	0.1052	-0.5815	0.4783	0.8227	0.5213	0.7207	0.9102	0.4174	0.527	0.7581	0.3966	0.351	0.5428	0.3462	
1.76	1.007	0.4367	0.1052	-0.5923	0.4783	0.8305	0.5254	0.7207	0.9184	0.4215	0.527	0.765	0.4049	0.351	0.5511	0.3493	
1.78	1.0068	0.437	0.1052	-0.6019	0.4783	0.8377	0.5288	0.7207	0.9266	0.425	0.527	0.7717	0.4132	0.351	0.5575	0.3526	
1.8	1.0069	0.4371	0.1052	-0.6103	0.4783	0.8448	0.5318	0.7207	0.9344	0.428	0.527	0.7781	0.4215	0.351	0.5625	0.3562	
1.82	1.0071	0.4369	0.1052	-0.6178	0.4783	0.8519	0.5346	0.7206	0.9416	0.4308	0.527	0.7841	0.4299	0.351	0.5668	0.3603	
1.84	1.0072	0.4368	0.1052	-0.6246	0.4783	0.859	0.5372	0.7206	0.9483	0.4333	0.527	0.7897	0.4385	0.351	0.5708	0.365	
1.86	1.0072	0.4368	0.1052	-0.631	0.4783	0.866	0.5398	0.7207	0.9544	0.4357	0.527	0.7949	0.4472	0.351	0.5753	0.3702	
1.88	1.0071	0.4368	0.1052	-0.6375	0.4783	0.8727	0.5421	0.7207	0.96	0.4379	0.527	0.7997	0.4559	0.351	0.5806	0.3759	
1.9	1.0071	0.4369	0.1052	-0.6442	0.4783	0.8791	0.5444	0.7207	0.9653	0.44	0.527	0.8043	0.4645	0.351	0.5869	0.382	
1.92	1.0071	0.4369	0.1052	-0.6508	0.4783	0.885	0.5465	0.7207	0.9703	0.4419	0.527	0.8087	0.4727	0.351	0.5943	0.3882	
1.94	1.0071	0.4369	0.1052	-0.6572	0.4783	0.8905	0.5485	0.7207	0.975	0.4437	0.527	0.8129	0.4805	0.351	0.6026	0.3946	
1.96	1.0071	0.4369	0.1052	-0.6632	0.4783	0.8955	0.5505	0.7207	0.9796	0.4455	0.527	0.8169	0.4878	0.351	0.6115	0.401	
1.98	1.0071	0.4369	0.1052	-0.6683	0.4783	0.9002	0.5525	0.7207	0.984	0.4474	0.527	0.8207	0.4945	0.351	0.6204	0.4073	
2	1.0071	0.4369	0.1052	-0.6726	0.4783	0.9044	0.5545	0.7207	0.9883	0.4492	0.527	0.8245	0.5007	0.351	0.6289	0.4137	
2.02	1.0071	0.4369	0.1052	-0.676	0.4783	0.9083	0.5566	0.7207	0.9925	0.4511	0.527	0.8281	0.5066	0.351	0.6367	0.42	
2.04	1.0071	0.4369	0.1052	-0.6785	0.4783	0.9119	0.5588	0.7207	0.9967	0.4532	0.527	0.8318	0.5125	0.351	0.6433	0.4263	
2.06	1.0071	0.4369	0.1052	-0.6801	0.4783	0.9153	0.561	0.7207	1.0008	0.4553	0.527	0.8356	0.5186	0.351	0.6488	0.4328	
2.08	1.0071	0.4369	0.1052	-0.681	0.4783	0.9185	0.5633	0.7207	1.0049	0.4576	0.527	0.8395	0.5251	0.351	0.6528	0.4396	
2.1	1.0071	0.4369	0.1052	-0.6813	0.4783	0.9217	0.5657	0.7207	1.0091	0.4601	0.527	0.8436	0.5323	0.351	0.6555	0.4467	
2.12	1.0071	0.4369	0.1052	-0.6813	0.4783	0.9249	0.5682	0.7207	1.0134	0.4628	0.527	0.8478	0.5399	0.351	0.657	0.4541	
2.14	1.0071	0.4369	0.1052	-0.6812	0.4783	0.9282	0.5708	0.7207	1.0178	0.4656	0.527	0.8522	0.5477	0.351	0.6575	0.4618	
2.16	1.0071	0.4369	0.1052	-0.6811	0.4783	0.9317	0.5735	0.7207	1.0223	0.4687	0.527	0.8569	0.5554	0.351	0.6575	0.4696	
2.18	1.0071	0.4369	0.1052	-0.6811	0.4783	0.9354	0.5762	0.7207	1.027	0.4719	0.527	0.8619	0.5626	0.351	0.6574	0.4772	
2.2	1.0071	0.4369	0.1052	-0.6811	0.4783	0.9394	0.5789	0.7207	1.0318	0.4753	0.527	0.8672	0.5691	0.351	0.6572	0.4846	
2.22	1.0071	0.4369	0.1052	-0.6812	0.4783	0.9436	0.5814	0.7207	1.0367	0.4786	0.527	0.8727	0.5746	0.351	0.6572	0.4916	
2.24	1.0071	0.4369	0.1052	-0.6812	0.4783	0.9482	0.5837	0.7207	1.0417	0.4818	0.527	0.8784	0.579	0.351	0.6572	0.4981	
2.26	1.0071	0.4369	0.1052	-0.6812	0.4783	0.9532	0.5856	0.7207	1.0468	0.4847	0.527	0.8841	0.5823	0.351	0.6573	0.5042	
2.28	1.0071	0.4369	0.1052	-0.6812	0.4783	0.9585	0.5872	0.7207	1.052	0.4872	0.527	0.8895	0.5845	0.351	0.6573	0.5101	
2.3	1.0071	0.4369	0.1052	-0.6812	0.4783	0.9643	0.5885	0.7207	1.0572	0.4893	0.527	0.8943	0.5857	0.351	0.6573	0.5157	
2.32	1.0071	0.4369	0.1052	-0.6812	0.4783	0.9702	0.5894	0.7207	1.0626	0.491	0.527	0.8986	0.5862	0.351	0.6573	0.521	
2.34	1.0071	0.4369	0.1052	-0.6812	0.4783	0.976	0.5901	0.7207	1.068	0.4922	0.527	0.9022	0.5862	0.351	0.6573	0.5261	
2.36	1.0071	0.4369	0.1052	-0.6812	0.4783	0.9816	0.5904	0.7207	1.0734	0.493	0.527	0.905	0.586	0.351	0.6573	0.531	
2.38	1.0071	0.4369	0.1052	-0.6812	0.4783	0.9866	0.5905	0.7207	1.079	0.4935	0.527	0.9071	0.5859	0.351	0.6573	0.5355	
2.4	1.0071	0.4369	0.1052	-0.6812	0.4783	0.992	0.5905	0.7207	1.0845	0.4936	0.527	0.9084	0.5859	0.351	0.6573	0.5402	
2.42	1.0071	0.4369	0.1052	-0.6812	0.4783	0.9973	0.5904	0.7207	1.09	0.4936	0.527	0.9096	0.586	0.351	0.6573	0.5449	
2.44	1.0071	0.4369	0.1052	-0.6812	0.4783	1.0027	0.5904	0.7207	1.0956	0.4937	0.527	0.9109	0.586	0.351	0.6573	0.5495	
2.46	1.0071	0.4369	0.1052	-0.6812	0.4783	1.008	0.5904	0.7207	1.1011	0.4937	0.527	0.9121	0.586	0.351	0.6573	0.5542	
