0	0.3827	0.4719	0.3905	0.2442	0.119	-0.0915	-0.0859	0.0624	-0.2222	-0.0839	0.0299	-0.1333	-0.1472	0.0312	-0.1697	-0.0818	
0.02	0.3963	0.4697	0.3905	0.2442	0.1248	-0.0771	-0.0814	0.109	-0.2088	-0.0839	0.035	-0.1161	-0.1472	0.0448	-0.1467	-0.0859	
0.04	0.41	0.4674	0.3905	0.2442	0.1306	-0.0627	-0.0769	0.1556	-0.1955	-0.0839	0.0402	-0.0989	-0.1472	0.0585	-0.1237	-0.09	
0.06	0.4236	0.4652	0.3905	0.2442	0.1364	-0.0484	-0.0723	0.2022	-0.1822	-0.0839	0.0454	-0.0817	-0.1472	0.0722	-0.1007	-0.0941	
0.08	0.4373	0.463	0.3905	0.2443	0.1423	-0.034	-0.0678	0.2487	-0.1688	-0.0839	0.0505	-0.0646	-0.1472	0.0859	-0.0777	-0.0982	
0.1	0.4504	0.4608	0.3905	0.2443	0.1499	-0.02	-0.0631	0.2926	-0.156	-0.0839	0.057	-0.0474	-0.1472	0.0984	-0.0578	-0.102	
0.12	0.4615	0.4586	0.3905	0.2442	0.1602	-0.0078	-0.0577	0.3331	-0.1414	-0.0839	0.0652	-0.0281	-0.1472	0.1123	-0.0363	-0.1055	
0.14	0.4708	0.4564	0.3905	0.2441	0.1733	0.0027	-0.0519	0.3695	-0.1255	-0.0839	0.075	-0.0076	-0.1472	0.127	-0.0139	-0.1084	
0.16	0.4784	0.4541	0.3905	0.2438	0.1891	0.0117	-0.0459	0.4015	-0.1091	-0.0838	0.0862	0.0131	-0.1472	0.142	0.008	-0.1109	
0.18	0.485	0.4519	0.3905	0.2434	0.2066	0.0196	-0.0399	0.4287	-0.093	-0.0836	0.0983	0.0333	-0.1471	0.1563	0.0286	-0.1128	
0.2	0.4907	0.4497	0.3905	0.2427	0.2247	0.0269	-0.0341	0.4516	-0.0778	-0.0832	0.111	0.0521	-0.1468	0.1696	0.0472	-0.1143	
0.22	0.4959	0.4475	0.3905	0.2417	0.2423	0.0338	-0.0286	0.4708	-0.0637	-0.0825	0.1237	0.0691	-0.1462	0.1817	0.064	-0.1153	
0.24	0.501	0.4453	0.3905	0.2403	0.2585	0.0406	-0.0235	0.4868	-0.0505	-0.0815	0.1361	0.0843	-0.1452	0.1927	0.0795	-0.1159	
0.26	0.5061	0.4431	0.3906	0.2384	0.2727	0.0474	-0.0188	0.5002	-0.0381	-0.0799	0.1479	0.0977	-0.1437	0.2028	0.0947	-0.1162	
0.28	0.5115	0.4408	0.3908	0.2359	0.2844	0.0542	-0.0145	0.5115	-0.0261	-0.0778	0.1591	0.1096	-0.1416	0.2124	0.1102	-0.1162	
0.3	0.5175	0.4386	0.3911	0.2329	0.2935	0.0612	-0.0103	0.5215	-0.0144	-0.075	0.1696	0.1205	-0.1391	0.2215	0.1267	-0.116	
0.32	0.524	0.4364	0.3916	0.2297	0.2998	0.0689	-0.0055	0.5307	-0.0031	-0.0713	0.1795	0.1312	-0.1359	0.2305	0.1447	-0.1153	
0.34	0.5311	0.4342	0.3924	0.2262	0.3034	0.0789	0.001	0.5397	0.0087	-0.0667	0.189	0.1433	-0.1316	0.2395	0.1652	-0.1136	
0.36	0.5391	0.432	0.3934	0.2223	0.3049	0.0931	0.0108	0.5491	0.0225	-0.0614	0.1983	0.1585	-0.1256	0.2489	0.1892	-0.1108	
0.38	0.5481	0.4298	0.3948	0.217	0.3051	0.114	0.0259	0.559	0.0409	-0.0554	0.2076	0.1795	-0.1172	0.2592	0.218	-0.107	
0.4	0.5585	0.4275	0.3966	0.2092	0.3047	0.1434	0.0481	0.5693	0.0671	-0.0486	0.2169	0.2085	-0.1056	0.2704	0.2528	-0.103	
0.42	0.5706	0.4253	0.3987	0.1975	0.3043	0.1824	0.0786	0.5796	0.1036	-0.0402	0.2264	0.2472	-0.0902	0.283	0.2947	-0.0996	
0.44	0.5849	0.4231	0.4013	0.1808	0.3041	0.2309	0.1185	0.5891	0.1524	-0.0287	0.2361	0.2968	-0.0702	0.2967	0.3449	-0.0967	
0.46	0.6013	0.4209	0.4044	0.1583	0.3042	0.288	0.1685	0.5963	0.2147	-0.0117	0.246	0.3585	-0.0433	0.3115	0.4053	-0.0914	
0.48	0.6198	0.4187	0.4078	0.1297	0.3044	0.3525	0.2292	0.5998	0.2915	0.0139	0.2559	0.434	-0.0062	0.3272	0.4779	-0.0775	
0.5	0.64	0.4165	0.4115	0.0953	0.3045	0.4228	0.3004	0.5982	0.383	0.0507	0.2661	0.5242	0.0452	0.3435	0.5646	-0.0463	
0.52	0.6613	0.4142	0.4155	0.0552	0.3045	0.4965	0.3811	0.5908	0.4884	0.0997	0.2769	0.6287	0.1134	0.3605	0.6663	0.0108	
0.54	0.683	0.412	0.4199	0.0105	0.3044	0.5707	0.4685	0.578	0.6043	0.1602	0.2885	0.7443	0.1986	0.3783	0.7816	0.0986	
0.56	0.7046	0.4098	0.4251	-0.0374	0.3044	0.6418	0.5585	0.5606	0.7251	0.2297	0.3014	0.8648	0.2972	0.3974	0.906	0.2163	
0.58	0.7256	0.4076	0.4312	-0.0868	0.3044	0.7069	0.6469	0.5401	0.8438	0.3045	0.3158	0.9831	0.4041	0.4179	1.0335	0.3582	
0.6	0.7457	0.4053	0.4385	-0.136	0.3044	0.764	0.7302	0.5183	0.954	0.3807	0.3314	1.0931	0.5143	0.4397	1.1577	0.5163	
0.62	0.7649	0.4031	0.447	-0.1839	0.3044	0.812	0.8059	0.4964	1.0511	0.4547	0.3476	1.191	0.6239	0.4626	1.2729	0.6819	
0.64	0.7834	0.401	0.4568	-0.2301	0.3044	0.8513	0.8726	0.4761	1.1327	0.5228	0.3635	1.2748	0.7294	0.4861	1.375	0.8462	
0.66	0.8016	0.399	0.4675	-0.2747	0.3044	0.8826	0.9291	0.4586	1.1976	0.5814	0.3786	1.3428	0.8272	0.5097	1.4603	0.9999	
0.68	0.8178	0.397	0.4795	-0.3166	0.3044	0.9092	0.9778	0.4441	1.2509	0.6322	0.3958	1.3986	0.9197	0.536	1.5367	1.161	
0.7	0.8341	0.395	0.4916	-0.3584	0.3044	0.9359	1.0265	0.4296	1.3043	0.6831	0.413	1.4544	1.0122	0.5623	1.6131	1.3222	
0.72	0.8503	0.3929	0.5036	-0.4003	0.3044	0.9625	1.0752	0.4151	1.3576	0.734	0.4302	1.5102	1.1047	0.5885	1.6895	1.4833	
0.74	0.8666	0.3909	0.5156	-0.4421	0.3044	0.9892	1.124	0.4006	1.411	0.7848	0.4474	1.5661	1.1972	0.6148	1.7659	1.6444	
