0	0.6863	0.3301	-0.2338	0.2822	0.476	-0.0496	0.181	0.5699	-0.0202	0.0852	0.3411	-0.0139	0.0759	0.4382	0.1255	0.2756	
0.02	0.7185	0.3142	-0.2231	0.2822	0.4912	-0.0496	0.181	0.5699	-0.0193	0.0852	0.3409	-0.0042	0.0759	0.4356	0.1296	0.2759	
0.04	0.7506	0.2984	-0.2123	0.2822	0.5064	-0.0496	0.181	0.5699	-0.0184	0.0852	0.3407	0.0054	0.0759	0.433	0.1337	0.2761	
0.06	0.7828	0.2825	-0.2015	0.2822	0.5216	-0.0496	0.181	0.5699	-0.0175	0.0852	0.3405	0.0151	0.0759	0.4304	0.1377	0.2763	
0.08	0.8149	0.2667	-0.1907	0.2822	0.5369	-0.0496	0.181	0.5699	-0.0165	0.0852	0.3404	0.0247	0.0759	0.4278	0.1418	0.2765	
0.1	0.8466	0.2518	-0.1811	0.2822	0.5507	-0.0496	0.181	0.5699	-0.0151	0.0852	0.3401	0.0338	0.0759	0.425	0.1468	0.2769	
0.12	0.8811	0.2368	-0.171	0.2822	0.5654	-0.0496	0.181	0.5699	-0.0131	0.0852	0.3397	0.0441	0.0759	0.4215	0.153	0.2776	
0.14	0.9172	0.2222	-0.1607	0.2822	0.5803	-0.0496	0.181	0.5699	-0.0105	0.0852	0.3391	0.0552	0.0759	0.4176	0.1605	0.2784	
0.16	0.9534	0.2085	-0.1507	0.2822	0.5947	-0.0496	0.181	0.5699	-0.0071	0.0852	0.3384	0.0666	0.0759	0.4132	0.1688	0.2796	
0.18	0.9885	0.196	-0.1414	0.2822	0.608	-0.0496	0.181	0.5699	-0.0031	0.0852	0.3375	0.0779	0.0759	0.4086	0.1777	0.281	
0.2	1.0212	0.1848	-0.133	0.2822	0.6195	-0.0495	0.181	0.57	0.0016	0.0852	0.3364	0.0886	0.0759	0.4037	0.1869	0.2828	
0.22	1.0508	0.1746	-0.1255	0.2822	0.6293	-0.0493	0.181	0.5702	0.0069	0.0852	0.3352	0.0986	0.0759	0.3988	0.1961	0.2847	
0.24	1.0772	0.165	-0.1187	0.2822	0.6374	-0.0489	0.181	0.5705	0.0126	0.0852	0.3338	0.1079	0.0759	0.394	0.2051	0.2869	
0.26	1.1009	0.1558	-0.1125	0.2822	0.6441	-0.0482	0.181	0.5711	0.0187	0.0852	0.3323	0.1166	0.0759	0.3893	0.2136	0.2892	
0.28	1.1229	0.147	-0.1066	0.2822	0.6501	-0.0471	0.1811	0.5718	0.025	0.0853	0.3306	0.1247	0.0759	0.385	0.2217	0.2917	
0.3	1.1442	0.1386	-0.1011	0.2822	0.6555	-0.0455	0.1812	0.5729	0.0314	0.0854	0.3289	0.1324	0.0759	0.381	0.2294	0.2941	
0.32	1.1655	0.1306	-0.096	0.2822	0.6607	-0.0433	0.1814	0.5742	0.038	0.0856	0.327	0.1397	0.0759	0.3776	0.2368	0.2966	
0.34	1.1871	0.1228	-0.0913	0.2822	0.6656	-0.0405	0.1817	0.5758	0.0446	0.0859	0.325	0.1466	0.0759	0.3748	0.2441	0.2991	
0.36	1.2087	0.1152	-0.0869	0.2822	0.6703	-0.0371	0.1821	0.5778	0.0513	0.0863	0.323	0.1533	0.0759	0.3726	0.2516	0.3016	
0.38	1.2303	0.1078	-0.0828	0.2823	0.6748	-0.033	0.1828	0.58	0.0581	0.0868	0.3209	0.1599	0.0759	0.371	0.2593	0.304	
0.4	1.2517	0.1004	-0.0789	0.2824	0.6792	-0.0283	0.1835	0.5826	0.0648	0.0874	0.3187	0.1666	0.0759	0.3701	0.2676	0.3065	
0.42	1.2733	0.0931	-0.0751	0.2825	0.6835	-0.0231	0.1845	0.5855	0.0717	0.0881	0.3165	0.1739	0.0759	0.3699	0.2764	0.309	
0.44	1.2957	0.0858	-0.0715	0.2828	0.6879	-0.0174	0.1857	0.5886	0.0791	0.0889	0.3142	0.1819	0.0759	0.3702	0.2859	0.3115	
0.46	1.3193	0.0785	-0.068	0.2832	0.6927	-0.0111	0.1871	0.5919	0.0873	0.0899	0.312	0.1911	0.0759	0.3712	0.296	0.3141	
0.48	1.3439	0.0711	-0.0645	0.2837	0.6978	-0.0042	0.1888	0.5955	0.0969	0.091	0.3097	0.2014	0.0759	0.3726	0.3067	0.3167	
0.5	1.3694	0.0634	-0.0612	0.2844	0.7036	0.0036	0.1906	0.5992	0.1084	0.0921	0.3074	0.213	0.0759	0.3745	0.3179	0.3194	
0.52	1.3953	0.0555	-0.0579	0.2853	0.71	0.0123	0.1927	0.6031	0.122	0.0934	0.3051	0.2257	0.0759	0.3769	0.3293	0.3221	
0.54	1.4217	0.0475	-0.0548	0.2865	0.7171	0.0221	0.1949	0.6074	0.1377	0.0947	0.3029	0.2396	0.0759	0.3796	0.3407	0.325	
0.56	1.4488	0.0394	-0.0518	0.2879	0.7248	0.0328	0.1973	0.612	0.1553	0.0962	0.3007	0.2543	0.0759	0.3827	0.3519	0.3282	
0.58	1.4766	0.0316	-0.049	0.2895	0.733	0.0443	0.1999	0.617	0.1748	0.0977	0.2985	0.2695	0.0759	0.3863	0.3628	0.3316	
0.6	1.5047	0.0243	-0.0463	0.2913	0.7416	0.0563	0.2027	0.6226	0.1964	0.0993	0.2964	0.2848	0.0759	0.3903	0.3732	0.3352	
0.62	1.532	0.0176	-0.0438	0.2935	0.7504	0.0688	0.2058	0.6288	0.2202	0.1009	0.2943	0.2997	0.0759	0.3948	0.3829	0.339	
0.64	1.5576	0.0118	-0.0415	0.2959	0.7592	0.0815	0.2095	0.6359	0.2458	0.1026	0.2924	0.314	0.0759	0.3995	0.3921	0.3428	
0.66	1.5808	0.0067	-0.0394	0.2987	0.768	0.0941	0.2139	0.644	0.2722	0.1044	0.2905	0.3273	0.0759	0.4044	0.4008	0.3462	
0.68	1.6014	0.0024	-0.0375	0.3019	0.7768	0.1062	0.2191	0.6535	0.2978	0.1062	0.2887	0.3396	0.0759	0.4091	0.4092	0.3488	
0.7	1.6197	-0.0013	-0.0359	0.3054	0.7856	0.1173	0.2251	0.6645	0.3215	0.1081	0.2871	0.3509	0.0759	0.4136	0.4176	0.3503	
0.72	1.6359	-0.0045	-0.0344	0.3091	0.7947	0.1273	0.2317	0.677	0.3423	0.11	0.2856	0.3612	0.0759	0.4175	0.4262	0.3504	
0.74	1.6499	-0.0075	-0.0332	0.3129	0.8043	0.1358	0.239	0.6909	0.3601	0.112	0.2842	0.3707	0.0759	0.4208	0.4354	0.3491	
0.76	1.6617	-0.0103	-0.0323	0.3168	0.8143	0.1429	0.2467	0.7058	0.3749	0.1141	0.283	0.3796	0.0759	0.4235	0.4454	0.3462	
0.78	1.6713	-0.0131	-0.0316	0.3214	0.8247	0.1485	0.2547	0.7215	0.3865	0.1164	0.2819	0.3879	0.0759	0.4255	0.4563	0.3416	
0.8	1.6789	-0.0161	-0.0312	0.3271	0.8354	0.1529	0.2632	0.7376	0.3948	0.119	0.281	0.3961	0.0759	0.4268	0.4679	0.335	
0.82	1.6852	-0.0192	-0.0311	0.335	0.8461	0.156	0.2718	0.7534	0.3999	0.1217	0.2803	0.4044	0.0759	0.4276	0.4802	0.3265	
0.84	1.6907	-0.0226	-0.0312	0.3456	0.8566	0.1579	0.2805	0.7686	0.4021	0.1247	0.2797	0.413	0.0759	0.4278	0.4927	0.3163	
0.86	1.6958	-0.0263	-0.0317	0.3592	0.8666	0.1588	0.2891	0.7825	0.4025	0.1279	0.2794	0.4221	0.0759	0.4279	0.5051	0.3049	
0.88	1.7008	-0.0303	-0.0324	0.3755	0.8759	0.1589	0.2973	0.7949	0.402	0.1311	0.2792	0.4316	0.0759	0.4278	0.5169	0.2928	
0.9	1.7057	-0.0345	-0.0333	0.3942	0.8842	0.1583	0.3049	0.8055	0.4014	0.1343	0.2791	0.4414	0.0759	0.4277	0.5279	0.2806	
0.92	1.7106	-0.0388	-0.0346	0.4146	0.8914	0.1573	0.3118	0.8144	0.4011	0.1372	0.2792	0.4512	0.0759	0.4277	0.5378	0.2686	
0.94	1.7157	-0.0429	-0.036	0.4364	0.8975	0.1561	0.3179	0.8217	0.4012	0.1398	0.2795	0.4606	0.0759	0.4277	0.5468	0.257	
0.96	1.7215	-0.0467	-0.0377	0.4592	0.9027	0.1547	0.323	0.8276	0.4014	0.1419	0.2798	0.4691	0.0759	0.4277	0.5552	0.2461	
0.98	1.7281	-0.05	-0.0395	0.4823	0.9072	0.1532	0.3272	0.8323	0.4016	0.1437	0.2803	0.4765	0.0759	0.4277	0.5637	0.236	
1	1.7354	-0.0528	-0.0415	0.5046	0.9114	0.1516	0.3304	0.8362	0.4016	0.1449	0.2808	0.4828	0.0759	0.4277	0.5728	0.227	
1.02	1.7435	-0.055	-0.0437	0.525	0.9156	0.1498	0.3324	0.8395	0.4016	0.1457	0.2815	0.4877	0.0759	0.4277	0.5826	0.2191	
1.04	1.7517	-0.0566	-0.046	0.5428	0.9199	0.1478	0.3336	0.8424	0.4015	0.1462	0.2823	0.4913	0.0759	0.4277	0.5932	0.2124	
1.06	1.7597	-0.0577	-0.0484	0.5576	0.9245	0.1457	0.334	0.845	0.4015	0.1463	0.2831	0.4937	0.0759	0.4277	0.6042	0.2066	
1.08	1.7672	-0.0583	-0.0509	0.5697	0.9296	0.1435	0.334	0.8474	0.4015	0.1463	0.2841	0.495	0.0759	0.4277	0.6152	0.2015	
1.1	1.7738	-0.0585	-0.0535	0.5793	0.9353	0.1413	0.3338	0.8496	0.4015	0.1463	0.2852	0.4954	0.0759	0.4277	0.6255	0.1968	
1.12	1.7794	-0.0585	-0.0561	0.587	0.9414	0.1389	0.3337	0.8517	0.4015	0.1462	0.2863	0.4955	0.0759	0.4277	0.635	0.1925	
1.14	1.7837	-0.0584	-0.0588	0.5928	0.948	0.1365	0.3337	0.8538	0.4015	0.1462	0.2876	0.4953	0.0759	0.4277	0.6432	0.1885	
1.16	1.7866	-0.0584	-0.0615	0.5968	0.9547	0.1339	0.3337	0.8558	0.4015	0.1463	0.2889	0.4952	0.0759	0.4277	0.6496	0.1848	
1.18	1.7883	-0.0584	-0.0641	0.5991	0.9613	0.1314	0.3338	0.8578	0.4015	0.1463	0.2904	0.4951	0.0759	0.4277	0.6541	0.1816	
1.2	1.789	-0.0584	-0.0667	0.6	0.9674	0.1288	0.3338	0.8598	0.4015	0.1463	0.2919	0.4952	0.0759	0.4277	0.6567	0.1787	
1.22	1.789	-0.0584	-0.0693	0.6	0.9728	0.1262	0.3338	0.862	0.4015	0.1463	0.2935	0.4952	0.0759	0.4277	0.6577	0.1762	
1.24	1.7888	-0.0584	-0.0718	0.5997	0.9774	0.1235	0.3338	0.8643	0.4015	0.1463	0.2952	0.4953	0.0759	0.4277	0.6578	0.1739	
1.26	1.7886	-0.0584	-0.0742	0.5995	0.9811	0.1209	0.3338	0.8667	0.4015	0.1463	0.2971	0.4953	0.0759	0.4277	0.6574	0.1718	
1.28	1.7886	-0.0584	-0.0765	0.5994	0.9838	0.1183	0.3338	0.8693	0.4015	0.1463	0.299	0.4953	0.0759	0.4277	0.6572	0.1698	
1.3	1.7886	-0.0584	-0.0787	0.5995	0.9856	0.1156	0.3338	0.872	0.4015	0.1463	0.3009	0.4952	0.0759	0.4277	0.6571	0.1679	
1.32	1.7887	-0.0584	-0.0807	0.5996	0.9865	0.1131	0.3338	0.8749	0.4015	0.1463	0.303	0.4952	0.0759	0.4277	0.6572	0.166	
1.34	1.7887	-0.0584	-0.0826	0.5996	0.9869	0.1105	0.3338	0.8779	0.4015	0.1463	0.3052	0.4952	0.0759	0.4277	0.6573	0.1641	
1.36	1.7887	-0.0584	-0.0842	0.5996	0.9869	0.108	0.3338	0.881	0.4015	0.1463	0.3075	0.4952	0.0759	0.4277	0.6573	0.1622	
1.38	1.7887	-0.0584	-0.0857	0.5996	0.9868	0.1056	0.3338	0.8842	0.4015	0.1463	0.3098	0.4952	0.0759	0.4277	0.6573	0.1603	
1.4	1.7887	-0.0584	-0.0869	0.5996	0.9867	0.1032	0.3338	0.8874	0.4015	0.1463	0.3122	0.4952	0.0759	0.4277	0.6573	0.1583	
1.42	1.7887	-0.0584	-0.0879	0.5996	0.9867	0.1008	0.3338	0.8908	0.4015	0.1463	0.3147	0.4952	0.0759	0.4277	0.6573	0.1562	
1.44	1.7887	-0.0584	-0.0885	0.5996	0.9867	0.0985	0.3338	0.8941	0.4015	0.1463	0.3173	0.4952	0.0759	0.4277	0.6573	0.1541	
1.46	1.7887	-0.0584	-0.0887	0.5996	0.9867	0.0961	0.3338	0.8975	0.4015	0.1463	0.32	0.4952	0.0759	0.4277	0.6573	0.1519	
1.48	1.7887	-0.0584	-0.0886	0.5996	0.9868	0.0938	0.3338	0.901	0.4015	0.1463	0.3228	0.4952	0.0759	0.4277	0.6573	0.1496	
1.5	1.7887	-0.0584	-0.0879	0.5996	0.9868	0.0915	0.3338	0.9045	0.4015	0.1463	0.3257	0.4952	0.0759	0.4277	0.6573	0.1473	
1.52	1.7887	-0.0584	-0.0869	0.5996	0.9867	0.0891	0.3338	0.9082	0.4015	0.1463	0.3284	0.4952	0.0759	0.4277	0.6573	0.1449	
1.54	1.7887	-0.0584	-0.0853	0.5996	0.9867	0.0868	0.3338	0.9118	0.4015	0.1463	0.3311	0.4952	0.0759	0.4277	0.6573	0.1425	
1.56	1.7887	-0.0584	-0.0832	0.5996	0.9867	0.0844	0.3338	0.9155	0.4015	0.1463	0.3335	0.4952	0.0759	0.4277	0.6573	0.14	
1.58	1.7887	-0.0584	-0.0806	0.5996	0.9867	0.0819	0.3338	0.9191	0.4015	0.1463	0.3355	0.4952	0.0759	0.4277	0.6573	0.1375	
1.6	1.7887	-0.0584	-0.0776	0.5996	0.9867	0.0795	0.3338	0.9224	0.4015	0.1463	0.3373	0.4952	0.0759	0.4277	0.6573	0.135	
1.62	1.7887	-0.0584	-0.0741	0.5996	0.9867	0.077	0.3338	0.9254	0.4015	0.1463	0.3386	0.4952	0.0759	0.4277	0.6573	0.1326	
1.64	1.7887	-0.0584	-0.0701	0.5996	0.9867	0.0745	0.3338	0.9279	0.4015	0.1463	0.3396	0.4952	0.0759	0.4277	0.6573	0.1304	
1.66	1.7887	-0.0584	-0.0658	0.5996	0.9867	0.072	0.3338	0.9301	0.4015	0.1463	0.3403	0.4952	0.0759	0.4277	0.6573	0.1284	
1.68	1.7887	-0.0584	-0.0612	0.5996	0.9867	0.0695	0.3338	0.9318	0.4015	0.1463	0.3407	0.4952	0.0759	0.4277	0.6573	0.1266	
1.7	1.7887	-0.0584	-0.0566	0.5996	0.9867	0.067	0.3338	0.933	0.4015	0.1463	0.3408	0.4952	0.0759	0.4277	0.6573	0.1252	
1.72	1.7887	-0.0584	-0.0522	0.5996	0.9867	0.0644	0.3338	0.9338	0.4015	0.1463	0.3408	0.4952	0.0759	0.4277	0.6573	0.124	
1.74	1.7887	-0.0584	-0.0481	0.5996	0.9867	0.0618	0.3338	0.9342	0.4015	0.1463	0.3407	0.4952	0.0759	0.4277	0.6573	0.1232	
1.76	1.7887	-0.0584	-0.0446	0.5996	0.9867	0.0592	0.3338	0.9344	0.4015	0.1463	0.3407	0.4952	0.0759	0.4277	0.6573	0.1227	
1.78	1.7887	-0.0584	-0.0416	0.5996	0.9867	0.0565	0.3338	0.9344	0.4015	0.1463	0.3407	0.4952	0.0759	0.4277	0.6573	0.1224	
1.8	1.7887	-0.0584	-0.0392	0.5996	0.9867	0.0539	0.3338	0.9343	0.4015	0.1463	0.3407	0.4952	0.0759	0.4277	0.6573	0.1223	
1.82	1.7887	-0.0584	-0.0375	0.5996	0.9867	0.0514	0.3338	0.9343	0.4015	0.1463	0.3407	0.4952	0.0759	0.4277	0.6573	0.1223	
1.84	1.7887	-0.0584	-0.0364	0.5996	0.9867	0.049	0.3338	0.9342	0.4015	0.1463	0.3407	0.4952	0.0759	0.4277	0.6573	0.1223	
1.86	1.7887	-0.0584	-0.0358	0.5996	0.9867	0.0469	0.3338	0.9343	0.4015	0.1463	0.3407	0.4952	0.0759	0.4277	0.6573	0.1224	
1.88	1.7887	-0.0584	-0.0357	0.5996	0.9867	0.0448	0.3338	0.9343	0.4015	0.1463	0.3407	0.4952	0.0759	0.4277	0.6573	0.1224	
1.9	1.7887	-0.0584	-0.0356	0.5996	0.9867	0.0426	0.3338	0.9343	0.4015	0.1463	0.3407	0.4952	0.0759	0.4277	0.6573	0.1223	
1.92	1.7887	-0.0584	-0.0355	0.5996	0.9867	0.0404	0.3338	0.9343	0.4015	0.1463	0.3407	0.4952	0.0759	0.4277	0.6573	0.1223	
1.94	1.7887	-0.0584	-0.0354	0.5996	0.9867	0.0382	0.3338	0.9343	0.4015	0.1463	0.3407	0.4952	0.0759	0.4277	0.6573	0.1223	
