0	0.4196	0.3902	0.318	0.0949	0.168	-0.0998	0.1201	-0.0135	0.0304	0.0459	0.0161	0.1846	-0.0184	0.1854	-0.1937	-0.028	
0.02	0.4267	0.385	0.318	0.0949	0.1953	-0.0882	0.1201	0.011	0.0593	0.0459	0.028	0.2119	-0.0184	0.1902	-0.1523	-0.0198	
0.04	0.4338	0.3798	0.318	0.0949	0.2226	-0.0765	0.12	0.0355	0.0882	0.0459	0.0399	0.2392	-0.0184	0.1951	-0.1109	-0.0116	
0.06	0.4409	0.3745	0.318	0.0949	0.2499	-0.0648	0.12	0.06	0.1171	0.0459	0.0518	0.2664	-0.0184	0.1999	-0.0695	-0.0033	
0.08	0.448	0.3693	0.318	0.0949	0.2771	-0.0532	0.12	0.0845	0.146	0.0459	0.0637	0.2937	-0.0184	0.2047	-0.0282	0.0049	
0.1	0.4555	0.3642	0.318	0.095	0.3045	-0.0416	0.1201	0.1121	0.1699	0.0459	0.0849	0.3163	-0.0184	0.2132	0.0164	0.0123	
0.12	0.4575	0.3601	0.318	0.0951	0.3298	-0.0322	0.1201	0.1431	0.1921	0.0459	0.1146	0.3383	-0.0184	0.2259	0.061	0.0231	
0.14	0.455	0.3568	0.318	0.0955	0.3539	-0.0246	0.1201	0.1777	0.2119	0.0459	0.1525	0.3588	-0.0184	0.244	0.1051	0.0363	
0.16	0.4493	0.3543	0.318	0.0961	0.3778	-0.0184	0.1201	0.215	0.2285	0.046	0.198	0.3769	-0.0183	0.2682	0.1482	0.0506	
0.18	0.4418	0.3524	0.318	0.097	0.4025	-0.0131	0.12	0.2543	0.2416	0.046	0.2509	0.3917	-0.0181	0.2994	0.1896	0.0647	
0.2	0.4334	0.351	0.318	0.0983	0.4287	-0.0084	0.12	0.2943	0.2514	0.0462	0.3115	0.4034	-0.0175	0.3384	0.2287	0.0776	
0.22	0.4244	0.3501	0.318	0.1	0.4566	-0.0043	0.1201	0.334	0.2592	0.0466	0.3796	0.4131	-0.0164	0.3855	0.2647	0.089	
0.24	0.4148	0.3496	0.3181	0.102	0.4854	-0.0006	0.1202	0.3724	0.2662	0.0474	0.4539	0.4217	-0.0148	0.4404	0.2972	0.099	
0.26	0.4046	0.3497	0.3183	0.1045	0.514	0.0024	0.1205	0.4086	0.2733	0.0487	0.5316	0.4299	-0.0126	0.5024	0.3259	0.108	
0.28	0.394	0.3502	0.3186	0.1073	0.5408	0.0048	0.1209	0.4417	0.2807	0.0505	0.6094	0.4378	-0.0101	0.5705	0.3506	0.1162	
0.3	0.3833	0.3512	0.3192	0.1104	0.5647	0.0064	0.1216	0.4711	0.2885	0.0526	0.6845	0.4451	-0.0071	0.6438	0.3711	0.1235	
0.32	0.3724	0.3525	0.3199	0.1137	0.5849	0.0074	0.1225	0.4969	0.2967	0.0549	0.7554	0.4521	-0.0033	0.7215	0.3878	0.1298	
0.34	0.3616	0.3541	0.3209	0.1171	0.6011	0.0076	0.1238	0.5201	0.3065	0.0574	0.8217	0.4605	0.0025	0.8028	0.4015	0.1349	
0.36	0.3508	0.3559	0.3223	0.1205	0.6134	0.0071	0.1254	0.5421	0.3204	0.0608	0.8831	0.4732	0.0116	0.8864	0.4147	0.1394	
0.38	0.34	0.3578	0.3241	0.1237	0.6217	0.006	0.1273	0.564	0.3416	0.0662	0.9391	0.4946	0.0253	0.9704	0.4314	0.1445	
0.4	0.3294	0.3598	0.3263	0.1269	0.6264	0.0041	0.1297	0.5867	0.3731	0.0755	0.9885	0.5285	0.0446	1.0524	0.4563	0.1523	
0.42	0.3188	0.3617	0.329	0.1297	0.6284	0.0014	0.1324	0.6103	0.4169	0.0902	1.0307	0.5773	0.0694	1.1304	0.4933	0.1649	
0.44	0.3084	0.3635	0.332	0.1322	0.6287	-0.0021	0.1354	0.6347	0.4731	0.111	1.0661	0.6411	0.0991	1.2027	0.5441	0.1839	
0.46	0.2982	0.3651	0.3353	0.1341	0.6282	-0.0064	0.1387	0.6599	0.5402	0.1379	1.0963	0.7182	0.1325	1.2683	0.6077	0.2096	
0.48	0.2885	0.3663	0.339	0.1355	0.6277	-0.0113	0.142	0.686	0.6158	0.17	1.1234	0.8053	0.1683	1.3268	0.6812	0.2413	
0.5	0.2794	0.3671	0.3431	0.136	0.6275	-0.0165	0.1451	0.7127	0.697	0.2061	1.1491	0.8987	0.2047	1.3774	0.7615	0.2774	
0.52	0.2715	0.3674	0.3481	0.1358	0.6276	-0.0218	0.1481	0.7394	0.7807	0.2449	1.1738	0.9942	0.2393	1.4195	0.8457	0.3161	
0.54	0.2651	0.3669	0.3546	0.1346	0.6278	-0.0269	0.1507	0.765	0.8628	0.2851	1.1971	1.0867	0.27	1.4528	0.9305	0.3552	
0.56	0.2606	0.3657	0.363	0.1325	0.6279	-0.0314	0.1529	0.7883	0.9391	0.3253	1.218	1.171	0.2947	1.4776	1.0118	0.3926	
0.58	0.2581	0.3636	0.3737	0.1295	0.6279	-0.0354	0.1546	0.8086	1.0057	0.3641	1.236	1.2425	0.3123	1.4954	1.0844	0.4262	
0.6	0.2578	0.3606	0.3868	0.1255	0.6279	-0.0386	0.1559	0.8256	1.0604	0.4001	1.2506	1.2982	0.3231	1.5076	1.1436	0.4541	
0.62	0.2596	0.3569	0.4022	0.1205	0.6278	-0.041	0.1567	0.8395	1.1035	0.433	1.2622	1.338	0.3281	1.516	1.1872	0.4747	
0.64	0.2634	0.3528	0.4199	0.1144	0.6278	-0.0427	0.1572	0.8503	1.1377	0.4631	1.2707	1.364	0.3289	1.5215	1.2159	0.488	
0.66	0.269	0.3484	0.4399	0.1068	0.6278	-0.0436	0.1573	0.8583	1.1671	0.4911	1.2765	1.3797	0.3271	1.5249	1.2331	0.4949	
0.68	0.276	0.3442	0.462	0.0976	0.6278	-0.0439	0.1573	0.8638	1.1952	0.518	1.2798	1.3886	0.324	1.5266	1.2428	0.4974	
0.7	0.2844	0.3403	0.4859	0.0859	0.6278	-0.0439	0.1573	0.8668	1.2241	0.5442	1.2812	1.3934	0.3206	1.5271	1.2484	0.4975	
0.72	0.294	0.337	0.5107	0.0712	0.6278	-0.0438	0.1572	0.868	1.2542	0.5698	1.2813	1.3959	0.3177	1.5269	1.2516	0.4968	
0.74	0.3049	0.3342	0.5351	0.0528	0.6278	-0.0437	0.1572	0.8681	1.2845	0.5937	1.281	1.397	0.3158	1.5265	1.2533	0.4964	
0.76	0.3172	0.3322	0.558	0.03	0.6278	-0.0437	0.1572	0.8677	1.3136	0.6151	1.2806	1.3974	0.3148	1.5263	1.254	0.4963	
0.78	0.3311	0.3308	0.5785	0.0024	0.6278	-0.0437	0.1573	0.8674	1.3404	0.6329	1.2805	1.3973	0.3146	1.5263	1.254	0.4966	
0.8	0.3448	0.3303	0.5996	-0.0273	0.6278	-0.0438	0.1573	0.8675	1.3722	0.6492	1.2806	1.3971	0.3149	1.5264	1.2537	0.4967	
0.82	0.3585	0.3297	0.6207	-0.0571	0.6278	-0.0438	0.1573	0.8675	1.404	0.6656	1.2808	1.397	0.3151	1.5265	1.2534	0.4968	
0.84	0.3722	0.3292	0.6418	-0.0868	0.6278	-0.0438	0.1573	0.8676	1.4359	0.6819	1.2809	1.3968	0.3154	1.5266	1.2531	0.497	
0.86	0.3859	0.3287	0.6629	-0.1166	0.6278	-0.0439	0.1573	0.8677	1.4677	0.6982	1.2811	1.3967	0.3157	1.5268	1.2528	0.4971	
