0	0.6728	0.3951	0.4039	0.377	0.3665	0.4058	0.2701	0.474	0.5141	0.2368	0.3414	0.4642	0.0664	0.3155	0.1383	-0.0042	
0.02	0.6728	0.3978	0.4039	0.377	0.3755	0.366	0.2536	0.4807	0.4772	0.2164	0.3559	0.4235	0.0543	0.3157	0.1161	-0.006	
0.04	0.6728	0.4005	0.4039	0.377	0.3844	0.3263	0.2372	0.4873	0.4403	0.1959	0.3704	0.3827	0.0422	0.3158	0.0939	-0.0077	
0.06	0.6728	0.4033	0.4039	0.377	0.3934	0.2866	0.2207	0.494	0.4034	0.1755	0.3848	0.342	0.0301	0.316	0.0717	-0.0095	
0.08	0.6728	0.406	0.4039	0.377	0.4024	0.2469	0.2043	0.5007	0.3666	0.155	0.3993	0.3013	0.0179	0.3161	0.0495	-0.0112	
0.1	0.6728	0.4087	0.4039	0.377	0.4107	0.2122	0.1879	0.5068	0.3327	0.1358	0.4145	0.2643	0.0062	0.3164	0.0271	-0.0132	
0.12	0.6728	0.4113	0.4039	0.377	0.4197	0.1809	0.1732	0.5134	0.3016	0.1195	0.4256	0.2311	-0.0033	0.3169	0.0089	-0.0156	
0.14	0.6728	0.4138	0.4039	0.377	0.429	0.1535	0.16	0.5203	0.2737	0.1062	0.4332	0.2019	-0.0109	0.3175	-0.0058	-0.0183	
0.16	0.6728	0.4162	0.4039	0.377	0.4382	0.1306	0.1483	0.5271	0.2492	0.0954	0.4386	0.1769	-0.0169	0.3184	-0.0181	-0.0211	
0.18	0.6728	0.4185	0.4039	0.377	0.447	0.112	0.1377	0.5337	0.2281	0.0867	0.443	0.1559	-0.0219	0.3195	-0.0292	-0.024	
0.2	0.6728	0.4207	0.4039	0.377	0.455	0.0972	0.1283	0.5399	0.2103	0.0796	0.4472	0.1381	-0.0261	0.3208	-0.0397	-0.0268	
0.22	0.6728	0.4226	0.4039	0.377	0.4621	0.0853	0.1202	0.5455	0.195	0.0739	0.4513	0.1224	-0.03	0.3225	-0.0499	-0.0294	
0.24	0.6728	0.4245	0.4039	0.377	0.4685	0.0751	0.1133	0.5506	0.1818	0.0691	0.4552	0.108	-0.0334	0.3243	-0.0598	-0.0317	
0.26	0.6728	0.4262	0.4039	0.377	0.4742	0.066	0.1076	0.5554	0.1702	0.0652	0.4587	0.0947	-0.0366	0.3264	-0.0692	-0.0338	
0.28	0.6728	0.4277	0.4039	0.377	0.4795	0.0579	0.1029	0.5598	0.1599	0.0619	0.4616	0.0823	-0.0395	0.3286	-0.0778	-0.0356	
0.3	0.6728	0.4292	0.4039	0.377	0.4845	0.0508	0.0989	0.5638	0.1509	0.0589	0.464	0.0709	-0.0421	0.331	-0.0856	-0.0372	
0.32	0.6728	0.4306	0.4039	0.377	0.4891	0.0446	0.0954	0.5675	0.1428	0.0562	0.4659	0.0607	-0.0447	0.3336	-0.0927	-0.0387	
0.34	0.6728	0.4319	0.4039	0.377	0.4935	0.0394	0.0923	0.5707	0.1358	0.0536	0.4675	0.0516	-0.0471	0.3363	-0.0991	-0.0401	
0.36	0.6728	0.4331	0.4039	0.377	0.4974	0.0351	0.0893	0.5732	0.1295	0.0511	0.4688	0.0436	-0.0495	0.3391	-0.105	-0.0415	
0.38	0.6728	0.4344	0.4039	0.377	0.5009	0.0314	0.0865	0.575	0.1239	0.0487	0.4698	0.0366	-0.0518	0.342	-0.1104	-0.0429	
0.4	0.6728	0.4356	0.4039	0.377	0.5038	0.0281	0.0837	0.576	0.1187	0.0463	0.4705	0.0305	-0.0541	0.3449	-0.1155	-0.0442	
0.42	0.6728	0.4367	0.4039	0.377	0.5062	0.025	0.0811	0.576	0.1139	0.0441	0.471	0.0252	-0.0563	0.3479	-0.1202	-0.0455	
0.44	0.6728	0.4379	0.4039	0.377	0.5079	0.0221	0.0786	0.5752	0.1094	0.0421	0.4711	0.0206	-0.0584	0.3508	-0.1247	-0.0468	
0.46	0.6728	0.439	0.4039	0.377	0.5091	0.0193	0.0762	0.5735	0.1051	0.0401	0.471	0.0165	-0.0604	0.3538	-0.129	-0.048	
0.48	0.6728	0.4401	0.4039	0.377	0.5096	0.0166	0.0739	0.571	0.1012	0.0383	0.4707	0.0128	-0.0624	0.3567	-0.1332	-0.0492	
0.5	0.6728	0.4412	0.4039	0.377	0.5096	0.014	0.0717	0.5677	0.0974	0.0365	0.4701	0.0093	-0.0642	0.3596	-0.1373	-0.0503	
0.52	0.6728	0.4423	0.4039	0.377	0.5091	0.0115	0.0696	0.5638	0.0937	0.0349	0.4693	0.006	-0.066	0.3624	-0.1413	-0.0514	
0.54	0.6728	0.4433	0.4039	0.377	0.508	0.0091	0.0676	0.5594	0.0902	0.0334	0.4683	0.0027	-0.0677	0.3651	-0.1452	-0.0524	
0.56	0.6728	0.4443	0.4039	0.377	0.5064	0.0069	0.0657	0.5547	0.0867	0.032	0.467	-0.0004	-0.0693	0.3676	-0.149	-0.0534	
0.58	0.6728	0.4452	0.4039	0.377	0.5045	0.0049	0.0639	0.5498	0.0833	0.0307	0.4656	-0.0034	-0.0708	0.3701	-0.1526	-0.0543	
0.6	0.6728	0.4462	0.4039	0.377	0.5022	0.0029	0.0622	0.545	0.08	0.0295	0.464	-0.0062	-0.0722	0.3723	-0.1561	-0.0551	
0.62	0.6728	0.4471	0.4039	0.377	0.4995	0.0011	0.0607	0.5402	0.0767	0.0284	0.4622	-0.0088	-0.0735	0.3744	-0.1594	-0.0559	
0.64	0.6728	0.4479	0.4039	0.377	0.4966	-0.0006	0.0592	0.5357	0.0736	0.0275	0.4603	-0.0112	-0.0747	0.3762	-0.1626	-0.0567	
0.66	0.6729	0.4487	0.4039	0.377	0.4935	-0.0022	0.0579	0.5314	0.0705	0.0266	0.4581	-0.0135	-0.0758	0.3778	-0.1656	-0.0574	
0.68	0.6729	0.4494	0.4038	0.377	0.4902	-0.0037	0.0568	0.5273	0.0676	0.0258	0.4559	-0.0157	-0.0768	0.3792	-0.1684	-0.058	
0.7	0.6729	0.4502	0.4037	0.377	0.4867	-0.005	0.0557	0.5235	0.0648	0.0252	0.4535	-0.0176	-0.0778	0.3803	-0.171	-0.0585	
0.72	0.673	0.4508	0.4034	0.3769	0.4831	-0.0062	0.0548	0.5198	0.0621	0.0246	0.4509	-0.0194	-0.0786	0.3811	-0.1735	-0.059	
0.74	0.6731	0.4514	0.4031	0.3768	0.4795	-0.0072	0.054	0.5163	0.0596	0.0242	0.4483	-0.021	-0.0793	0.3817	-0.1757	-0.0594	
0.76	0.6733	0.452	0.4025	0.3767	0.4758	-0.0081	0.0534	0.5129	0.0573	0.0238	0.4455	-0.0224	-0.0799	0.382	-0.1777	-0.0597	
0.78	0.6734	0.4525	0.4018	0.3765	0.4721	-0.0089	0.0529	0.5096	0.0551	0.0236	0.4426	-0.0237	-0.0804	0.382	-0.1796	-0.06	
0.8	0.6737	0.453	0.4009	0.3763	0.4685	-0.0095	0.0525	0.5063	0.0532	0.0234	0.4396	-0.0247	-0.0808	0.3819	-0.1812	-0.0602	
0.82	0.674	0.4534	0.3997	0.376	0.465	-0.01	0.0523	0.503	0.0514	0.0234	0.4366	-0.0256	-0.0811	0.3815	-0.1825	-0.0603	
0.84	0.6744	0.4537	0.3984	0.3756	0.4616	-0.0103	0.0522	0.4998	0.0498	0.0234	0.4335	-0.0263	-0.0813	0.3809	-0.1837	-0.0604	
0.86	0.6748	0.454	0.3968	0.3751	0.4583	-0.0105	0.0522	0.4966	0.0484	0.0235	0.4303	-0.0267	-0.0814	0.3801	-0.1846	-0.0604	
0.88	0.6753	0.4542	0.395	0.3746	0.4552	-0.0106	0.0524	0.4934	0.0473	0.0238	0.427	-0.0269	-0.0814	0.3791	-0.1852	-0.0604	
0.9	0.6759	0.4544	0.3931	0.3739	0.4523	-0.0105	0.0526	0.4903	0.0464	0.0241	0.4237	-0.0268	-0.0813	0.378	-0.1856	-0.0603	
0.92	0.6766	0.4545	0.3909	0.3732	0.4495	-0.0102	0.0531	0.4873	0.0458	0.0246	0.4204	-0.0264	-0.0811	0.3767	-0.1856	-0.0601	
0.94	0.6774	0.4545	0.3886	0.3724	0.4468	-0.0098	0.0536	0.4843	0.0454	0.0252	0.4171	-0.0257	-0.0809	0.3753	-0.1855	-0.0599	
0.96	0.6782	0.4544	0.3862	0.3715	0.4443	-0.0092	0.0543	0.4813	0.0454	0.0259	0.4137	-0.0246	-0.0805	0.3736	-0.1849	-0.0596	
0.98	0.6792	0.4542	0.3836	0.3705	0.4419	-0.0084	0.0551	0.4785	0.0456	0.0268	0.4103	-0.0231	-0.0801	0.3719	-0.1841	-0.0593	
1	0.6803	0.4538	0.3809	0.3694	0.4396	-0.0074	0.056	0.4757	0.0461	0.0278	0.4069	-0.0211	-0.0796	0.3699	-0.183	-0.059	
1.02	0.6815	0.4534	0.3781	0.3683	0.4373	-0.0062	0.0571	0.4731	0.047	0.029	0.4036	-0.0187	-0.0789	0.3679	-0.1814	-0.0586	
1.04	0.6828	0.4528	0.3752	0.3671	0.4351	-0.0048	0.0583	0.4705	0.0482	0.0303	0.4003	-0.0157	-0.0781	0.3656	-0.1795	-0.0581	
1.06	0.6843	0.4521	0.3722	0.3658	0.4328	-0.0031	0.0597	0.468	0.0499	0.0319	0.397	-0.0123	-0.0772	0.3632	-0.1772	-0.0576	
1.08	0.6859	0.4512	0.3692	0.3644	0.4306	-0.0011	0.0613	0.4655	0.0518	0.0336	0.3937	-0.0083	-0.0762	0.3607	-0.1745	-0.057	
1.1	0.6877	0.45	0.3661	0.3629	0.4284	0.001	0.063	0.4631	0.0541	0.0356	0.3903	-0.0039	-0.075	0.3581	-0.1715	-0.0564	
1.12	0.6895	0.4486	0.3629	0.3613	0.4262	0.0033	0.0648	0.4606	0.0567	0.0377	0.3868	0.001	-0.0737	0.3552	-0.168	-0.0557	
1.14	0.6914	0.4469	0.3598	0.3597	0.4239	0.0058	0.0669	0.458	0.0596	0.04	0.3833	0.0064	-0.0723	0.3523	-0.164	-0.055	
1.16	0.6934	0.4449	0.3566	0.358	0.4215	0.0086	0.0691	0.4554	0.0629	0.0425	0.3796	0.0126	-0.0707	0.3491	-0.1594	-0.0542	
1.18	0.6958	0.4428	0.3534	0.3562	0.4191	0.012	0.0714	0.4526	0.0669	0.0453	0.3757	0.0196	-0.0689	0.3459	-0.1542	-0.0534	
1.2	0.6985	0.4406	0.3502	0.3543	0.4165	0.0158	0.074	0.4496	0.0716	0.0484	0.3715	0.0273	-0.0668	0.3425	-0.1485	-0.0524	
1.22	0.7015	0.4381	0.3471	0.3524	0.4139	0.02	0.0768	0.4463	0.0769	0.0519	0.3669	0.0355	-0.0644	0.3391	-0.1425	-0.0515	
1.24	0.7047	0.4349	0.344	0.3504	0.4111	0.0242	0.0798	0.4427	0.0822	0.0557	0.3614	0.044	-0.062	0.3355	-0.1364	-0.0505	
1.26	0.7076	0.4302	0.341	0.3483	0.4082	0.0281	0.083	0.4387	0.0871	0.0595	0.3547	0.0526	-0.0595	0.3317	-0.1299	-0.0494	
1.28	0.71	0.4232	0.338	0.3461	0.4051	0.0321	0.0865	0.4341	0.0917	0.0632	0.3466	0.0621	-0.0571	0.3276	-0.1222	-0.0482	
1.3	0.7122	0.4129	0.3351	0.3438	0.4018	0.0374	0.0906	0.4288	0.0972	0.0671	0.3369	0.0741	-0.0545	0.3229	-0.1117	-0.047	
1.32	0.7156	0.3988	0.3323	0.3415	0.3983	0.0466	0.0959	0.4228	0.1066	0.0717	0.3257	0.0915	-0.0511	0.3174	-0.0963	-0.0458	
1.34	0.7222	0.38	0.3296	0.339	0.3946	0.0628	0.1033	0.4159	0.1238	0.0781	0.3126	0.1178	-0.0462	0.3109	-0.0739	-0.0445	
1.36	0.7339	0.3566	0.327	0.3365	0.3906	0.0893	0.1141	0.4081	0.1526	0.0874	0.2975	0.156	-0.039	0.3035	-0.0432	-0.043	
1.38	0.7524	0.3288	0.3245	0.334	0.3862	0.128	0.1295	0.3993	0.1957	0.1006	0.2797	0.2076	-0.029	0.295	-0.0034	-0.0413	
1.4	0.778	0.2977	0.3222	0.3313	0.3816	0.1791	0.1503	0.3892	0.2533	0.118	0.2588	0.2727	-0.0162	0.2858	0.0451	-0.0393	
1.42	0.8098	0.2647	0.3201	0.3287	0.3766	0.2413	0.1762	0.3778	0.3237	0.1395	0.2348	0.3494	-0.0007	0.276	0.1014	-0.0368	
1.44	0.8466	0.2316	0.3182	0.3259	0.3712	0.3123	0.2067	0.3649	0.4043	0.1647	0.2081	0.4352	0.0171	0.2658	0.1642	-0.0336	
1.46	0.8867	0.1999	0.3164	0.3228	0.3653	0.3895	0.2405	0.3505	0.4917	0.1928	0.1794	0.5269	0.0369	0.2556	0.2315	-0.0296	
1.48	0.9288	0.171	0.3148	0.3194	0.3586	0.4699	0.2765	0.335	0.5823	0.2228	0.1495	0.6212	0.0584	0.2458	0.3006	-0.0247	
1.5	0.971	0.1458	0.3134	0.3156	0.3508	0.5502	0.3135	0.3187	0.6719	0.2535	0.1195	0.7143	0.0809	0.2365	0.3683	-0.0188	
1.52	1.0115	0.1248	0.3123	0.311	0.3417	0.6266	0.3507	0.3024	0.756	0.2835	0.0904	0.8023	0.1035	0.228	0.4315	-0.012	
1.54	1.0483	0.1081	0.3116	0.3058	0.3313	0.6956	0.3868	0.2868	0.83	0.3113	0.0632	0.8817	0.1256	0.2204	0.4879	-0.0044	
1.56	1.0799	0.0953	0.3115	0.2999	0.3201	0.7548	0.4207	0.2726	0.8912	0.3361	0.0391	0.9503	0.1467	0.2134	0.5369	0.0039	
1.58	1.1057	0.0858	0.3123	0.2931	0.3086	0.8038	0.4513	0.2601	0.939	0.3577	0.019	1.0076	0.1667	0.2071	0.5788	0.0127	
1.6	1.1261	0.0787	0.3142	0.2858	0.2975	0.8438	0.4784	0.2498	0.9748	0.3765	0.0034	1.0545	0.1859	0.2011	0.615	0.022	
1.62	1.1426	0.0731	0.3174	0.2779	0.2871	0.8772	0.5022	0.2417	1.0017	0.3935	-0.0079	1.0932	0.204	0.1954	0.6468	0.0318	
1.64	1.1566	0.0686	0.3218	0.2697	0.2779	0.9061	0.5234	0.236	1.023	0.4093	-0.0153	1.1258	0.2208	0.1895	0.6754	0.0419	
1.66	1.1692	0.0651	0.3273	0.2615	0.27	0.9318	0.5429	0.2323	1.0411	0.4244	-0.0196	1.1542	0.2359	0.1835	0.7018	0.0523	
1.68	1.181	0.0628	0.3335	0.2534	0.2638	0.9547	0.5613	0.2305	1.0574	0.4386	-0.0217	1.1791	0.2491	0.1771	0.7269	0.0626	
1.7	1.1918	0.0616	0.3401	0.2452	0.2595	0.9745	0.5784	0.2299	1.0727	0.4519	-0.0224	1.2012	0.2601	0.1701	0.7515	0.0725	
1.72	1.2013	0.0619	0.3466	0.2368	0.2569	0.991	0.5941	0.2299	1.0869	0.4637	-0.0224	1.2205	0.2688	0.1626	0.7759	0.0814	
1.74	1.2093	0.0632	0.3526	0.2274	0.2559	1.0043	0.608	0.2302	1.0999	0.4741	-0.0222	1.2374	0.2754	0.1547	0.8	0.0893	
1.76	1.2158	0.0655	0.3578	0.2163	0.2558	1.0146	0.6199	0.2303	1.1118	0.4826	-0.0221	1.252	0.2797	0.1467	0.8231	0.0961	
1.78	1.2211	0.0684	0.3621	0.2027	0.2561	1.0224	0.6301	0.2304	1.1224	0.4892	-0.022	1.2647	0.2822	0.1389	0.8443	0.1016	
1.8	1.2254	0.0715	0.3652	0.1857	0.2563	1.0279	0.6385	0.2303	1.1318	0.4938	-0.0221	1.2757	0.2831	0.1317	0.8629	0.1058	
1.82	1.2289	0.0744	0.3672	0.165	0.2564	1.0315	0.6454	0.2302	1.1397	0.4965	-0.0222	1.2849	0.2832	0.1254	0.8782	0.1088	
1.84	1.2323	0.0779	0.368	0.1428	0.2563	1.0328	0.6518	0.2302	1.1475	0.497	-0.0222	1.2941	0.2829	0.1188	0.8924	0.1101	
1.86	1.2357	0.0813	0.3687	0.1206	0.2562	1.0342	0.6583	0.2302	1.1553	0.4974	-0.0222	1.3032	0.2826	0.1122	0.9067	0.1114	
1.88	1.2391	0.0848	0.3694	0.0984	0.2561	1.0355	0.6647	0.2302	1.1631	0.4979	-0.0222	1.3123	0.2823	0.1057	0.921	0.1127	
1.9	1.2425	0.0882	0.3702	0.0762	0.256	1.0368	0.6711	0.2302	1.1708	0.4983	-0.0222	1.3215	0.2821	0.0991	0.9353	0.114	
