0	0.5917	0.3163	0.1864	0.3365	0.6255	0.4377	0.0226	0.4399	0.5524	-0.2235	0.4466	0.4817	-0.137	0.4397	0.4732	0.1538	
0.02	0.5917	0.3163	0.1864	0.3366	0.6336	0.4377	0.0226	0.4399	0.5524	-0.2235	0.4467	0.4817	-0.137	0.4397	0.466	0.1526	
0.04	0.5917	0.3163	0.1864	0.3366	0.6417	0.4377	0.0226	0.44	0.5524	-0.2235	0.4467	0.4817	-0.137	0.4397	0.4588	0.1514	
0.06	0.5918	0.3163	0.1864	0.3366	0.6498	0.4377	0.0226	0.44	0.5524	-0.2235	0.4467	0.4818	-0.137	0.4398	0.4516	0.1501	
0.08	0.5918	0.3163	0.1864	0.3366	0.6579	0.4377	0.0226	0.44	0.5524	-0.2235	0.4468	0.4818	-0.137	0.4398	0.4445	0.1489	
0.1	0.5916	0.3163	0.1864	0.3365	0.6649	0.4377	0.0226	0.44	0.5525	-0.2235	0.4467	0.4817	-0.137	0.4398	0.4373	0.1471	
0.12	0.591	0.3162	0.1864	0.3364	0.6698	0.4377	0.0226	0.4398	0.5525	-0.2235	0.4465	0.4816	-0.137	0.4396	0.4301	0.1447	
0.14	0.5898	0.3161	0.1864	0.336	0.6727	0.4377	0.0226	0.4394	0.5524	-0.2235	0.4459	0.4813	-0.137	0.4392	0.423	0.1416	
0.16	0.5878	0.3158	0.1864	0.3355	0.6736	0.4376	0.0226	0.4387	0.5521	-0.2235	0.4448	0.4807	-0.137	0.4385	0.4159	0.138	
0.18	0.5849	0.3153	0.1863	0.3346	0.6726	0.4373	0.0226	0.4375	0.5515	-0.2235	0.4429	0.4797	-0.1371	0.4372	0.409	0.1339	
0.2	0.581	0.3146	0.186	0.3334	0.6699	0.4367	0.0226	0.4358	0.5504	-0.2235	0.4402	0.4783	-0.1373	0.4353	0.4021	0.1295	
0.22	0.5759	0.3136	0.1857	0.3318	0.6653	0.4358	0.0226	0.4335	0.5487	-0.2235	0.4366	0.4764	-0.1377	0.4328	0.3954	0.1247	
0.24	0.5698	0.3123	0.1851	0.3299	0.6587	0.4343	0.0226	0.4305	0.5463	-0.2235	0.4321	0.4739	-0.1384	0.4297	0.3887	0.1199	
0.26	0.5627	0.3107	0.1843	0.3275	0.6498	0.4323	0.0226	0.427	0.5431	-0.2235	0.4266	0.4708	-0.1393	0.4259	0.3821	0.1151	
0.28	0.5549	0.3088	0.1831	0.3248	0.6381	0.4297	0.0226	0.4229	0.5391	-0.2235	0.4202	0.4673	-0.1406	0.4214	0.3755	0.1103	
0.3	0.5463	0.3066	0.1817	0.3216	0.6237	0.4265	0.0226	0.4183	0.5342	-0.2235	0.4129	0.4633	-0.1423	0.4162	0.3688	0.1056	
0.32	0.5371	0.3042	0.1799	0.3179	0.6069	0.4228	0.0226	0.4135	0.5287	-0.2235	0.4047	0.4589	-0.1444	0.4099	0.3617	0.101	
0.34	0.5275	0.3014	0.1779	0.3136	0.588	0.4186	0.0226	0.4085	0.5225	-0.2235	0.3956	0.4542	-0.1468	0.4024	0.354	0.0965	
0.36	0.5174	0.2984	0.1755	0.3088	0.5678	0.4141	0.0226	0.4035	0.5156	-0.2235	0.3857	0.4492	-0.1497	0.394	0.3453	0.092	
0.38	0.5072	0.2951	0.1729	0.3034	0.5467	0.4093	0.0226	0.3985	0.5082	-0.2235	0.375	0.4438	-0.1527	0.3851	0.3356	0.0875	
0.4	0.4972	0.2913	0.1701	0.2974	0.5255	0.4045	0.0225	0.3939	0.5	-0.2234	0.364	0.4381	-0.1561	0.3765	0.3247	0.0828	
0.42	0.4876	0.2871	0.1668	0.2908	0.5047	0.3998	0.0224	0.3901	0.491	-0.2233	0.3529	0.4319	-0.1595	0.3687	0.3128	0.078	
0.44	0.479	0.2824	0.1632	0.2833	0.4855	0.3953	0.0223	0.3876	0.4815	-0.2231	0.3422	0.4255	-0.1629	0.3622	0.2998	0.073	
0.46	0.4716	0.2771	0.1591	0.2751	0.469	0.3914	0.022	0.387	0.4718	-0.2227	0.3325	0.419	-0.1663	0.3576	0.2858	0.0679	
0.48	0.4661	0.2713	0.1544	0.2663	0.4565	0.3884	0.0217	0.3886	0.4623	-0.2223	0.3248	0.4126	-0.1696	0.3556	0.2712	0.0627	
0.5	0.4634	0.265	0.1493	0.2569	0.449	0.3868	0.0212	0.393	0.4535	-0.2217	0.3208	0.4068	-0.1727	0.3581	0.2563	0.0577	
0.52	0.4647	0.2582	0.1438	0.2473	0.4472	0.3871	0.0206	0.4003	0.4463	-0.2209	0.3224	0.4018	-0.1755	0.3684	0.2417	0.053	
0.54	0.4716	0.2511	0.1381	0.2379	0.4512	0.3896	0.0198	0.4111	0.4415	-0.2199	0.3319	0.3978	-0.1781	0.3904	0.2282	0.0489	
0.56	0.4852	0.2435	0.1323	0.2287	0.4611	0.3947	0.0189	0.4261	0.4401	-0.2187	0.351	0.3953	-0.1801	0.4273	0.2167	0.0456	
0.58	0.5058	0.2355	0.1265	0.22	0.4773	0.4027	0.0178	0.4464	0.4434	-0.2173	0.3801	0.3948	-0.1815	0.4803	0.2078	0.0434	
0.6	0.5327	0.2271	0.1208	0.2118	0.4997	0.4138	0.0165	0.4727	0.4522	-0.2157	0.4183	0.3974	-0.1821	0.548	0.2021	0.0425	
0.62	0.5645	0.2183	0.1153	0.2042	0.5285	0.4278	0.0152	0.5052	0.4671	-0.2138	0.4637	0.4042	-0.1818	0.6268	0.1999	0.0432	
0.64	0.5994	0.2093	0.1103	0.1972	0.563	0.4442	0.0137	0.543	0.4878	-0.2117	0.514	0.416	-0.1805	0.7121	0.2013	0.0456	
0.66	0.6363	0.2	0.1058	0.191	0.6022	0.4625	0.012	0.5847	0.5139	-0.2093	0.5664	0.4332	-0.1782	0.7994	0.2061	0.0498	
0.68	0.6742	0.1907	0.1018	0.1852	0.6446	0.482	0.0102	0.6284	0.5444	-0.2066	0.6183	0.4557	-0.1751	0.8845	0.2141	0.0561	
0.7	0.7131	0.1813	0.0983	0.1798	0.6886	0.5018	0.0083	0.6724	0.5782	-0.2037	0.6671	0.483	-0.1709	0.9634	0.2248	0.0645	
0.72	0.7524	0.172	0.0953	0.1745	0.733	0.5213	0.0062	0.7152	0.6143	-0.2005	0.7106	0.5146	-0.1654	1.0318	0.2375	0.0752	
0.74	0.7918	0.1628	0.0928	0.169	0.7767	0.54	0.0041	0.7553	0.6516	-0.1972	0.747	0.5504	-0.1582	1.086	0.2514	0.0886	
0.76	0.8307	0.1538	0.0908	0.1633	0.8186	0.5576	0.0019	0.7912	0.6888	-0.1936	0.7757	0.5899	-0.1487	1.124	0.2661	0.1055	
0.78	0.8687	0.1451	0.0894	0.1573	0.8576	0.5737	-0.0004	0.8217	0.7247	-0.1894	0.797	0.6319	-0.1366	1.1462	0.2808	0.1268	
0.8	0.906	0.1366	0.0887	0.1509	0.8923	0.5885	-0.0028	0.8462	0.7586	-0.1845	0.8121	0.6749	-0.1218	1.1553	0.2951	0.1535	
0.82	0.943	0.1285	0.0887	0.1438	0.9219	0.602	-0.0055	0.8648	0.7899	-0.1787	0.8225	0.7167	-0.1049	1.1551	0.3088	0.1863	
0.84	0.9801	0.1206	0.0894	0.1355	0.9459	0.6146	-0.0086	0.8783	0.8187	-0.1721	0.8299	0.7557	-0.0866	1.1493	0.3218	0.225	
0.86	1.0173	0.113	0.0909	0.1258	0.9646	0.6271	-0.0123	0.8879	0.8451	-0.165	0.835	0.7909	-0.0675	1.1401	0.3341	0.2688	
0.88	1.0539	0.1055	0.093	0.1145	0.9786	0.64	-0.0166	0.8949	0.8693	-0.158	0.8384	0.8223	-0.0485	1.1286	0.3457	0.3163	
0.9	1.0888	0.0981	0.0958	0.1028	0.9885	0.6538	-0.0214	0.9002	0.8915	-0.1512	0.84	0.8498	-0.0301	1.1151	0.3569	0.3655	
0.92	1.1209	0.0908	0.0991	0.0926	0.9949	0.6691	-0.0264	0.9041	0.9117	-0.1451	0.8396	0.8737	-0.013	1.0997	0.3678	0.4146	
0.94	1.1499	0.0835	0.1028	0.0865	0.9984	0.686	-0.0313	0.9067	0.9302	-0.1396	0.8373	0.8937	0.0022	1.0828	0.3787	0.4616	
0.96	1.1759	0.0764	0.107	0.0873	0.9998	0.7046	-0.0357	0.9076	0.9471	-0.135	0.8331	0.9102	0.0151	1.065	0.3899	0.5045	
0.98	1.1996	0.0696	0.1116	0.0967	1	0.7249	-0.0393	0.9067	0.9625	-0.1315	0.8273	0.9239	0.0255	1.0471	0.4013	0.542	
1	1.2217	0.0633	0.1165	0.1154	0.9996	0.7465	-0.0415	0.904	0.9767	-0.1292	0.82	0.9358	0.0336	1.0296	0.4132	0.573	
1.02	1.2423	0.0577	0.122	0.1426	0.9993	0.7691	-0.0421	0.8995	0.99	-0.128	0.8114	0.9471	0.0401	1.013	0.425	0.5974	
1.04	1.2617	0.0529	0.1277	0.1771	0.9992	0.792	-0.0406	0.8938	1.0027	-0.1277	0.8016	0.9583	0.0457	0.9977	0.4366	0.6159	
1.06	1.2795	0.0488	0.1338	0.2176	0.9993	0.8146	-0.0368	0.8874	1.0154	-0.1279	0.7904	0.9696	0.0509	0.9838	0.4473	0.6295	
1.08	1.2955	0.0456	0.14	0.2622	0.9994	0.8363	-0.0307	0.8808	1.0284	-0.1282	0.7783	0.9806	0.0561	0.9717	0.457	0.6398	
1.1	1.3096	0.0431	0.1462	0.3088	0.9995	0.8565	-0.0225	0.8745	1.0419	-0.1283	0.7656	0.9908	0.0617	0.9615	0.4653	0.6484	
1.12	1.3217	0.0415	0.1523	0.3549	0.9995	0.8751	-0.0129	0.8689	1.0558	-0.1283	0.7533	0.9999	0.0677	0.9534	0.472	0.6562	
1.14	1.3314	0.0406	0.1586	0.3975	0.9995	0.8922	-0.0028	0.8641	1.0696	-0.1282	0.7424	1.0076	0.0742	0.9477	0.4771	0.664	
1.16	1.3385	0.0402	0.1653	0.4347	0.9994	0.9081	0.0072	0.8604	1.0827	-0.1282	0.7343	1.0139	0.0813	0.9446	0.4804	0.6718	
1.18	1.3425	0.0402	0.1726	0.4658	0.9994	0.9231	0.0163	0.8578	1.0947	-0.1281	0.7298	1.0187	0.0889	0.9444	0.4823	0.6794	
1.2	1.3429	0.0403	0.1807	0.4915	0.9994	0.9375	0.0241	0.8563	1.1051	-0.1281	0.7299	1.022	0.097	0.9471	0.483	0.6864	
1.22	1.3421	0.0404	0.1882	0.5146	0.9994	0.951	0.0321	0.8561	1.1159	-0.1282	0.7312	1.0234	0.1061	0.9511	0.4828	0.6941	
1.24	1.3413	0.0404	0.1957	0.5378	0.9994	0.9646	0.04	0.8559	1.1268	-0.1282	0.7324	1.0248	0.1151	0.9551	0.4826	0.7019	
1.26	1.3405	0.0405	0.2033	0.5609	0.9994	0.9781	0.048	0.8556	1.1377	-0.1282	0.7336	1.0262	0.1242	0.9592	0.4825	0.7096	
1.28	1.3397	0.0405	0.2108	0.584	0.9994	0.9917	0.0559	0.8554	1.1485	-0.1282	0.7348	1.0275	0.1333	0.9632	0.4823	0.7174	
