0	0.3374	0.6221	0.1582	0.3768	0.0916	-0.1633	0.129	0.1459	0.1503	-0.044	0.0791	0.155	0.0124	0.0773	-0.1164	0.0168	
0.02	0.3155	0.6047	0.1297	0.3768	0.0876	-0.1409	0.129	0.1533	0.1647	-0.044	0.0858	0.1688	0.0068	0.0966	-0.0876	0.0168	
0.04	0.2936	0.5873	0.1012	0.3768	0.0837	-0.1185	0.129	0.1607	0.1791	-0.044	0.0926	0.1825	0.0012	0.1159	-0.0588	0.0168	
0.06	0.2718	0.5699	0.0728	0.3768	0.0797	-0.0961	0.129	0.1681	0.1935	-0.0439	0.0993	0.1963	-0.0044	0.1352	-0.03	0.0168	
0.08	0.2499	0.5525	0.0443	0.3768	0.0757	-0.0737	0.129	0.1755	0.2078	-0.0439	0.1061	0.2101	-0.0099	0.1546	-0.0011	0.0168	
0.1	0.2285	0.5343	0.0166	0.3768	0.0757	-0.0448	0.129	0.1879	0.2214	-0.0439	0.1204	0.2233	-0.0157	0.1774	0.0261	0.0169	
0.12	0.2113	0.5139	-0.0063	0.3768	0.0786	-0.0113	0.129	0.2059	0.2364	-0.044	0.1423	0.2379	-0.0221	0.2064	0.0518	0.0169	
0.14	0.1976	0.492	-0.0244	0.3768	0.0847	0.0272	0.129	0.2297	0.2526	-0.044	0.1723	0.2537	-0.0289	0.2416	0.076	0.0171	
0.16	0.1864	0.4697	-0.0386	0.3768	0.094	0.0707	0.129	0.259	0.2697	-0.044	0.21	0.2701	-0.0358	0.2819	0.0988	0.0175	
0.18	0.1768	0.4479	-0.0497	0.3768	0.1065	0.1183	0.1291	0.2931	0.2877	-0.0439	0.2541	0.2868	-0.0423	0.3261	0.1205	0.0181	
0.2	0.1679	0.4275	-0.0582	0.3768	0.1216	0.1687	0.1292	0.331	0.3066	-0.0438	0.3031	0.3039	-0.048	0.3725	0.1414	0.0191	
0.22	0.1593	0.4089	-0.0642	0.3768	0.139	0.2209	0.1295	0.3715	0.3271	-0.0435	0.3553	0.3221	-0.0527	0.42	0.1618	0.0204	
0.24	0.1511	0.3923	-0.0679	0.3768	0.1581	0.274	0.1299	0.4132	0.35	-0.0431	0.4088	0.3421	-0.0561	0.4676	0.1823	0.022	
0.26	0.1432	0.3781	-0.0696	0.3768	0.1784	0.3274	0.1305	0.4546	0.376	-0.0424	0.4616	0.3645	-0.058	0.5145	0.2037	0.0239	
0.28	0.1359	0.3663	-0.0699	0.3768	0.1996	0.3804	0.1314	0.4946	0.4059	-0.0414	0.5117	0.3898	-0.0587	0.5601	0.2269	0.0262	
0.3	0.1293	0.3566	-0.0695	0.3768	0.2214	0.4325	0.1325	0.5322	0.4404	-0.04	0.5575	0.4187	-0.058	0.6035	0.2534	0.029	
0.32	0.1236	0.3486	-0.069	0.3768	0.2434	0.4838	0.1339	0.5669	0.4804	-0.0382	0.5982	0.4523	-0.0562	0.6441	0.2848	0.0329	
0.34	0.1189	0.342	-0.0688	0.3768	0.2656	0.5347	0.1355	0.599	0.5267	-0.0359	0.6337	0.4922	-0.0534	0.6815	0.3223	0.0387	
0.36	0.1156	0.3362	-0.0689	0.3768	0.2877	0.5862	0.1374	0.6288	0.58	-0.0333	0.6652	0.5397	-0.0495	0.7158	0.3667	0.0472	
0.38	0.1138	0.3308	-0.069	0.3768	0.3099	0.639	0.1399	0.657	0.64	-0.0303	0.6937	0.5948	-0.0443	0.7477	0.4174	0.0588	
0.4	0.1138	0.3258	-0.0692	0.3768	0.3321	0.693	0.1431	0.6844	0.7055	-0.0268	0.7203	0.6558	-0.0376	0.778	0.473	0.0739	
0.42	0.1158	0.321	-0.0692	0.3768	0.3542	0.747	0.1472	0.7115	0.7743	-0.0229	0.7455	0.7196	-0.029	0.8071	0.5315	0.0923	
0.44	0.1198	0.3163	-0.0692	0.3768	0.376	0.7993	0.1521	0.7385	0.8436	-0.0185	0.7693	0.7827	-0.0185	0.8346	0.591	0.1132	
0.46	0.1255	0.3116	-0.0691	0.3768	0.3973	0.8483	0.1579	0.7653	0.9107	-0.0135	0.7915	0.8421	-0.0058	0.8601	0.6494	0.1359	
0.48	0.1325	0.3068	-0.0691	0.3768	0.4181	0.8929	0.1641	0.7913	0.973	-0.0079	0.8124	0.8956	0.0088	0.8827	0.7044	0.1595	
0.5	0.1401	0.3015	-0.0691	0.3768	0.4388	0.9326	0.1708	0.816	1.0282	-0.002	0.8323	0.9416	0.0254	0.9021	0.7537	0.183	
0.52	0.1478	0.296	-0.0691	0.3768	0.4593	0.9668	0.1777	0.8385	1.0746	0.004	0.8517	0.9788	0.0438	0.9185	0.7952	0.2052	
0.54	0.1551	0.2902	-0.0691	0.3768	0.4794	0.9953	0.1848	0.8584	1.1112	0.0098	0.8704	1.0063	0.0633	0.9321	0.8277	0.2249	
0.56	0.1616	0.2844	-0.0691	0.3768	0.4986	1.0181	0.192	0.8754	1.1379	0.0151	0.8882	1.0241	0.0831	0.943	0.8514	0.2413	
0.58	0.1671	0.279	-0.0691	0.3768	0.516	1.0358	0.1992	0.8895	1.1556	0.0199	0.9045	1.0334	0.102	0.9514	0.8675	0.254	
0.6	0.1713	0.2742	-0.0691	0.3768	0.5311	1.049	0.2061	0.9004	1.166	0.0239	0.9187	1.0367	0.119	0.9573	0.8778	0.263	
0.62	0.174	0.2687	-0.0691	0.3768	0.5455	1.0595	0.2124	0.9081	1.1695	0.0275	0.933	1.0359	0.1364	0.9596	0.8836	0.2695	
0.64	0.1766	0.2633	-0.0691	0.3768	0.5599	1.0699	0.2186	0.9159	1.1731	0.0311	0.9473	1.035	0.1537	0.962	0.8893	0.2759	
0.66	0.1792	0.2579	-0.0691	0.3768	0.5743	1.0804	0.2248	0.9237	1.1766	0.0347	0.9616	1.0342	0.171	0.9643	0.8951	0.2824	
0.68	0.1819	0.2525	-0.0691	0.3768	0.5887	1.0908	0.231	0.9315	1.1802	0.0383	0.9759	1.0333	0.1883	0.9667	0.9008	0.2889	
