0	0.66	0.3899	0.346	0.2544	0.4196	0.0769	0.0775	0.2971	0.018	0.0136	0.165	0.0743	0.006	0.1191	0.0132	0.0712	
0.02	0.669	0.3821	0.3132	0.231	0.4195	0.092	0.0868	0.3029	0.0389	0.0187	0.1654	0.1037	0.006	0.1191	0.0391	0.0716	
0.04	0.6781	0.3743	0.2803	0.2076	0.4195	0.1072	0.0961	0.3088	0.0597	0.0239	0.1659	0.1332	0.006	0.119	0.0649	0.0719	
0.06	0.6872	0.3664	0.2475	0.1842	0.4195	0.1223	0.1054	0.3147	0.0806	0.029	0.1663	0.1627	0.006	0.119	0.0908	0.0723	
0.08	0.6963	0.3586	0.2146	0.1608	0.4194	0.1374	0.1147	0.3206	0.1015	0.0342	0.1667	0.1921	0.006	0.119	0.1166	0.0726	
0.1	0.705	0.3515	0.1843	0.139	0.4193	0.1514	0.124	0.3267	0.1204	0.0396	0.168	0.2198	0.006	0.1195	0.1398	0.0733	
0.12	0.7147	0.3441	0.1554	0.1157	0.4194	0.166	0.1331	0.3339	0.1376	0.0459	0.17	0.2452	0.0061	0.1207	0.1639	0.0742	
0.14	0.7251	0.3366	0.1286	0.0916	0.4199	0.1809	0.1418	0.3421	0.153	0.0529	0.1731	0.2681	0.0064	0.1229	0.1882	0.0755	
0.16	0.7353	0.3294	0.1045	0.0676	0.4209	0.1959	0.1499	0.3508	0.1665	0.0603	0.1775	0.2889	0.007	0.1261	0.2115	0.0772	
0.18	0.7448	0.3228	0.0833	0.0446	0.4227	0.2109	0.1576	0.3598	0.178	0.0678	0.1837	0.3076	0.0082	0.1302	0.2328	0.0793	
0.2	0.753	0.3169	0.065	0.0232	0.4252	0.2265	0.165	0.3692	0.1878	0.0751	0.1926	0.3242	0.0101	0.1355	0.2518	0.0819	
0.22	0.7595	0.3116	0.0491	0.0037	0.4285	0.2438	0.1726	0.3795	0.1964	0.0821	0.2051	0.3387	0.0128	0.1423	0.269	0.0849	
0.24	0.7638	0.3069	0.0355	-0.0139	0.4329	0.2646	0.1813	0.3919	0.2051	0.089	0.2223	0.3514	0.0163	0.1516	0.2854	0.0883	
0.26	0.7652	0.3024	0.0237	-0.0298	0.4388	0.2908	0.1917	0.4083	0.2154	0.096	0.2453	0.3634	0.0207	0.1652	0.3025	0.0919	
0.28	0.7627	0.2979	0.0134	-0.044	0.4475	0.324	0.2043	0.4302	0.2292	0.1035	0.2753	0.3766	0.026	0.1847	0.3219	0.0958	
0.3	0.7554	0.2931	0.0046	-0.0566	0.46	0.3653	0.2192	0.4588	0.248	0.1122	0.3135	0.3931	0.0326	0.2117	0.3446	0.1002	
0.32	0.743	0.288	-0.003	-0.0675	0.4772	0.4148	0.2363	0.4947	0.273	0.1226	0.3605	0.4151	0.0411	0.2469	0.3717	0.1057	
0.34	0.7258	0.2825	-0.0094	-0.0769	0.4992	0.4716	0.2554	0.5372	0.3048	0.1355	0.4164	0.4442	0.0522	0.2901	0.4035	0.1133	
0.36	0.7047	0.2769	-0.0147	-0.0851	0.5254	0.5342	0.2767	0.5856	0.3439	0.1516	0.48	0.481	0.0665	0.3409	0.4403	0.1241	
0.38	0.6809	0.2714	-0.0187	-0.0925	0.5547	0.6001	0.3003	0.6383	0.3903	0.1715	0.5489	0.5251	0.0847	0.3982	0.482	0.1392	
0.4	0.6555	0.2663	-0.0214	-0.0994	0.5865	0.6667	0.326	0.6935	0.4435	0.1954	0.6201	0.5754	0.1071	0.4608	0.5282	0.1594	
0.42	0.6293	0.2617	-0.0229	-0.106	0.6202	0.7313	0.3532	0.7491	0.5015	0.2235	0.6905	0.6303	0.1342	0.5264	0.5779	0.1849	
0.44	0.6031	0.2578	-0.0235	-0.1125	0.6553	0.7916	0.3811	0.8026	0.5614	0.2551	0.7575	0.688	0.1666	0.5927	0.6291	0.2155	
0.46	0.5779	0.2547	-0.0235	-0.1187	0.6911	0.8457	0.4089	0.852	0.6194	0.2896	0.8193	0.7463	0.2047	0.6569	0.6795	0.2506	
0.48	0.555	0.2523	-0.0233	-0.1244	0.7264	0.8923	0.4363	0.896	0.6722	0.3257	0.8745	0.8028	0.2484	0.7169	0.7264	0.2892	
0.5	0.5353	0.2507	-0.0232	-0.1291	0.7597	0.9305	0.4632	0.9339	0.7178	0.3622	0.922	0.8552	0.2967	0.7715	0.7677	0.33	
0.52	0.5194	0.2498	-0.0231	-0.1325	0.7899	0.9605	0.4892	0.966	0.7552	0.3974	0.9608	0.9009	0.3472	0.82	0.8023	0.3712	
0.54	0.507	0.2494	-0.0232	-0.1343	0.8164	0.983	0.5137	0.9925	0.7843	0.4299	0.9908	0.9384	0.3972	0.8622	0.8302	0.4107	
0.56	0.4972	0.2494	-0.0232	-0.1341	0.839	0.9994	0.5355	1.0142	0.8055	0.4583	1.0129	0.9673	0.444	0.898	0.8517	0.4464	
0.58	0.4896	0.2495	-0.0233	-0.132	0.8581	1.0111	0.5539	1.0316	0.8194	0.4817	1.0287	0.9884	0.4858	0.9277	0.8672	0.4768	
0.6	0.4825	0.2496	-0.0233	-0.1287	0.8777	1.0203	0.5712	1.0479	0.8243	0.5025	1.0424	1.005	0.5295	0.9552	0.8763	0.5047	
0.62	0.4754	0.2496	-0.0232	-0.1254	0.8974	1.0294	0.5885	1.0641	0.8293	0.5233	1.0562	1.0216	0.5733	0.9827	0.8855	0.5327	
0.64	0.4684	0.2496	-0.0232	-0.1222	0.917	1.0386	0.6058	1.0803	0.8342	0.5442	1.0699	1.0383	0.617	1.0103	0.8946	0.5606	
0.66	0.4613	0.2497	-0.0232	-0.1189	0.9367	1.0477	0.6232	1.0965	0.8392	0.565	1.0836	1.0549	0.6608	1.0378	0.9037	0.5886	
