0	0.5522	0.3262	0.2457	0.2329	0.2178	-0.0724	0.204	0.2232	-0.1025	-0.1916	0.1712	0.0082	-0.1446	0.0857	-0.0084	-0.2899	
0.02	0.5667	0.3037	0.2584	0.2329	0.2477	-0.0619	0.204	0.2524	-0.0882	-0.1916	0.1712	0.0174	-0.1446	0.0883	0.0085	-0.295	
0.04	0.5812	0.2812	0.2711	0.2329	0.2776	-0.0515	0.204	0.2816	-0.074	-0.1916	0.1712	0.0267	-0.1446	0.0908	0.0255	-0.3002	
0.06	0.5957	0.2587	0.2838	0.2329	0.3076	-0.0411	0.204	0.3108	-0.0598	-0.1916	0.1712	0.0359	-0.1446	0.0933	0.0424	-0.3053	
0.08	0.6102	0.2362	0.2965	0.2329	0.3375	-0.0306	0.204	0.34	-0.0455	-0.1916	0.1712	0.0452	-0.1446	0.0959	0.0594	-0.3105	
0.1	0.6273	0.2134	0.3089	0.2329	0.364	-0.0206	0.204	0.368	-0.0326	-0.1915	0.1712	0.0543	-0.1446	0.1005	0.0746	-0.3149	
0.12	0.6443	0.1922	0.3224	0.2329	0.3876	-0.0112	0.204	0.3906	-0.0187	-0.1913	0.1714	0.0647	-0.1446	0.1069	0.091	-0.3179	
0.14	0.6622	0.1724	0.3366	0.2329	0.408	-0.0024	0.204	0.4086	-0.0043	-0.1908	0.1717	0.076	-0.1446	0.1153	0.1088	-0.3196	
0.16	0.6818	0.1535	0.3506	0.2329	0.4251	0.0058	0.204	0.4231	0.0103	-0.19	0.1722	0.088	-0.1446	0.1255	0.1274	-0.3199	
0.18	0.7036	0.1351	0.3638	0.2329	0.4391	0.0133	0.204	0.4354	0.0247	-0.1887	0.173	0.1002	-0.1446	0.1374	0.1464	-0.3189	
0.2	0.7274	0.1171	0.3757	0.2329	0.4501	0.0204	0.204	0.4463	0.0389	-0.1869	0.1742	0.1124	-0.1446	0.1507	0.1655	-0.3166	
0.22	0.7526	0.0996	0.386	0.2329	0.4589	0.0271	0.204	0.4563	0.053	-0.1845	0.1757	0.1244	-0.1446	0.1651	0.1841	-0.3133	
0.24	0.7783	0.0829	0.3945	0.2329	0.4663	0.0334	0.204	0.4658	0.0672	-0.1815	0.1777	0.1362	-0.1446	0.1802	0.2023	-0.3093	
0.26	0.804	0.0669	0.4015	0.2328	0.4729	0.0396	0.2041	0.4747	0.0818	-0.1779	0.1801	0.1477	-0.1445	0.1956	0.22	-0.3048	
0.28	0.8297	0.0518	0.4071	0.2326	0.4792	0.0455	0.2042	0.4832	0.0969	-0.1737	0.183	0.159	-0.1444	0.2108	0.2368	-0.3001	
0.3	0.8552	0.0374	0.4117	0.2322	0.4856	0.0515	0.2045	0.491	0.1124	-0.169	0.1864	0.1701	-0.1441	0.2258	0.2527	-0.2955	
0.32	0.8808	0.0236	0.4154	0.2314	0.492	0.0574	0.2049	0.4981	0.1281	-0.1638	0.1901	0.1808	-0.1438	0.2406	0.267	-0.2911	
0.34	0.9063	0.0103	0.4186	0.2303	0.4985	0.0634	0.2054	0.5039	0.1438	-0.1584	0.1942	0.1913	-0.1433	0.2553	0.2794	-0.2871	
0.36	0.9316	-0.0024	0.4215	0.2286	0.505	0.0694	0.2062	0.508	0.1591	-0.1527	0.1987	0.2014	-0.1426	0.2701	0.2898	-0.2836	
0.38	0.9565	-0.0143	0.424	0.2265	0.5116	0.0755	0.2072	0.5103	0.174	-0.1468	0.2035	0.2112	-0.1416	0.2851	0.2981	-0.2805	
0.4	0.9812	-0.0253	0.4265	0.2239	0.5183	0.0818	0.2084	0.5104	0.1882	-0.141	0.2085	0.2206	-0.1405	0.3006	0.3049	-0.2779	
0.42	1.0052	-0.0353	0.4289	0.2207	0.5251	0.0881	0.2099	0.5082	0.2018	-0.1352	0.2138	0.2298	-0.1391	0.3166	0.3106	-0.2757	
0.44	1.0281	-0.0443	0.4313	0.2171	0.5321	0.0945	0.2115	0.5041	0.215	-0.1295	0.2192	0.2387	-0.1375	0.3329	0.3158	-0.2737	
0.46	1.0491	-0.0523	0.4337	0.2131	0.5393	0.1011	0.2134	0.4983	0.2279	-0.124	0.2247	0.2473	-0.1357	0.3494	0.3206	-0.2719	
0.48	1.0676	-0.0594	0.4362	0.2087	0.5466	0.1078	0.2156	0.4916	0.2408	-0.1187	0.2304	0.2557	-0.1337	0.3659	0.3252	-0.2701	
0.5	1.083	-0.0657	0.4388	0.2041	0.5542	0.1145	0.2179	0.4846	0.2537	-0.1136	0.2363	0.2636	-0.1314	0.3823	0.3296	-0.2684	
0.52	1.0952	-0.071	0.4415	0.1993	0.5621	0.1215	0.2203	0.4783	0.2666	-0.1087	0.2425	0.2713	-0.129	0.3985	0.3338	-0.2667	
0.54	1.1045	-0.0756	0.4443	0.1945	0.5707	0.1285	0.2229	0.4736	0.2795	-0.104	0.249	0.2787	-0.1263	0.4145	0.3378	-0.2649	
0.56	1.1113	-0.0794	0.4472	0.19	0.5809	0.1359	0.2257	0.4712	0.2923	-0.0994	0.2557	0.2857	-0.1235	0.4303	0.3416	-0.263	
0.58	1.1159	-0.0827	0.4502	0.1858	0.5936	0.1435	0.2286	0.4717	0.3048	-0.0948	0.263	0.2925	-0.1205	0.4461	0.3455	-0.2611	
0.6	1.1187	-0.0856	0.4533	0.182	0.61	0.1514	0.2316	0.476	0.3169	-0.0904	0.2711	0.2992	-0.1173	0.4621	0.3494	-0.2589	
0.62	1.1197	-0.0883	0.4565	0.1785	0.6311	0.1597	0.2347	0.4846	0.3286	-0.086	0.2808	0.3057	-0.114	0.4785	0.3535	-0.2565	
0.64	1.1192	-0.091	0.4598	0.1753	0.6579	0.1684	0.2379	0.4983	0.3399	-0.0816	0.2931	0.3122	-0.1105	0.4956	0.3576	-0.254	
0.66	1.117	-0.0936	0.4632	0.1725	0.6909	0.1776	0.2412	0.5182	0.3509	-0.0771	0.3095	0.3187	-0.1069	0.5139	0.3618	-0.2512	
0.68	1.1134	-0.0962	0.4666	0.1712	0.7307	0.1877	0.2445	0.5452	0.3617	-0.0726	0.3311	0.325	-0.1031	0.5343	0.3662	-0.2483	
0.7	1.1085	-0.0988	0.4703	0.1734	0.7775	0.1989	0.2479	0.5803	0.3724	-0.068	0.3595	0.3313	-0.0991	0.5584	0.3705	-0.2453	
0.72	1.1024	-0.1013	0.4742	0.1821	0.8313	0.2118	0.2513	0.624	0.3833	-0.0634	0.3954	0.3376	-0.0951	0.5879	0.3749	-0.242	
0.74	1.0953	-0.1038	0.4786	0.2003	0.8906	0.2267	0.2548	0.6761	0.3946	-0.0587	0.4391	0.3441	-0.091	0.6246	0.3794	-0.2382	
0.76	1.0877	-0.1064	0.4837	0.2303	0.9532	0.2439	0.2585	0.735	0.4065	-0.0539	0.49	0.3513	-0.0868	0.6691	0.3838	-0.2339	
0.78	1.0798	-0.1089	0.4895	0.273	1.0159	0.2632	0.2623	0.7982	0.4191	-0.0491	0.5462	0.3599	-0.0824	0.7208	0.3881	-0.229	
0.8	1.0718	-0.1114	0.4962	0.3281	1.0756	0.2843	0.2664	0.8629	0.4329	-0.0442	0.6052	0.3707	-0.0777	0.7781	0.3924	-0.2238	
0.82	1.0642	-0.1141	0.5037	0.3942	1.1303	0.3068	0.2707	0.9261	0.4481	-0.0393	0.6641	0.3848	-0.0727	0.8386	0.3967	-0.2188	
0.84	1.0568	-0.1169	0.5118	0.4694	1.1786	0.3308	0.2753	0.9855	0.4654	-0.0344	0.7201	0.4031	-0.0673	0.8998	0.4009	-0.2142	
0.86	1.0496	-0.1199	0.5203	0.5512	1.2204	0.3561	0.2802	1.0396	0.4855	-0.0296	0.7715	0.427	-0.0614	0.9597	0.405	-0.2095	
0.88	1.0426	-0.1233	0.5292	0.6363	1.256	0.3824	0.2857	1.0874	0.5094	-0.0251	0.8171	0.4578	-0.0552	1.0161	0.4091	-0.2027	
0.9	1.0355	-0.1271	0.5383	0.7205	1.2859	0.4094	0.2922	1.1279	0.5378	-0.0206	0.8565	0.4965	-0.0484	1.0673	0.4132	-0.191	
0.92	1.0282	-0.1314	0.5473	0.7996	1.3113	0.4364	0.3002	1.1609	0.5712	-0.0158	0.89	0.5436	-0.0407	1.1117	0.4172	-0.1714	
0.94	1.0208	-0.136	0.5562	0.8697	1.3335	0.4627	0.31	1.1867	0.609	-0.0098	0.9181	0.5982	-0.0314	1.1486	0.421	-0.1415	
0.96	1.0133	-0.1409	0.5647	0.9287	1.3538	0.4882	0.3215	1.2064	0.6499	-0.0019	0.9417	0.6579	-0.0195	1.1784	0.4244	-0.1003	
0.98	1.0062	-0.1457	0.573	0.9762	1.373	0.5128	0.3344	1.2215	0.6922	0.0086	0.9619	0.7194	-0.0042	1.2024	0.4275	-0.0482	
1	0.9995	-0.1502	0.581	1.013	1.3915	0.5364	0.3477	1.2336	0.7337	0.0216	0.9795	0.7793	0.0151	1.2224	0.4301	0.0138	
1.02	0.9935	-0.1543	0.5889	1.0408	1.4089	0.559	0.3607	1.2439	0.7721	0.0371	0.995	0.8343	0.0384	1.24	0.4323	0.0847	
1.04	0.9883	-0.1578	0.5968	1.0608	1.4244	0.5801	0.3726	1.2523	0.8058	0.0547	1.0086	0.882	0.0655	1.2562	0.4339	0.1629	
1.06	0.9831	-0.1612	0.6049	1.0748	1.4408	0.6001	0.3866	1.2586	0.8396	0.0755	1.0231	0.9296	0.0959	1.2734	0.4352	0.2537	
1.08	0.978	-0.1645	0.6129	1.0887	1.4572	0.6201	0.4006	1.2649	0.8733	0.0963	1.0375	0.9772	0.1262	1.2907	0.4364	0.3445	
1.1	0.9728	-0.1679	0.621	1.1027	1.4736	0.6402	0.4145	1.2712	0.9071	0.1171	1.052	1.0248	0.1565	1.308	0.4377	0.4353	
1.12	0.9677	-0.1712	0.629	1.1166	1.49	0.6602	0.4285	1.2775	0.9409	0.1378	1.0664	1.0725	0.1868	1.3253	0.439	0.5261	
