0	0.3766	0.3487	0.4246	0.1864	0.0252	0.0043	0.1558	0.1105	0.1545	0.0781	0.06	0.2941	-0.0695	0.0095	0.2141	0.0076	
0.02	0.3882	0.3341	0.4508	0.1873	0.0252	0.0484	0.1558	0.1105	0.2251	0.0781	0.06	0.3637	-0.0689	0.0366	0.2688	0.0155	
0.04	0.3997	0.3195	0.4771	0.1882	0.0252	0.0924	0.1558	0.1105	0.2956	0.0781	0.0599	0.4333	-0.0684	0.0637	0.3234	0.0233	
0.06	0.4112	0.3049	0.5034	0.1891	0.0252	0.1364	0.1558	0.1105	0.3662	0.0781	0.0598	0.5029	-0.0678	0.0908	0.378	0.0312	
0.08	0.4227	0.2902	0.5296	0.1901	0.0252	0.1804	0.1558	0.1105	0.4367	0.0781	0.0597	0.5725	-0.0673	0.1179	0.4327	0.039	
0.1	0.4347	0.2771	0.5526	0.1918	0.0252	0.2241	0.1558	0.1105	0.4998	0.0782	0.0592	0.6402	-0.0662	0.1429	0.4858	0.0464	
0.12	0.4493	0.2658	0.5725	0.1944	0.0252	0.2715	0.1558	0.1105	0.5611	0.0786	0.0581	0.7012	-0.0645	0.1649	0.5345	0.0545	
0.14	0.4663	0.2561	0.5892	0.1979	0.0252	0.3213	0.1558	0.1105	0.619	0.0793	0.0561	0.7553	-0.0622	0.1835	0.5779	0.0631	
0.16	0.4854	0.2481	0.6027	0.2024	0.0252	0.3717	0.1558	0.1105	0.6721	0.0807	0.0529	0.8029	-0.0592	0.1987	0.616	0.0718	
0.18	0.5057	0.2413	0.6133	0.2078	0.0252	0.4206	0.1558	0.1105	0.7189	0.0828	0.0485	0.8448	-0.0553	0.2106	0.6492	0.0804	
0.2	0.5265	0.2355	0.6212	0.2141	0.0252	0.4668	0.1558	0.1105	0.7593	0.0859	0.0429	0.8816	-0.0505	0.2194	0.6776	0.0887	
0.22	0.5473	0.2301	0.6273	0.221	0.0252	0.5093	0.1558	0.1105	0.7935	0.09	0.0365	0.9137	-0.045	0.2253	0.7012	0.0966	
0.24	0.5679	0.2248	0.6321	0.2285	0.0252	0.5479	0.1558	0.1105	0.8228	0.0949	0.0296	0.9411	-0.0388	0.2286	0.7202	0.1042	
0.26	0.5882	0.2195	0.6363	0.2362	0.0252	0.5823	0.1558	0.1105	0.8485	0.1004	0.0227	0.964	-0.0319	0.23	0.7351	0.1113	
0.28	0.6084	0.2142	0.6403	0.244	0.0252	0.6126	0.1558	0.1105	0.8717	0.1062	0.0162	0.9827	-0.0246	0.2301	0.7469	0.1182	
0.3	0.6285	0.2092	0.644	0.2519	0.0252	0.6392	0.1558	0.1105	0.8932	0.1119	0.0104	0.9979	-0.0168	0.2297	0.7567	0.1248	
0.32	0.6484	0.2046	0.6475	0.2596	0.0254	0.6625	0.1558	0.1105	0.9132	0.1172	0.0056	1.0105	-0.0084	0.2294	0.7656	0.1311	
0.34	0.6681	0.2005	0.6507	0.2672	0.0257	0.6836	0.1558	0.1105	0.9317	0.1217	0.0019	1.0213	0.0007	0.2293	0.7742	0.1371	
0.36	0.6877	0.1969	0.6535	0.2746	0.0262	0.7031	0.1558	0.1105	0.9487	0.1255	-0.0005	1.0309	0.0107	0.2293	0.7827	0.143	
0.38	0.7074	0.1938	0.656	0.2819	0.0271	0.7216	0.1558	0.1105	0.9642	0.1283	-0.0019	1.0397	0.0216	0.2295	0.791	0.1488	
0.4	0.7277	0.191	0.6581	0.2889	0.0283	0.7393	0.1558	0.1106	0.9783	0.1302	-0.0024	1.0482	0.0332	0.2296	0.7987	0.1549	
0.42	0.7485	0.1886	0.6599	0.2958	0.0299	0.7562	0.1558	0.1107	0.9912	0.1312	-0.0024	1.0566	0.045	0.2296	0.8059	0.1612	
0.44	0.7698	0.1865	0.6615	0.3024	0.0319	0.7721	0.1558	0.111	1.0031	0.1316	-0.0022	1.0652	0.0565	0.2295	0.8125	0.1679	
0.46	0.7913	0.1847	0.6627	0.3088	0.0345	0.7867	0.1558	0.1114	1.0141	0.1316	-0.0021	1.0741	0.0674	0.2295	0.8187	0.1749	
0.48	0.8127	0.183	0.6637	0.3149	0.0375	0.7996	0.1558	0.1119	1.0241	0.1315	-0.002	1.0833	0.077	0.2295	0.8245	0.1821	
0.5	0.8337	0.1813	0.6644	0.3208	0.0411	0.8108	0.1558	0.1127	1.0332	0.1314	-0.0021	1.0928	0.0853	0.2295	0.83	0.1894	
0.52	0.8543	0.1797	0.6649	0.3265	0.045	0.82	0.1558	0.1137	1.0412	0.1314	-0.0021	1.1025	0.092	0.2295	0.8353	0.1965	
0.54	0.8743	0.1781	0.665	0.332	0.0494	0.8272	0.1558	0.1149	1.0482	0.1314	-0.0022	1.112	0.097	0.2295	0.8405	0.2033	
0.56	0.8937	0.1764	0.6649	0.3373	0.0541	0.8326	0.1558	0.1164	1.0544	0.1314	-0.0022	1.121	0.1003	0.2295	0.8455	0.2097	
0.58	0.9123	0.1746	0.6645	0.3425	0.0592	0.8365	0.1558	0.1181	1.0599	0.1314	-0.0022	1.1293	0.1021	0.2295	0.8504	0.2157	
0.6	0.9299	0.1727	0.6639	0.3477	0.0647	0.8394	0.1558	0.12	1.0648	0.1314	-0.0021	1.1366	0.1028	0.2295	0.8552	0.221	
0.62	0.9463	0.1707	0.663	0.3527	0.0704	0.8418	0.1558	0.1222	1.0695	0.1314	-0.0021	1.1428	0.1028	0.2295	0.8599	0.2257	
0.64	0.9616	0.1685	0.6618	0.3575	0.0764	0.8442	0.1558	0.1245	1.0739	0.1314	-0.0021	1.1477	0.1025	0.2295	0.8646	0.2299	
0.66	0.9756	0.1662	0.6604	0.3622	0.0822	0.8466	0.1558	0.127	1.0782	0.1314	-0.0021	1.1513	0.1024	0.2295	0.8694	0.2337	
0.68	0.9885	0.1638	0.6587	0.3667	0.0878	0.8493	0.1558	0.1297	1.0826	0.1314	-0.0021	1.1537	0.1023	0.2295	0.8742	0.2371	
0.7	1.0002	0.1613	0.6568	0.3711	0.0929	0.8522	0.1558	0.1325	1.0872	0.1314	-0.0021	1.155	0.1024	0.2295	0.8792	0.2403	
0.72	1.0108	0.159	0.6545	0.3753	0.0973	0.8553	0.1558	0.1355	1.0919	0.1314	-0.0021	1.1555	0.1024	0.2295	0.8842	0.2434	
0.74	1.0204	0.1569	0.652	0.3793	0.101	0.8587	0.1558	0.1387	1.097	0.1314	-0.0021	1.1555	0.1025	0.2295	0.8894	0.2463	
0.76	1.029	0.1551	0.6492	0.3832	0.1039	0.8624	0.1558	0.142	1.1023	0.1314	-0.0021	1.1554	0.1025	0.2295	0.8946	0.2491	
0.78	1.0371	0.1536	0.646	0.387	0.106	0.8662	0.1558	0.1454	1.108	0.1314	-0.0021	1.1552	0.1025	0.2295	0.9	0.2517	
0.8	1.0448	0.1523	0.6427	0.3912	0.1074	0.8703	0.1558	0.1489	1.1141	0.1314	-0.0021	1.1552	0.1024	0.2295	0.9054	0.2543	
0.82	1.0522	0.1514	0.6393	0.3963	0.1081	0.8746	0.1558	0.1522	1.1206	0.1314	-0.0021	1.1553	0.1024	0.2295	0.911	0.257	
0.84	1.0593	0.1509	0.6359	0.4028	0.1084	0.8794	0.1558	0.1554	1.1275	0.1314	-0.0021	1.1553	0.1024	0.2295	0.9166	0.2602	
0.86	1.066	0.1506	0.6328	0.4112	0.1084	0.8849	0.1558	0.1583	1.1349	0.1314	-0.0021	1.1553	0.1024	0.2295	0.9223	0.2641	
0.88	1.072	0.1504	0.63	0.4218	0.1083	0.8916	0.1558	0.1608	1.1426	0.1314	-0.0021	1.1553	0.1025	0.2295	0.9281	0.2687	
0.9	1.0774	0.1504	0.6276	0.4342	0.1082	0.8997	0.1558	0.1629	1.1506	0.1314	-0.0021	1.1553	0.1025	0.2295	0.9339	0.2739	
0.92	1.0819	0.1505	0.6257	0.448	0.1082	0.9091	0.1558	0.1645	1.1583	0.1314	-0.0021	1.1553	0.1025	0.2295	0.9397	0.2794	
0.94	1.0855	0.1505	0.6243	0.4624	0.1082	0.9198	0.1558	0.1657	1.1656	0.1314	-0.0021	1.1553	0.1025	0.2295	0.9452	0.2848	
0.96	1.0882	0.1505	0.6233	0.4771	0.1083	0.9316	0.1558	0.1665	1.1722	0.1314	-0.0021	1.1553	0.1024	0.2295	0.9505	0.2899	
0.98	1.0898	0.1505	0.6229	0.4941	0.1083	0.9449	0.1558	0.1668	1.1791	0.1314	-0.0021	1.1553	0.1024	0.2295	0.9558	0.296	
1	1.0914	0.1505	0.6225	0.5112	0.1083	0.9581	0.1558	0.1672	1.1861	0.1314	-0.0021	1.1553	0.1025	0.2295	0.9612	0.3022	
1.02	1.093	0.1505	0.6222	0.5282	0.1083	0.9714	0.1558	0.1675	1.193	0.1314	-0.0021	1.1553	0.1025	0.2295	0.9666	0.3084	
1.04	1.0946	0.1505	0.6218	0.5452	0.1083	0.9847	0.1558	0.1678	1.2	0.1314	-0.0021	1.1553	0.1025	0.2295	0.972	0.3146	
