0	0.3463	0.5931	0.3399	-0.177	0.0341	-0.0309	0.0248	0.076	0.0982	-0.0075	0.2183	-0.0423	0.1507	0.4094	-0.3098	0.162	
0.02	0.3835	0.5607	0.3036	-0.1911	0.0419	-0.0255	0.0248	0.0904	0.0982	-0.0075	0.2254	-0.0423	0.1507	0.405	-0.3098	0.1565	
0.04	0.4207	0.5282	0.2673	-0.2052	0.0498	-0.0202	0.0248	0.1048	0.0982	-0.0075	0.2325	-0.0423	0.1507	0.4006	-0.3098	0.1509	
0.06	0.4579	0.4957	0.231	-0.2193	0.0576	-0.0149	0.0248	0.1193	0.0983	-0.0075	0.2396	-0.0423	0.1507	0.3962	-0.3098	0.1453	
0.08	0.495	0.4632	0.1947	-0.2334	0.0655	-0.0095	0.0248	0.1337	0.0983	-0.0075	0.2466	-0.0423	0.1507	0.3918	-0.3098	0.1397	
0.1	0.5355	0.4335	0.1629	-0.2516	0.0734	-0.0042	0.0248	0.1465	0.0983	-0.0075	0.2558	-0.0423	0.1507	0.3886	-0.3098	0.1342	
0.12	0.5811	0.4062	0.1294	-0.2744	0.0812	0.0018	0.0248	0.1594	0.0983	-0.0075	0.2677	-0.0423	0.1507	0.389	-0.3098	0.1287	
0.14	0.6315	0.3815	0.0956	-0.3007	0.089	0.0079	0.0248	0.1721	0.0983	-0.0075	0.2825	-0.0425	0.1507	0.3924	-0.3098	0.1233	
0.16	0.6857	0.3594	0.0632	-0.3293	0.0967	0.0137	0.0248	0.1846	0.0982	-0.0075	0.2995	-0.0429	0.1507	0.3984	-0.3098	0.1181	
0.18	0.7429	0.34	0.0339	-0.3587	0.1042	0.0187	0.0248	0.1965	0.0982	-0.0075	0.3181	-0.0435	0.1507	0.406	-0.3098	0.1129	
0.2	0.8025	0.3231	0.0083	-0.3876	0.1116	0.0224	0.0248	0.2079	0.0982	-0.0075	0.3375	-0.0445	0.1507	0.4147	-0.3098	0.1078	
0.22	0.8643	0.3084	-0.0135	-0.4146	0.1189	0.0245	0.0248	0.2191	0.0983	-0.0075	0.3567	-0.0458	0.1507	0.4238	-0.3098	0.1028	
0.24	0.9273	0.2955	-0.0323	-0.4384	0.1261	0.025	0.0248	0.2303	0.0983	-0.0075	0.3754	-0.0476	0.1507	0.4331	-0.3098	0.0979	
0.26	0.9899	0.2839	-0.0488	-0.458	0.1334	0.0238	0.0248	0.2419	0.0983	-0.0074	0.3931	-0.0497	0.1507	0.4427	-0.3097	0.0932	
0.28	1.0492	0.2734	-0.0634	-0.473	0.1415	0.0209	0.0248	0.2546	0.0982	-0.0073	0.4099	-0.0523	0.1507	0.4526	-0.3096	0.0885	
0.3	1.1031	0.2638	-0.0758	-0.4835	0.1511	0.0162	0.0248	0.2691	0.0981	-0.0069	0.426	-0.0553	0.1507	0.463	-0.3093	0.0839	
0.32	1.1503	0.2553	-0.0858	-0.4899	0.1634	0.0096	0.0248	0.2862	0.0978	-0.0063	0.4423	-0.0586	0.1507	0.474	-0.3088	0.0794	
0.34	1.1906	0.2477	-0.093	-0.4932	0.1796	0.0011	0.0248	0.3063	0.0973	-0.0054	0.4592	-0.0622	0.1505	0.4855	-0.308	0.0749	
0.36	1.2244	0.2411	-0.097	-0.4939	0.2008	-0.0092	0.0248	0.3292	0.0965	-0.004	0.4774	-0.0659	0.1503	0.4971	-0.3068	0.0706	
0.38	1.2523	0.2355	-0.0979	-0.4921	0.2277	-0.0208	0.0248	0.3543	0.0954	-0.0022	0.4965	-0.0696	0.1498	0.5084	-0.3052	0.0663	
0.4	1.2747	0.2309	-0.0956	-0.4871	0.2605	-0.0329	0.0248	0.3805	0.094	0.0001	0.5162	-0.0733	0.1491	0.5188	-0.3031	0.0621	
0.42	1.292	0.2273	-0.0897	-0.4785	0.2982	-0.0448	0.0248	0.4066	0.0921	0.0029	0.5354	-0.0768	0.148	0.5282	-0.3005	0.058	
0.44	1.3053	0.225	-0.0799	-0.4658	0.3394	-0.056	0.0248	0.4317	0.0897	0.0063	0.5533	-0.0802	0.1466	0.5362	-0.2974	0.0539	
0.46	1.316	0.224	-0.0657	-0.4491	0.3824	-0.0661	0.0248	0.4549	0.087	0.0101	0.5694	-0.0832	0.1448	0.5427	-0.2938	0.05	
0.48	1.3255	0.2241	-0.0473	-0.4291	0.4255	-0.0748	0.0248	0.4752	0.0838	0.0144	0.5831	-0.0859	0.1426	0.5476	-0.2896	0.046	
0.5	1.3352	0.2254	-0.0252	-0.4068	0.4673	-0.0817	0.0248	0.492	0.0803	0.0192	0.5938	-0.088	0.1399	0.5508	-0.2848	0.0422	
0.52	1.3453	0.2274	-0.0007	-0.3832	0.5067	-0.0867	0.0248	0.5049	0.0764	0.0244	0.6014	-0.0894	0.1368	0.5526	-0.2795	0.0384	
0.54	1.3557	0.23	0.0246	-0.359	0.5423	-0.0896	0.0248	0.514	0.0722	0.0299	0.6059	-0.0901	0.1333	0.5533	-0.2737	0.0349	
0.56	1.3658	0.2328	0.0492	-0.3344	0.5732	-0.0909	0.0248	0.5202	0.0676	0.0356	0.6078	-0.09	0.1295	0.5533	-0.2676	0.0317	
0.58	1.375	0.2357	0.072	-0.3096	0.5987	-0.091	0.0248	0.5249	0.0628	0.0413	0.608	-0.089	0.1253	0.5531	-0.261	0.0289	
0.6	1.3829	0.2383	0.0922	-0.285	0.6188	-0.0907	0.0248	0.5291	0.0578	0.0467	0.6076	-0.0869	0.1209	0.5529	-0.2542	0.0265	
0.62	1.3894	0.2404	0.1092	-0.2611	0.6343	-0.0903	0.0248	0.5337	0.0529	0.0517	0.6071	-0.0838	0.1161	0.5529	-0.2467	0.0245	
0.64	1.3944	0.242	0.1224	-0.2386	0.6461	-0.0902	0.0248	0.5391	0.0482	0.056	0.6069	-0.0796	0.111	0.5529	-0.2385	0.023	
0.66	1.398	0.2429	0.1315	-0.2178	0.6554	-0.0903	0.0248	0.5455	0.044	0.0596	0.607	-0.0743	0.1057	0.553	-0.2291	0.0219	
0.68	1.4003	0.2432	0.1367	-0.1991	0.6623	-0.0904	0.0248	0.5531	0.0403	0.0624	0.6072	-0.0684	0.1001	0.5531	-0.2184	0.0213	
0.7	1.4016	0.2432	0.1388	-0.1822	0.6672	-0.0905	0.0248	0.5625	0.0372	0.0645	0.6073	-0.062	0.0945	0.5531	-0.2065	0.0209	
0.72	1.402	0.2431	0.139	-0.1673	0.6701	-0.0905	0.0248	0.5742	0.0347	0.0659	0.6073	-0.0557	0.089	0.553	-0.1938	0.0208	
0.74	1.4021	0.243	0.1383	-0.1546	0.6714	-0.0905	0.0248	0.5885	0.0329	0.0666	0.6073	-0.0499	0.0838	0.553	-0.1804	0.0208	
0.76	1.4019	0.2431	0.1381	-0.1431	0.6711	-0.0904	0.0248	0.6029	0.0318	0.0667	0.6072	-0.0434	0.0783	0.553	-0.1654	0.0208	
0.78	1.4018	0.2431	0.1378	-0.1316	0.6708	-0.0904	0.0248	0.6173	0.0308	0.0668	0.6072	-0.0369	0.0728	0.553	-0.1504	0.0208	
0.8	1.4017	0.2431	0.1376	-0.1201	0.6705	-0.0904	0.0248	0.6317	0.0297	0.0669	0.6071	-0.0304	0.0673	0.553	-0.1355	0.0209	
0.82	1.4015	0.2431	0.1373	-0.1086	0.6702	-0.0903	0.0248	0.6462	0.0286	0.067	0.6071	-0.0239	0.0618	0.553	-0.1205	0.0209	
