0	0.4243	0.4128	0.1171	0.2595	0.0092	0.0921	-0.0129	0.0226	0.1685	-0.2989	-0.0782	0.1992	-0.1587	-0.1446	-0.0668	-0.0702	
0.02	0.454	0.3779	0.1147	0.2671	-0.0023	0.1015	-0.0129	0.019	0.1787	-0.2989	-0.105	0.1992	-0.1587	-0.1446	-0.0568	-0.064	
0.04	0.4837	0.343	0.1124	0.2747	-0.0138	0.1109	-0.0129	0.0154	0.1889	-0.2988	-0.1317	0.1992	-0.1588	-0.1446	-0.0469	-0.0579	
0.06	0.5134	0.3081	0.11	0.2823	-0.0254	0.1204	-0.0129	0.0119	0.1991	-0.2988	-0.1584	0.1992	-0.1588	-0.1446	-0.0369	-0.0517	
0.08	0.543	0.2732	0.1077	0.2899	-0.0369	0.1298	-0.0129	0.0083	0.2093	-0.2987	-0.1851	0.1991	-0.1588	-0.1446	-0.0269	-0.0456	
0.1	0.5736	0.2402	0.105	0.2975	-0.0502	0.1388	-0.0129	0.0018	0.2191	-0.2984	-0.2083	0.1991	-0.1588	-0.1446	-0.0174	-0.0378	
0.12	0.6049	0.2086	0.1018	0.305	-0.0664	0.1473	-0.0128	-0.0082	0.2285	-0.2976	-0.2316	0.1992	-0.1587	-0.1446	-0.0067	-0.0282	
0.14	0.6365	0.1788	0.0982	0.3123	-0.0851	0.1552	-0.0126	-0.0211	0.2373	-0.2962	-0.2543	0.1997	-0.1584	-0.1446	0.0047	-0.0172	
0.16	0.6679	0.1513	0.0942	0.3194	-0.1053	0.1624	-0.0121	-0.0364	0.2456	-0.2941	-0.2753	0.2006	-0.1579	-0.1446	0.0164	-0.0053	
0.18	0.6983	0.1264	0.0902	0.3262	-0.1261	0.169	-0.0111	-0.053	0.2535	-0.2912	-0.2936	0.2022	-0.1569	-0.1445	0.028	0.0072	
0.2	0.7269	0.1045	0.0862	0.3328	-0.1466	0.1749	-0.0096	-0.0698	0.261	-0.2874	-0.3088	0.2046	-0.1553	-0.1444	0.0391	0.0197	
0.22	0.753	0.0855	0.0825	0.3391	-0.1659	0.1803	-0.0073	-0.0859	0.2687	-0.2827	-0.3211	0.208	-0.1531	-0.1441	0.0496	0.0321	
0.24	0.7761	0.0693	0.0793	0.3453	-0.1835	0.1856	-0.0044	-0.1004	0.2771	-0.277	-0.331	0.2124	-0.15	-0.1435	0.0595	0.044	
0.26	0.7961	0.0552	0.0767	0.3511	-0.199	0.1911	-0.0007	-0.1133	0.2869	-0.2699	-0.3389	0.2179	-0.1462	-0.1424	0.0691	0.0553	
0.28	0.8133	0.0425	0.0749	0.3567	-0.2125	0.1977	0.0039	-0.1249	0.2984	-0.2614	-0.3451	0.2247	-0.1415	-0.1405	0.0788	0.0661	
0.3	0.8281	0.0308	0.0739	0.3623	-0.224	0.2062	0.01	-0.1357	0.3123	-0.2511	-0.3498	0.2331	-0.136	-0.1378	0.0889	0.0766	
0.32	0.8412	0.0197	0.0738	0.3683	-0.2336	0.2175	0.0182	-0.1461	0.3289	-0.2391	-0.3527	0.2434	-0.1296	-0.1341	0.1	0.0874	
0.34	0.8532	0.0092	0.0745	0.3758	-0.2417	0.2324	0.0292	-0.1561	0.3484	-0.2256	-0.3537	0.256	-0.1223	-0.1297	0.1126	0.0988	
0.36	0.8649	-0.0008	0.0757	0.3855	-0.2485	0.2519	0.0437	-0.1651	0.371	-0.211	-0.3527	0.2712	-0.1136	-0.1246	0.1272	0.1113	
0.38	0.8769	-0.0102	0.0774	0.3985	-0.2541	0.2768	0.0623	-0.1725	0.3968	-0.1956	-0.3499	0.2891	-0.1033	-0.1187	0.144	0.1251	
0.4	0.8895	-0.0189	0.0798	0.4151	-0.2587	0.3079	0.0852	-0.1776	0.4255	-0.1795	-0.3454	0.3101	-0.0908	-0.1113	0.1629	0.1402	
0.42	0.9029	-0.0273	0.0835	0.4354	-0.2621	0.3448	0.1123	-0.1801	0.4566	-0.1626	-0.3396	0.3345	-0.076	-0.101	0.1839	0.1566	
0.44	0.917	-0.0354	0.0895	0.4593	-0.2643	0.3869	0.1431	-0.18	0.4893	-0.1446	-0.3326	0.3633	-0.0585	-0.086	0.2075	0.1742	
0.46	0.9316	-0.0436	0.099	0.4867	-0.2652	0.4328	0.1771	-0.1776	0.5232	-0.1251	-0.3248	0.3974	-0.0379	-0.0654	0.2348	0.1928	
0.48	0.9463	-0.0519	0.1129	0.5179	-0.2647	0.4816	0.2137	-0.1735	0.5584	-0.1039	-0.3167	0.4379	-0.0137	-0.0389	0.2668	0.2129	
0.5	0.9608	-0.0601	0.1314	0.553	-0.263	0.5329	0.2526	-0.1684	0.5953	-0.0807	-0.3085	0.485	0.0151	-0.0075	0.3043	0.2352	
0.52	0.9744	-0.0681	0.1542	0.5924	-0.26	0.5869	0.2939	-0.1627	0.6344	-0.0556	-0.3007	0.538	0.0494	0.0273	0.3468	0.2609	
0.54	0.9867	-0.0754	0.1806	0.636	-0.2559	0.6438	0.3381	-0.1572	0.6759	-0.0284	-0.2938	0.5953	0.09	0.0637	0.3931	0.292	
0.56	0.9967	-0.0821	0.2099	0.6835	-0.2509	0.7034	0.3857	-0.1524	0.7194	0.0009	-0.2881	0.6548	0.1369	0.1003	0.441	0.3301	
0.58	1.004	-0.0879	0.2411	0.7346	-0.2451	0.7648	0.4373	-0.1488	0.7644	0.0325	-0.2841	0.714	0.1894	0.135	0.489	0.377	
0.6	1.0081	-0.0927	0.2731	0.7888	-0.2384	0.8266	0.4928	-0.1466	0.8101	0.066	-0.282	0.771	0.2458	0.1655	0.5362	0.4334	
0.62	1.0088	-0.0964	0.3044	0.8456	-0.2308	0.8874	0.5517	-0.1457	0.856	0.1008	-0.2821	0.8238	0.304	0.189	0.5818	0.4995	
0.64	1.0061	-0.099	0.3338	0.9039	-0.222	0.9461	0.6128	-0.1456	0.9012	0.1357	-0.2847	0.8714	0.3623	0.2032	0.6252	0.5745	
0.66	1.0001	-0.1004	0.3601	0.9625	-0.2119	1.0018	0.6747	-0.1459	0.9447	0.1698	-0.2899	0.913	0.4193	0.207	0.6651	0.6572	
0.68	0.9916	-0.101	0.3831	1.0196	-0.2008	1.0537	0.7357	-0.1462	0.9854	0.2025	-0.2978	0.9481	0.4742	0.2014	0.7004	0.7463	
0.7	0.9811	-0.101	0.4035	1.0738	-0.189	1.1011	0.7941	-0.1462	1.0222	0.2336	-0.3079	0.977	0.5265	0.1887	0.7307	0.8405	
0.72	0.9697	-0.1009	0.422	1.1238	-0.1772	1.143	0.8485	-0.1462	1.055	0.2631	-0.3195	1.0004	0.5754	0.1718	0.757	0.9382	
0.74	0.9583	-0.1007	0.4396	1.1688	-0.1659	1.1788	0.8974	-0.1461	1.0838	0.2911	-0.3319	1.0194	0.6207	0.1531	0.7807	1.0373	
0.76	0.9478	-0.1007	0.4567	1.2086	-0.1555	1.2086	0.94	-0.146	1.1092	0.3173	-0.344	1.0351	0.6623	0.1347	0.8035	1.1353	
0.78	0.9387	-0.1007	0.4735	1.2438	-0.1464	1.2329	0.976	-0.146	1.1319	0.3415	-0.3552	1.0486	0.701	0.1176	0.8256	1.2296	
0.8	0.9313	-0.1007	0.4895	1.2753	-0.1387	1.2528	1.0057	-0.146	1.1521	0.3641	-0.365	1.0604	0.7378	0.1027	0.8466	1.3179	
0.82	0.9258	-0.1008	0.5043	1.3042	-0.1327	1.2693	1.0299	-0.1461	1.1702	0.3856	-0.3731	1.0706	0.7734	0.0909	0.8656	1.3983	
0.84	0.9222	-0.1008	0.5176	1.3313	-0.1286	1.2832	1.0495	-0.1461	1.1859	0.4066	-0.3794	1.0788	0.8077	0.0825	0.8818	1.4697	
0.86	0.9202	-0.1008	0.5292	1.3571	-0.1262	1.295	1.0655	-0.1461	1.1996	0.4276	-0.3837	1.0847	0.8396	0.0776	0.8951	1.5311	
0.88	0.9195	-0.1008	0.5388	1.3818	-0.1253	1.3045	1.0784	-0.1461	1.211	0.4483	-0.3861	1.0881	0.8677	0.0756	0.9058	1.5819	
0.9	0.9194	-0.1007	0.5462	1.4052	-0.1252	1.3116	1.0884	-0.1461	1.2202	0.4688	-0.3872	1.0895	0.8908	0.0754	0.9139	1.6214	
0.92	0.9196	-0.1008	0.5514	1.4293	-0.1255	1.3155	1.096	-0.1461	1.2278	0.4896	-0.387	1.0892	0.9114	0.0759	0.9193	1.6518	
0.94	0.9198	-0.1008	0.5567	1.4534	-0.1258	1.3194	1.1036	-0.1461	1.2354	0.5105	-0.3868	1.0889	0.932	0.0765	0.9248	1.6822	
0.96	0.9201	-0.1008	0.562	1.4775	-0.1261	1.3234	1.1112	-0.1461	1.243	0.5313	-0.3867	1.0886	0.9526	0.0771	0.9303	1.7126	
0.98	0.9203	-0.1008	0.5672	1.5016	-0.1263	1.3273	1.1188	-0.1461	1.2506	0.5522	-0.3865	1.0883	0.9732	0.0777	0.9358	1.743	
