0	0.3373	0.3547	0.0884	0.0674	-0.2753	-0.0309	0.0529	-0.0583	0.1247	-0.1998	0.0259	0.0021	-0.2369	0.0276	0.0879	-0.2453	
0.02	0.3797	0.3365	0.1075	0.0994	-0.2753	-0.0107	0.0599	-0.067	0.1447	-0.1962	0.0336	0.048	-0.2157	0.0289	0.148	-0.218	
0.04	0.4222	0.3182	0.1266	0.1314	-0.2753	0.0094	0.0669	-0.0757	0.1647	-0.1926	0.0413	0.0939	-0.1945	0.0301	0.2081	-0.1908	
0.06	0.4646	0.3	0.1457	0.1633	-0.2753	0.0296	0.0738	-0.0844	0.1847	-0.1889	0.049	0.1398	-0.1733	0.0314	0.2681	-0.1636	
0.08	0.507	0.2817	0.1648	0.1953	-0.2753	0.0497	0.0808	-0.0931	0.2047	-0.1853	0.0567	0.1858	-0.1521	0.0327	0.3282	-0.1363	
0.1	0.5454	0.2639	0.1809	0.2226	-0.2753	0.0693	0.0872	-0.0981	0.2246	-0.1811	0.0652	0.2298	-0.1318	0.0346	0.3849	-0.1102	
0.12	0.5818	0.246	0.1964	0.251	-0.2753	0.0869	0.094	-0.1009	0.2422	-0.176	0.0756	0.2745	-0.1132	0.0372	0.4387	-0.0834	
0.14	0.6158	0.2284	0.2109	0.2795	-0.2753	0.1026	0.101	-0.1013	0.2579	-0.1702	0.0876	0.3185	-0.0963	0.0406	0.4893	-0.0561	
0.16	0.6464	0.2115	0.2237	0.3065	-0.2752	0.117	0.1081	-0.099	0.2724	-0.1639	0.1008	0.3605	-0.0805	0.0447	0.5365	-0.0289	
0.18	0.6732	0.1959	0.2343	0.3304	-0.2752	0.1307	0.115	-0.0942	0.2865	-0.1571	0.1148	0.3992	-0.0656	0.0495	0.5803	-0.0023	
0.2	0.6964	0.1817	0.2427	0.3505	-0.2753	0.1441	0.1219	-0.0875	0.3003	-0.1502	0.129	0.4342	-0.0513	0.0549	0.6206	0.0232	
0.22	0.7166	0.1691	0.2491	0.3668	-0.2756	0.1583	0.1289	-0.0801	0.314	-0.1433	0.143	0.4656	-0.0376	0.0607	0.6579	0.0477	
0.24	0.735	0.158	0.2542	0.38	-0.2761	0.174	0.1365	-0.0728	0.3272	-0.1365	0.1565	0.494	-0.0247	0.0666	0.6925	0.0712	
0.26	0.7521	0.1484	0.2585	0.3911	-0.277	0.1922	0.145	-0.0668	0.3398	-0.1298	0.1692	0.52	-0.0123	0.0724	0.7247	0.0941	
0.28	0.768	0.1402	0.2621	0.4007	-0.2784	0.2133	0.1546	-0.0623	0.3517	-0.1229	0.1814	0.5445	-0.0001	0.0778	0.7549	0.1165	
0.3	0.7825	0.1333	0.265	0.4093	-0.2804	0.2376	0.1657	-0.0596	0.3636	-0.1155	0.1929	0.568	0.0123	0.0826	0.7834	0.1385	
0.32	0.7956	0.1277	0.2672	0.4169	-0.2829	0.2648	0.1783	-0.0587	0.3765	-0.1069	0.2038	0.5913	0.0255	0.0867	0.8104	0.1599	
0.34	0.8074	0.1231	0.2685	0.4236	-0.2862	0.295	0.1926	-0.0594	0.3917	-0.0965	0.2141	0.6152	0.0401	0.0897	0.8358	0.1809	
0.36	0.8186	0.1193	0.2687	0.4294	-0.2902	0.3282	0.209	-0.0615	0.4102	-0.0834	0.2235	0.6403	0.0562	0.0917	0.86	0.202	
0.38	0.8298	0.1163	0.2679	0.4345	-0.295	0.3645	0.2274	-0.0648	0.4326	-0.0671	0.2317	0.6671	0.0744	0.0925	0.8831	0.2239	
0.4	0.8417	0.114	0.266	0.4393	-0.3005	0.4038	0.248	-0.069	0.4593	-0.0473	0.2385	0.6957	0.0948	0.092	0.9055	0.2474	
0.42	0.8545	0.1127	0.2631	0.4441	-0.3066	0.4456	0.2707	-0.074	0.4904	-0.0234	0.2432	0.7258	0.1176	0.0904	0.928	0.2732	
0.44	0.8685	0.1123	0.2592	0.4491	-0.3131	0.4895	0.2955	-0.08	0.5261	0.005	0.2457	0.7565	0.1431	0.0874	0.9509	0.3017	
0.46	0.8837	0.113	0.2545	0.4546	-0.3197	0.5349	0.3223	-0.0872	0.5664	0.0382	0.2455	0.7868	0.1712	0.0832	0.975	0.3328	
0.48	0.9001	0.1148	0.249	0.4608	-0.3261	0.5806	0.3506	-0.0958	0.6107	0.0756	0.2429	0.8156	0.2013	0.0778	1.0006	0.3664	
0.5	0.9176	0.1174	0.2428	0.4682	-0.332	0.6255	0.3797	-0.1058	0.6574	0.116	0.2382	0.8423	0.2326	0.0716	1.028	0.4023	
0.52	0.9362	0.1204	0.2355	0.4771	-0.3371	0.6678	0.4086	-0.1166	0.7044	0.1576	0.2319	0.8669	0.2641	0.0648	1.0571	0.44	
0.54	0.9553	0.1237	0.2269	0.4881	-0.3415	0.7061	0.4362	-0.1273	0.7491	0.1985	0.2249	0.8894	0.2947	0.058	1.0875	0.4789	
0.56	0.974	0.1269	0.2164	0.5016	-0.3449	0.7393	0.4618	-0.1366	0.7896	0.2372	0.2177	0.91	0.3239	0.0516	1.1183	0.5182	
0.58	0.9913	0.1298	0.2038	0.5179	-0.3475	0.7668	0.4848	-0.1437	0.8247	0.2728	0.211	0.9285	0.3513	0.0457	1.1484	0.557	
0.6	1.0063	0.1323	0.1892	0.5367	-0.3491	0.7884	0.5049	-0.1478	0.8541	0.3047	0.2051	0.9449	0.3768	0.0407	1.1766	0.5943	
0.62	1.0187	0.1343	0.1732	0.5575	-0.35	0.8041	0.5216	-0.1488	0.8778	0.3322	0.2004	0.959	0.3999	0.0366	1.202	0.6293	
0.64	1.0286	0.1356	0.1568	0.5792	-0.3503	0.8142	0.5349	-0.1472	0.8959	0.3546	0.1971	0.971	0.42	0.0336	1.2239	0.6614	
0.66	1.0361	0.1364	0.141	0.6004	-0.3503	0.8195	0.5447	-0.1434	0.9086	0.3717	0.1952	0.981	0.4367	0.0315	1.2419	0.6903	
0.68	1.0415	0.1367	0.1265	0.6203	-0.3502	0.8212	0.5515	-0.1379	0.9165	0.3839	0.1945	0.9893	0.4499	0.0304	1.2556	0.7159	
0.7	1.044	0.1366	0.1098	0.6418	-0.3502	0.8205	0.5564	-0.1276	0.919	0.3932	0.1947	0.9977	0.4622	0.0302	1.2653	0.74	
0.72	1.0465	0.1366	0.0932	0.6633	-0.3502	0.8197	0.5613	-0.1173	0.9214	0.4025	0.1949	1.006	0.4744	0.0301	1.275	0.7641	
0.74	1.0491	0.1365	0.0765	0.6848	-0.3501	0.8189	0.5662	-0.107	0.9238	0.4118	0.195	1.0144	0.4867	0.0299	1.2847	0.7882	
0.76	1.0516	0.1364	0.0598	0.7063	-0.3501	0.8181	0.5711	-0.0967	0.9262	0.4211	0.1952	1.0227	0.4989	0.0297	1.2943	0.8123	
