0	0.4197	0.4867	0.3066	-0.0449	0.2121	-0.1079	0.1476	0.219	-0.1273	-0.2451	0.0867	0.0161	-0.1446	-0.0646	-0.0494	-0.217	
0.02	0.4257	0.4695	0.3049	-0.0401	0.2309	-0.0839	0.1486	0.254	-0.0986	-0.242	0.0958	0.0363	-0.1446	-0.0475	-0.0164	-0.2211	
0.04	0.4317	0.4522	0.3032	-0.0353	0.2498	-0.06	0.1496	0.2891	-0.0699	-0.239	0.1048	0.0565	-0.1446	-0.0304	0.0166	-0.2251	
0.06	0.4378	0.435	0.3015	-0.0306	0.2686	-0.0361	0.1506	0.3241	-0.0412	-0.2359	0.1139	0.0767	-0.1445	-0.0133	0.0495	-0.2291	
0.08	0.4438	0.4177	0.2998	-0.0258	0.2875	-0.0122	0.1516	0.3592	-0.0125	-0.2328	0.123	0.0969	-0.1445	0.0038	0.0825	-0.2332	
0.1	0.4497	0.4002	0.2976	-0.0196	0.3051	0.0148	0.1536	0.3944	0.0149	-0.2283	0.1327	0.1159	-0.1441	0.0256	0.1135	-0.2365	
0.12	0.4551	0.3824	0.294	-0.0125	0.324	0.0464	0.1565	0.4282	0.0437	-0.2222	0.1445	0.1362	-0.1434	0.0529	0.146	-0.2385	
0.14	0.4601	0.3647	0.288	-0.0058	0.3435	0.0819	0.1605	0.4597	0.0728	-0.2147	0.1582	0.1571	-0.1419	0.085	0.1783	-0.2391	
0.16	0.4648	0.3474	0.2781	-0.0009	0.3623	0.1197	0.1655	0.4883	0.1011	-0.2059	0.1735	0.1777	-0.1397	0.1207	0.2089	-0.2384	
0.18	0.4691	0.3309	0.2631	0.0007	0.3791	0.1583	0.1716	0.5137	0.128	-0.196	0.1898	0.1972	-0.1366	0.1584	0.2364	-0.2365	
0.2	0.4729	0.3155	0.2424	-0.0022	0.3927	0.1967	0.1786	0.5359	0.1539	-0.1852	0.2064	0.2152	-0.1326	0.197	0.2601	-0.2336	
0.22	0.4764	0.3012	0.2166	-0.011	0.4024	0.2346	0.1865	0.5552	0.1802	-0.1737	0.2229	0.2321	-0.1275	0.2356	0.2795	-0.2298	
0.24	0.4793	0.2882	0.187	-0.0265	0.4079	0.2722	0.1953	0.5715	0.2082	-0.1615	0.2396	0.249	-0.1212	0.2736	0.2949	-0.2255	
0.26	0.4816	0.2765	0.1551	-0.0493	0.4091	0.3096	0.2056	0.585	0.2392	-0.1486	0.2568	0.2672	-0.1133	0.3108	0.3073	-0.2206	
0.28	0.4831	0.2663	0.1221	-0.0791	0.4062	0.3476	0.2179	0.5959	0.2739	-0.1347	0.2755	0.2881	-0.1031	0.3474	0.3178	-0.2153	
0.3	0.4836	0.2575	0.0894	-0.1146	0.3997	0.3868	0.2328	0.6048	0.3128	-0.1197	0.2964	0.3126	-0.0901	0.384	0.3278	-0.2095	
0.32	0.4828	0.2497	0.0582	-0.1536	0.3906	0.4278	0.2509	0.6126	0.356	-0.103	0.3205	0.341	-0.0737	0.421	0.3381	-0.2031	
0.34	0.4804	0.2428	0.0301	-0.1937	0.38	0.4711	0.2721	0.6203	0.4033	-0.0843	0.3483	0.373	-0.0535	0.4593	0.3492	-0.1963	
0.36	0.4759	0.2363	0.0064	-0.233	0.3694	0.5172	0.2963	0.6293	0.4544	-0.0627	0.381	0.4083	-0.0295	0.4995	0.3614	-0.1894	
0.38	0.4691	0.2301	-0.0122	-0.27	0.3604	0.566	0.3229	0.6409	0.5084	-0.0375	0.4201	0.4472	-0.0014	0.5426	0.3748	-0.1825	
0.4	0.4599	0.2242	-0.026	-0.3037	0.3545	0.6174	0.3513	0.6567	0.5643	-0.0082	0.4668	0.4906	0.031	0.5896	0.3898	-0.1746	
0.42	0.4484	0.2184	-0.0362	-0.3335	0.353	0.6706	0.3806	0.6779	0.6216	0.0253	0.522	0.5393	0.068	0.6414	0.4069	-0.1634	
0.44	0.4352	0.2128	-0.0441	-0.3592	0.3568	0.7246	0.4104	0.7055	0.6797	0.0627	0.5846	0.5935	0.11	0.6984	0.4259	-0.1455	
0.46	0.4208	0.2074	-0.051	-0.3808	0.3665	0.778	0.4401	0.7398	0.7386	0.1037	0.6524	0.6519	0.157	0.7597	0.4464	-0.1172	
0.48	0.4059	0.2022	-0.0574	-0.3983	0.3821	0.8295	0.4697	0.7801	0.7984	0.1476	0.7222	0.7123	0.2089	0.8239	0.4674	-0.0761	
0.5	0.391	0.1971	-0.0638	-0.4123	0.4033	0.8784	0.4992	0.8251	0.8585	0.1938	0.7911	0.7718	0.2644	0.8891	0.4879	-0.0217	
0.52	0.3769	0.1921	-0.0702	-0.4233	0.4295	0.9246	0.5285	0.8729	0.9177	0.2417	0.8571	0.8282	0.3221	0.9538	0.5071	0.0437	
0.54	0.364	0.187	-0.0764	-0.4317	0.4596	0.9683	0.5577	0.9214	0.9742	0.2896	0.919	0.8799	0.38	1.0168	0.5242	0.1168	
0.56	0.3528	0.1818	-0.0822	-0.4378	0.4921	1.0097	0.5863	0.9688	1.0259	0.3359	0.9755	0.9259	0.4362	1.077	0.5388	0.1938	
0.58	0.3438	0.1764	-0.0878	-0.4418	0.5255	1.0487	0.6142	1.0132	1.0713	0.3787	1.0255	0.9649	0.4889	1.1333	0.5506	0.271	
0.6	0.337	0.1708	-0.0932	-0.4435	0.558	1.0856	0.6414	1.0532	1.1094	0.417	1.068	0.9959	0.5369	1.1839	0.559	0.3451	
0.62	0.3325	0.1653	-0.0991	-0.4424	0.5879	1.12	0.6677	1.0878	1.1397	0.4502	1.1029	1.0178	0.5789	1.2278	0.5642	0.4126	
0.64	0.3302	0.1602	-0.1068	-0.4375	0.6141	1.1519	0.6928	1.1168	1.1621	0.4784	1.1313	1.0308	0.6145	1.2645	0.5665	0.47	
0.66	0.3303	0.1561	-0.1177	-0.4274	0.6357	1.1808	0.716	1.1411	1.177	0.502	1.1553	1.0366	0.6432	1.2949	0.5669	0.5149	
0.68	0.3329	0.1534	-0.133	-0.411	0.6526	1.2062	0.7364	1.1617	1.1855	0.5212	1.177	1.0377	0.6654	1.3207	0.5664	0.5468	
0.7	0.3379	0.1527	-0.1529	-0.388	0.665	1.228	0.7532	1.1798	1.1889	0.5371	1.1976	1.0367	0.6825	1.3436	0.5659	0.5678	
0.72	0.3449	0.1539	-0.1766	-0.3597	0.673	1.2462	0.7665	1.1964	1.1893	0.5505	1.2175	1.0355	0.696	1.3649	0.5656	0.5817	
0.74	0.3533	0.1568	-0.2025	-0.3282	0.6775	1.2612	0.7768	1.2117	1.1885	0.563	1.2364	1.0351	0.7081	1.3852	0.5657	0.5925	
0.76	0.3622	0.161	-0.2285	-0.296	0.6794	1.2732	0.7848	1.2253	1.1877	0.5758	1.2538	1.0353	0.7204	1.4047	0.5659	0.6033	
0.78	0.3709	0.1661	-0.2534	-0.2649	0.6796	1.2824	0.7912	1.2368	1.1874	0.5899	1.2696	1.0357	0.7337	1.4235	0.566	0.6157	
0.8	0.3817	0.1736	-0.2842	-0.2264	0.6791	1.2883	0.7963	1.2478	1.1878	0.6046	1.2853	1.0358	0.7476	1.4413	0.566	0.6286	
0.82	0.3926	0.181	-0.315	-0.1879	0.6787	1.2941	0.8014	1.2587	1.1881	0.6194	1.3009	1.0359	0.7615	1.459	0.566	0.6414	
0.84	0.4034	0.1885	-0.3458	-0.1493	0.6782	1.2999	0.8064	1.2697	1.1884	0.6342	1.3165	1.036	0.7754	1.4768	0.5659	0.6542	
0.86	0.4143	0.196	-0.3766	-0.1108	0.6778	1.3058	0.8115	1.2806	1.1887	0.649	1.3322	1.0362	0.7893	1.4946	0.5659	0.667	
