0	0.4768	0.3484	0.4468	0.1159	0.2216	-0.0354	0.0295	0.239	0.0997	-0.1423	0.187	0.0342	-0.1776	0.0177	-0.0389	0.0148	
0.02	0.4916	0.3452	0.4363	0.1159	0.231	-0.0323	0.0345	0.2554	0.1141	-0.1379	0.1876	0.0573	-0.1687	0.0277	-0.0175	0.0149	
0.04	0.5064	0.342	0.4258	0.1159	0.2403	-0.0291	0.0395	0.2717	0.1285	-0.1335	0.1881	0.0805	-0.1598	0.0377	0.0038	0.0149	
0.06	0.5213	0.3388	0.4153	0.1159	0.2497	-0.0259	0.0445	0.2881	0.1429	-0.1291	0.1886	0.1037	-0.1509	0.0478	0.0252	0.0149	
0.08	0.5361	0.3356	0.4049	0.1159	0.259	-0.0227	0.0495	0.3045	0.1573	-0.1247	0.1891	0.1269	-0.1421	0.0578	0.0465	0.015	
0.1	0.5515	0.3324	0.3947	0.1159	0.2682	-0.0191	0.0544	0.3207	0.172	-0.1196	0.1907	0.1512	-0.133	0.0688	0.0662	0.0152	
0.12	0.5625	0.3287	0.3834	0.1159	0.2772	-0.0146	0.0592	0.337	0.1894	-0.1133	0.193	0.174	-0.1222	0.0826	0.0875	0.0156	
0.14	0.5703	0.3247	0.3711	0.1159	0.2858	-0.0093	0.0637	0.3537	0.2093	-0.1059	0.1965	0.1957	-0.11	0.0992	0.11	0.0165	
0.16	0.5765	0.3203	0.3582	0.1159	0.2941	-0.0034	0.068	0.3711	0.2312	-0.0977	0.2014	0.2169	-0.097	0.1186	0.1331	0.018	
0.18	0.583	0.3159	0.345	0.1159	0.302	0.0031	0.0722	0.3894	0.2548	-0.089	0.2083	0.2383	-0.0835	0.1407	0.1564	0.0201	
0.2	0.5913	0.3115	0.3316	0.1159	0.3094	0.0098	0.0761	0.4084	0.2797	-0.0799	0.2177	0.2603	-0.07	0.1649	0.1798	0.0229	
0.22	0.6016	0.307	0.3179	0.1159	0.3163	0.0168	0.0799	0.4278	0.3058	-0.0707	0.2304	0.2836	-0.0565	0.1908	0.2036	0.0263	
0.24	0.6139	0.3026	0.3039	0.1159	0.3227	0.0237	0.0835	0.4472	0.3336	-0.0611	0.2467	0.3093	-0.0426	0.218	0.2291	0.0302	
0.26	0.6276	0.298	0.2895	0.1159	0.3285	0.0306	0.0869	0.4664	0.3642	-0.0504	0.2665	0.3393	-0.0272	0.246	0.2577	0.0351	
0.28	0.6423	0.2934	0.275	0.1157	0.3338	0.0376	0.0902	0.4851	0.3995	-0.0375	0.2894	0.3766	-0.0089	0.2749	0.2912	0.0419	
0.3	0.6576	0.2886	0.2609	0.1155	0.3388	0.0448	0.0934	0.5028	0.4415	-0.0208	0.315	0.4249	0.0142	0.3045	0.3315	0.0522	
0.32	0.6735	0.2839	0.2478	0.115	0.3434	0.053	0.0967	0.5192	0.4924	0.0008	0.3429	0.4871	0.0439	0.335	0.38	0.0684	
0.34	0.6895	0.2796	0.2361	0.1142	0.3477	0.063	0.0999	0.5341	0.553	0.028	0.3727	0.5648	0.0821	0.366	0.4376	0.093	
0.36	0.7053	0.2758	0.2261	0.1132	0.3517	0.0756	0.1033	0.5473	0.623	0.061	0.4041	0.6575	0.1298	0.3974	0.5049	0.1284	
0.38	0.7204	0.2728	0.2178	0.1118	0.3557	0.0916	0.1068	0.5591	0.7012	0.0993	0.4363	0.7627	0.1868	0.4285	0.5815	0.1764	
0.4	0.7344	0.2709	0.2113	0.1099	0.3603	0.1112	0.1103	0.5704	0.7853	0.1424	0.4683	0.8763	0.2521	0.4592	0.6662	0.2376	
0.42	0.7475	0.2703	0.2066	0.1077	0.3665	0.1343	0.1139	0.582	0.8728	0.1893	0.4993	0.9937	0.3235	0.4895	0.7568	0.3113	
0.44	0.7604	0.2709	0.2034	0.1051	0.3755	0.1608	0.1176	0.595	0.9603	0.239	0.5293	1.1098	0.3982	0.5201	0.8498	0.3951	
0.46	0.7739	0.2725	0.2017	0.102	0.3884	0.1901	0.1215	0.61	1.0444	0.2899	0.5589	1.2198	0.4732	0.5522	0.9416	0.4857	
0.48	0.7887	0.2747	0.2011	0.0986	0.4057	0.2212	0.1258	0.6273	1.1215	0.34	0.5891	1.3189	0.5457	0.5869	1.0281	0.5788	
0.5	0.8054	0.2769	0.2011	0.0948	0.4273	0.2533	0.1309	0.6471	1.189	0.3874	0.6207	1.4038	0.6133	0.6253	1.1061	0.6703	
0.52	0.8241	0.2786	0.2013	0.0906	0.4524	0.2854	0.137	0.6693	1.2457	0.4308	0.6539	1.4726	0.674	0.6674	1.1734	0.7564	
0.54	0.8446	0.2796	0.2015	0.0863	0.4798	0.3167	0.1439	0.6941	1.2919	0.4697	0.6878	1.5252	0.7261	0.7125	1.2287	0.8339	
0.56	0.8669	0.2796	0.2015	0.0818	0.5079	0.3471	0.1513	0.7214	1.3288	0.5042	0.7212	1.5635	0.7689	0.7594	1.2719	0.9009	
0.58	0.8907	0.2788	0.2015	0.0773	0.5351	0.3766	0.1589	0.7509	1.3583	0.535	0.7526	1.5902	0.8024	0.8067	1.3038	0.9566	
0.6	0.9158	0.2772	0.2014	0.073	0.5597	0.4056	0.1664	0.7823	1.3823	0.5626	0.7814	1.6083	0.8277	0.8533	1.3258	1.0015	
0.62	0.9432	0.2739	0.2014	0.0684	0.5852	0.4326	0.1754	0.8145	1.4023	0.5869	0.8132	1.6224	0.8493	0.906	1.34	1.0371	
0.64	0.9707	0.2707	0.2014	0.0639	0.6108	0.4596	0.1843	0.8468	1.4224	0.6112	0.8449	1.6365	0.8709	0.9588	1.3541	1.0727	
0.66	0.9981	0.2674	0.2014	0.0593	0.6364	0.4866	0.1933	0.879	1.4424	0.6356	0.8766	1.6505	0.8925	1.0115	1.3682	1.1082	
0.68	1.0256	0.2641	0.2014	0.0548	0.662	0.5136	0.2022	0.9113	1.4625	0.6599	0.9084	1.6646	0.914	1.0642	1.3824	1.1438	
