0	0.3861	0.5531	-0.2183	0.0571	0.0917	0.4079	-0.0168	0.1275	0.5625	-0.2223	-0.0346	0.5348	-0.1974	-0.0079	0.3395	0.036	
0.02	0.3855	0.5454	-0.2183	0.0571	0.0994	0.4082	-0.0168	0.1332	0.5715	-0.2229	-0.0336	0.5422	-0.1974	-0.0067	0.3397	0.036	
0.04	0.385	0.5377	-0.2183	0.0571	0.1071	0.4085	-0.0168	0.1388	0.5805	-0.2234	-0.0325	0.5497	-0.1974	-0.0055	0.34	0.036	
0.06	0.3844	0.53	-0.2183	0.0571	0.1147	0.4088	-0.0168	0.1445	0.5896	-0.224	-0.0315	0.5572	-0.1974	-0.0044	0.3403	0.036	
0.08	0.3838	0.5223	-0.2183	0.0571	0.1224	0.4091	-0.0168	0.1501	0.5986	-0.2246	-0.0304	0.5647	-0.1974	-0.0032	0.3406	0.036	
0.1	0.3821	0.5146	-0.2183	0.0571	0.1294	0.4101	-0.0168	0.1557	0.6071	-0.2259	-0.0282	0.5717	-0.1974	-0.0006	0.3415	0.036	
0.12	0.3792	0.5086	-0.2183	0.0571	0.1353	0.4118	-0.0168	0.1612	0.6164	-0.2279	-0.0247	0.5794	-0.1974	0.0033	0.3432	0.036	
0.14	0.375	0.5041	-0.2183	0.0571	0.1399	0.4144	-0.0168	0.1666	0.6262	-0.2307	-0.0194	0.5878	-0.1974	0.009	0.3457	0.036	
0.16	0.3693	0.5006	-0.2183	0.0571	0.1433	0.418	-0.0168	0.1718	0.6364	-0.2344	-0.0121	0.5969	-0.1974	0.0168	0.3492	0.036	
0.18	0.3621	0.4976	-0.2183	0.057	0.1455	0.4227	-0.0168	0.1768	0.6468	-0.2389	-0.0023	0.6067	-0.1974	0.0268	0.3538	0.036	
0.2	0.3536	0.4949	-0.2183	0.0568	0.1466	0.4284	-0.0168	0.1817	0.6577	-0.2441	0.0104	0.6175	-0.1974	0.0392	0.3594	0.0361	
0.22	0.3443	0.4923	-0.2183	0.0564	0.1466	0.435	-0.0168	0.1863	0.6695	-0.25	0.026	0.6293	-0.1974	0.0543	0.3661	0.0362	
0.24	0.335	0.4897	-0.2183	0.0557	0.1454	0.4425	-0.0167	0.1907	0.6824	-0.2562	0.0446	0.6426	-0.1974	0.0721	0.3737	0.0365	
0.26	0.3268	0.4868	-0.2183	0.0547	0.143	0.4508	-0.0165	0.1949	0.6968	-0.2622	0.0662	0.6576	-0.1972	0.0926	0.3819	0.037	
0.28	0.3211	0.4833	-0.2184	0.0533	0.1394	0.4597	-0.0162	0.199	0.7126	-0.2678	0.0909	0.6746	-0.197	0.1157	0.3907	0.0376	
0.3	0.3193	0.4787	-0.2186	0.0515	0.1347	0.4692	-0.0158	0.2031	0.7297	-0.2725	0.1184	0.6935	-0.1965	0.1413	0.3998	0.0385	
0.32	0.3226	0.4727	-0.2189	0.0491	0.129	0.4792	-0.0151	0.2072	0.7479	-0.2761	0.148	0.7138	-0.1958	0.169	0.4092	0.0397	
0.34	0.332	0.4649	-0.2194	0.0462	0.1226	0.4896	-0.0142	0.2113	0.7667	-0.2785	0.1789	0.735	-0.1948	0.1982	0.4188	0.0413	
0.36	0.3475	0.4553	-0.22	0.0428	0.1161	0.5004	-0.0129	0.2156	0.7861	-0.2797	0.2099	0.7564	-0.1935	0.2282	0.4284	0.0432	
0.38	0.3691	0.4441	-0.2208	0.0389	0.1098	0.5117	-0.0113	0.2203	0.8059	-0.2794	0.2401	0.7775	-0.1919	0.2585	0.4382	0.0454	
0.4	0.3958	0.4314	-0.222	0.0347	0.104	0.5237	-0.0094	0.2255	0.8263	-0.2774	0.2688	0.7982	-0.1899	0.2885	0.4483	0.0479	
0.42	0.4267	0.4175	-0.2234	0.0302	0.0989	0.537	-0.0072	0.2316	0.8476	-0.2732	0.2959	0.8186	-0.1875	0.3181	0.4589	0.0507	
0.44	0.4607	0.4028	-0.225	0.0253	0.0946	0.5525	-0.0047	0.239	0.8701	-0.2662	0.3217	0.8387	-0.1848	0.3471	0.4704	0.0538	
0.46	0.4968	0.3879	-0.2269	0.0199	0.0914	0.5711	-0.002	0.2478	0.8938	-0.2565	0.3465	0.8586	-0.1817	0.3752	0.483	0.0573	
0.48	0.5342	0.3735	-0.2291	0.0137	0.0892	0.5934	0.0012	0.2579	0.9187	-0.2444	0.3706	0.8784	-0.1784	0.4027	0.4965	0.0612	
0.5	0.5724	0.3604	-0.2317	0.0065	0.088	0.6194	0.0051	0.269	0.9439	-0.2308	0.3943	0.8983	-0.1748	0.4297	0.5107	0.0658	
0.52	0.611	0.3491	-0.2348	-0.0018	0.0875	0.6485	0.0101	0.2804	0.9687	-0.2166	0.4175	0.9187	-0.171	0.4563	0.5247	0.0712	
0.54	0.6494	0.3399	-0.2386	-0.0106	0.0875	0.6794	0.0162	0.2915	0.9919	-0.2028	0.4397	0.9398	-0.1672	0.4825	0.538	0.0775	
0.56	0.6868	0.3325	-0.2431	-0.019	0.0876	0.7105	0.0232	0.3019	1.0129	-0.19	0.4607	0.9611	-0.1636	0.5078	0.5502	0.0845	
0.58	0.7219	0.3269	-0.2481	-0.026	0.0877	0.7405	0.0306	0.3112	1.0308	-0.1784	0.4801	0.9817	-0.1603	0.5315	0.5609	0.0924	
0.6	0.7538	0.3228	-0.2535	-0.0304	0.0878	0.7679	0.0379	0.3192	1.0453	-0.1686	0.4973	1.0005	-0.1574	0.5528	0.5699	0.1009	
0.62	0.7815	0.32	-0.259	-0.0313	0.0878	0.7914	0.0447	0.3254	1.0562	-0.161	0.5119	1.0167	-0.155	0.571	0.5771	0.1101	
0.64	0.8111	0.3187	-0.2654	-0.0329	0.0877	0.8133	0.0531	0.3295	1.0626	-0.157	0.5246	1.0331	-0.1528	0.5888	0.582	0.12	
0.66	0.8406	0.3175	-0.2718	-0.0344	0.0877	0.8353	0.0615	0.3337	1.069	-0.1529	0.5372	1.0495	-0.1506	0.6065	0.5869	0.1299	
0.68	0.8701	0.3162	-0.2782	-0.0359	0.0876	0.8573	0.0698	0.3378	1.0754	-0.1489	0.5499	1.0658	-0.1484	0.6243	0.5918	0.1398	
0.7	0.8996	0.315	-0.2845	-0.0374	0.0876	0.8792	0.0782	0.3419	1.0818	-0.1449	0.5625	1.0822	-0.1462	0.6421	0.5967	0.1498	
