0	0.3557	0.4138	0.2208	0.0698	-0.1323	0.1098	0.05	-0.0437	0.2378	-0.0319	0.039	0.0745	-0.0233	0.1918	0.0628	-0.1926	
0.02	0.3836	0.3978	0.2389	0.0954	-0.1312	0.1109	0.0507	-0.0195	0.2643	-0.0197	0.0393	0.1144	-0.0118	0.1918	0.0759	-0.1875	
0.04	0.4114	0.3819	0.2569	0.121	-0.1301	0.112	0.0513	0.0046	0.2908	-0.0074	0.0395	0.1543	-0.0002	0.1918	0.0891	-0.1824	
0.06	0.4393	0.366	0.275	0.1466	-0.129	0.1131	0.0519	0.0288	0.3173	0.0048	0.0398	0.1942	0.0113	0.1918	0.1022	-0.1773	
0.08	0.4672	0.35	0.2931	0.1722	-0.1279	0.1142	0.0525	0.0529	0.3438	0.017	0.0401	0.2341	0.0229	0.1918	0.1154	-0.1722	
0.1	0.496	0.3357	0.311	0.1935	-0.1266	0.1157	0.0533	0.0735	0.3673	0.0281	0.0409	0.2673	0.0332	0.1918	0.1251	-0.1679	
0.12	0.5244	0.3214	0.3244	0.2144	-0.1249	0.1176	0.0544	0.0948	0.388	0.0394	0.0422	0.2994	0.0436	0.1918	0.1348	-0.1638	
0.14	0.5524	0.3075	0.3339	0.234	-0.1228	0.1201	0.0557	0.1165	0.4058	0.0507	0.0441	0.3297	0.0537	0.1918	0.144	-0.16	
0.16	0.5798	0.2945	0.3406	0.2513	-0.1204	0.1231	0.0573	0.138	0.4205	0.0616	0.0469	0.3565	0.0631	0.1918	0.1519	-0.1566	
0.18	0.6063	0.2829	0.3457	0.2654	-0.1176	0.1266	0.0592	0.1586	0.4325	0.0716	0.0505	0.379	0.0714	0.1918	0.1578	-0.1539	
0.2	0.6319	0.2726	0.3502	0.276	-0.1144	0.1305	0.0613	0.1778	0.4421	0.0807	0.0549	0.397	0.0786	0.1918	0.1614	-0.1517	
0.22	0.6567	0.2636	0.3543	0.2832	-0.1111	0.1348	0.0636	0.1958	0.4502	0.089	0.0603	0.4116	0.0846	0.1919	0.1629	-0.1499	
0.24	0.6811	0.2555	0.3583	0.288	-0.1074	0.1394	0.0661	0.2131	0.4574	0.0967	0.0663	0.424	0.0899	0.1921	0.1631	-0.1484	
0.26	0.7053	0.2481	0.3621	0.291	-0.1036	0.1442	0.0686	0.2301	0.4641	0.104	0.073	0.4354	0.0947	0.1926	0.1626	-0.147	
0.28	0.7294	0.2412	0.3656	0.2929	-0.0997	0.1492	0.0712	0.2471	0.4705	0.1111	0.08	0.4464	0.0992	0.1933	0.1622	-0.1457	
0.3	0.7534	0.2344	0.369	0.2941	-0.0956	0.1543	0.0738	0.264	0.4769	0.118	0.0873	0.4572	0.1037	0.1945	0.162	-0.1443	
0.32	0.7771	0.2275	0.3722	0.2946	-0.0915	0.1593	0.0764	0.2801	0.4832	0.1251	0.0946	0.4676	0.1081	0.1962	0.1621	-0.1431	
0.34	0.8004	0.2203	0.3755	0.2942	-0.0873	0.1642	0.0789	0.295	0.4895	0.1326	0.1018	0.4776	0.1126	0.1985	0.1623	-0.1418	
0.36	0.8233	0.2126	0.3789	0.293	-0.0831	0.1689	0.0813	0.3084	0.4957	0.1407	0.1088	0.4871	0.1172	0.2014	0.1624	-0.1407	
0.38	0.8456	0.2044	0.3823	0.291	-0.0789	0.1734	0.0837	0.3206	0.5018	0.1498	0.1155	0.4963	0.122	0.2049	0.1624	-0.1395	
0.4	0.8671	0.1958	0.3859	0.2882	-0.0748	0.1778	0.0861	0.3327	0.5075	0.1605	0.1218	0.5059	0.1273	0.2091	0.1624	-0.1383	
0.42	0.8871	0.187	0.3895	0.2849	-0.0706	0.182	0.0884	0.3456	0.5132	0.1735	0.1278	0.5168	0.1338	0.2139	0.1623	-0.137	
0.44	0.905	0.1782	0.3932	0.2812	-0.0665	0.1863	0.0908	0.3604	0.5196	0.1896	0.1338	0.5308	0.1424	0.2193	0.1623	-0.1358	
0.46	0.9205	0.1699	0.3968	0.2772	-0.0624	0.1906	0.0933	0.3774	0.5279	0.2091	0.1402	0.5493	0.1541	0.2253	0.1623	-0.1344	
0.48	0.9337	0.1624	0.4004	0.2729	-0.0583	0.1949	0.0958	0.3966	0.5396	0.232	0.1476	0.5736	0.1692	0.2317	0.1623	-0.1331	
0.5	0.9449	0.1559	0.4039	0.2682	-0.0541	0.1992	0.0985	0.418	0.5559	0.2574	0.1567	0.6036	0.1879	0.2385	0.1623	-0.1317	
0.52	0.9548	0.1508	0.4073	0.2632	-0.0498	0.2037	0.1014	0.4414	0.5774	0.284	0.1675	0.6384	0.2096	0.2452	0.1623	-0.1303	
0.54	0.9637	0.147	0.4106	0.258	-0.0455	0.2091	0.1046	0.4666	0.6042	0.3101	0.1796	0.6763	0.2336	0.2516	0.1623	-0.129	
0.56	0.9718	0.1445	0.4138	0.2529	-0.041	0.2164	0.1084	0.4929	0.6357	0.3344	0.1926	0.7158	0.2591	0.2575	0.1623	-0.1276	
0.58	0.9788	0.143	0.417	0.2485	-0.0365	0.2272	0.1131	0.5189	0.6708	0.3559	0.2055	0.7553	0.2852	0.2627	0.1623	-0.1262	
0.6	0.9844	0.1423	0.4199	0.2451	-0.0319	0.243	0.1192	0.5426	0.7083	0.3741	0.2178	0.7937	0.3111	0.267	0.1623	-0.1248	
0.62	0.9881	0.1421	0.4225	0.243	-0.0271	0.265	0.1271	0.5623	0.7464	0.3885	0.2291	0.8297	0.3359	0.2704	0.1623	-0.1235	
0.64	0.9898	0.1422	0.4248	0.2423	-0.0222	0.2933	0.1369	0.5769	0.7829	0.3987	0.2389	0.8617	0.3589	0.2729	0.1623	-0.1222	
0.66	0.9894	0.1422	0.4267	0.2428	-0.0172	0.3273	0.1488	0.5865	0.8158	0.4048	0.2469	0.8884	0.3793	0.2746	0.1623	-0.1208	
0.68	0.9873	0.1423	0.4283	0.2444	-0.0122	0.366	0.1627	0.592	0.8434	0.4076	0.2526	0.9094	0.3968	0.2754	0.1623	-0.1195	
0.7	0.9839	0.1423	0.4295	0.2466	-0.0074	0.4079	0.1783	0.5945	0.8648	0.408	0.256	0.9254	0.4118	0.2758	0.1623	-0.1182	
0.72	0.9796	0.1423	0.4303	0.2493	-0.0029	0.4515	0.1953	0.5948	0.8802	0.4075	0.2574	0.9376	0.4247	0.2758	0.1623	-0.1169	
0.74	0.9732	0.1422	0.4308	0.2536	0.0019	0.5013	0.2144	0.5896	0.8904	0.4071	0.2571	0.9487	0.4374	0.2757	0.1623	-0.1157	
0.76	0.9667	0.1422	0.4313	0.2578	0.0066	0.5511	0.2334	0.5844	0.9005	0.4067	0.2569	0.9598	0.4501	0.2756	0.1623	-0.1144	
0.78	0.9603	0.1422	0.4318	0.2621	0.0113	0.601	0.2524	0.5793	0.9107	0.4064	0.2566	0.9709	0.4628	0.2755	0.1623	-0.1131	
0.8	0.9538	0.1422	0.4323	0.2663	0.0161	0.6508	0.2715	0.5741	0.9209	0.406	0.2563	0.982	0.4755	0.2754	0.1623	-0.1118	
