0	-0.0332	0.3656	0.1194	0.3302	0.2002	0.1751	-0.0226	0.165	0.2582	-0.177	0.1368	0.2645	-0.137	0.1736	0.2184	0.0841	
0.02	-0.0342	0.3656	0.1194	0.3297	0.2002	0.1751	-0.0226	0.165	0.2605	-0.177	0.1368	0.2684	-0.137	0.1736	0.2184	0.0841	
0.04	-0.0353	0.3656	0.1194	0.3293	0.2002	0.1751	-0.0226	0.165	0.2629	-0.177	0.1368	0.2723	-0.137	0.1736	0.2184	0.0841	
0.06	-0.0364	0.3656	0.1194	0.3289	0.2002	0.1751	-0.0226	0.165	0.2652	-0.177	0.1368	0.2762	-0.137	0.1736	0.2184	0.0841	
0.08	-0.0375	0.3656	0.1194	0.3284	0.2002	0.1751	-0.0226	0.165	0.2675	-0.177	0.1368	0.2801	-0.137	0.1736	0.2184	0.0841	
0.1	-0.0385	0.3656	0.1194	0.3278	0.2002	0.1751	-0.0226	0.165	0.2702	-0.177	0.1368	0.284	-0.1371	0.1736	0.2184	0.0841	
0.12	-0.0395	0.3656	0.1194	0.3271	0.2002	0.1751	-0.0226	0.165	0.2734	-0.177	0.1368	0.2879	-0.137	0.1736	0.2184	0.0841	
0.14	-0.0404	0.3656	0.1194	0.3263	0.2002	0.1751	-0.0226	0.165	0.2772	-0.177	0.1368	0.2918	-0.137	0.1737	0.2184	0.0841	
0.16	-0.0413	0.3656	0.1194	0.3252	0.2005	0.1751	-0.0226	0.1651	0.2815	-0.177	0.1368	0.2956	-0.137	0.1738	0.2184	0.0841	
0.18	-0.0421	0.3656	0.1194	0.324	0.201	0.1751	-0.0226	0.1653	0.2863	-0.177	0.1368	0.2994	-0.137	0.1741	0.2184	0.0841	
0.2	-0.0428	0.3656	0.1194	0.3227	0.2018	0.1751	-0.0226	0.1658	0.2912	-0.177	0.1368	0.3031	-0.1372	0.1746	0.2185	0.0841	
0.22	-0.0435	0.3656	0.1194	0.3213	0.2031	0.1751	-0.0226	0.1667	0.2963	-0.1771	0.1368	0.3067	-0.1375	0.1755	0.2188	0.0841	
0.24	-0.0441	0.3655	0.1194	0.3197	0.205	0.1751	-0.0226	0.1679	0.3014	-0.1773	0.1368	0.3101	-0.1381	0.1769	0.2194	0.0841	
0.26	-0.0447	0.3654	0.1194	0.3182	0.2074	0.1752	-0.0226	0.1697	0.3063	-0.1776	0.1367	0.3133	-0.139	0.1788	0.2203	0.0842	
0.28	-0.0452	0.3653	0.1194	0.3165	0.2105	0.1755	-0.0226	0.1721	0.311	-0.1782	0.1368	0.3164	-0.1402	0.1811	0.2217	0.0842	
0.3	-0.0457	0.3651	0.1194	0.3149	0.2142	0.1759	-0.0226	0.175	0.3154	-0.179	0.1368	0.3193	-0.142	0.184	0.2235	0.0844	
0.32	-0.0461	0.3648	0.1194	0.3133	0.2185	0.1765	-0.0226	0.1786	0.3194	-0.1802	0.1369	0.3221	-0.1442	0.1874	0.226	0.0846	
0.34	-0.0465	0.3645	0.1194	0.3116	0.2233	0.1774	-0.0226	0.1827	0.3232	-0.1816	0.137	0.3247	-0.1468	0.1916	0.2292	0.085	
0.36	-0.0469	0.3642	0.1194	0.3101	0.2286	0.1787	-0.0226	0.1873	0.3266	-0.1834	0.1373	0.3272	-0.1499	0.1968	0.2332	0.0856	
0.38	-0.0472	0.3637	0.1194	0.3086	0.2341	0.1805	-0.0226	0.1923	0.3298	-0.1855	0.1378	0.3299	-0.1533	0.2034	0.238	0.0864	
0.4	-0.0475	0.3632	0.1194	0.3072	0.2397	0.1828	-0.0226	0.1976	0.3329	-0.188	0.1384	0.333	-0.157	0.2116	0.2434	0.0877	
0.42	-0.0477	0.3626	0.1194	0.3059	0.2455	0.1856	-0.0226	0.2031	0.3357	-0.1907	0.1394	0.337	-0.1608	0.2215	0.2494	0.0891	
0.44	-0.0479	0.362	0.1195	0.3047	0.2513	0.189	-0.0226	0.2088	0.3385	-0.1938	0.1406	0.3422	-0.1646	0.2328	0.2559	0.0908	
0.46	-0.0481	0.3613	0.1196	0.3037	0.2571	0.1928	-0.0226	0.2147	0.3415	-0.197	0.1421	0.3493	-0.1683	0.2455	0.263	0.0926	
0.48	-0.0483	0.3606	0.1198	0.3029	0.263	0.197	-0.0225	0.2207	0.3451	-0.2004	0.1439	0.3585	-0.1718	0.2592	0.271	0.0948	
0.5	-0.0484	0.3598	0.12	0.3023	0.2689	0.2019	-0.0225	0.2269	0.35	-0.204	0.1461	0.3707	-0.175	0.274	0.2805	0.0978	
0.52	-0.0485	0.359	0.1203	0.3018	0.2749	0.2078	-0.0224	0.2334	0.3568	-0.2077	0.1487	0.3864	-0.1777	0.2896	0.2921	0.1023	
0.54	-0.0486	0.3581	0.1208	0.3015	0.2809	0.2154	-0.0222	0.24	0.3658	-0.2114	0.1516	0.4065	-0.1799	0.3058	0.3058	0.109	
0.56	-0.0487	0.3572	0.1213	0.3013	0.287	0.2249	-0.0219	0.2469	0.3769	-0.2152	0.155	0.431	-0.1814	0.322	0.3212	0.1184	
0.58	-0.0487	0.3562	0.1219	0.3013	0.2931	0.2364	-0.0216	0.2539	0.3895	-0.219	0.1587	0.4591	-0.1822	0.3378	0.3374	0.1305	
0.6	-0.0488	0.3552	0.1226	0.3014	0.2992	0.2496	-0.0212	0.2609	0.4032	-0.2228	0.1628	0.4894	-0.1822	0.3527	0.3535	0.1448	
0.62	-0.0488	0.3542	0.1234	0.3017	0.3051	0.2639	-0.0206	0.268	0.4174	-0.2265	0.1672	0.5204	-0.1814	0.3667	0.3688	0.1608	
0.64	-0.0488	0.3532	0.1243	0.3021	0.3109	0.2788	-0.02	0.275	0.4317	-0.2301	0.1718	0.5503	-0.1799	0.3799	0.3828	0.1776	
0.66	-0.0488	0.3521	0.1253	0.3025	0.3163	0.2938	-0.0193	0.2818	0.4455	-0.2335	0.1767	0.578	-0.1776	0.3924	0.395	0.1945	
0.68	-0.0487	0.3511	0.1264	0.3031	0.3214	0.3084	-0.0184	0.2884	0.4583	-0.2368	0.1824	0.6025	-0.1746	0.4042	0.405	0.2109	
0.7	-0.0486	0.35	0.1276	0.3038	0.3262	0.3223	-0.0175	0.2947	0.4694	-0.2399	0.1893	0.6229	-0.171	0.4151	0.4122	0.2258	
0.72	-0.0484	0.3488	0.1288	0.3046	0.3306	0.335	-0.0165	0.3008	0.4786	-0.2427	0.1979	0.6384	-0.167	0.4251	0.4167	0.2387	
0.74	-0.0481	0.3477	0.1302	0.3055	0.3346	0.346	-0.0155	0.3067	0.486	-0.2453	0.2086	0.6484	-0.1626	0.4342	0.4186	0.2491	
0.76	-0.0476	0.3466	0.1316	0.3065	0.3384	0.3554	-0.0143	0.3125	0.492	-0.2476	0.2217	0.6532	-0.1579	0.4425	0.4189	0.2572	
0.78	-0.0471	0.3455	0.1332	0.3077	0.3418	0.3636	-0.0131	0.3184	0.4972	-0.2494	0.2368	0.6537	-0.1531	0.4504	0.4185	0.2632	
0.8	-0.0464	0.3444	0.1348	0.309	0.3451	0.371	-0.0118	0.3245	0.502	-0.251	0.2539	0.6511	-0.1482	0.4581	0.418	0.268	
0.82	-0.0455	0.3433	0.1365	0.3105	0.3481	0.3783	-0.0105	0.331	0.5068	-0.2521	0.2724	0.6466	-0.1432	0.4659	0.4177	0.2722	
0.84	-0.0445	0.3422	0.1382	0.312	0.3511	0.3858	-0.0091	0.338	0.5116	-0.2527	0.2917	0.6413	-0.1382	0.474	0.4178	0.2764	
0.86	-0.0434	0.3411	0.14	0.3136	0.3539	0.3936	-0.0076	0.3458	0.5163	-0.2529	0.3112	0.6363	-0.1331	0.4824	0.418	0.281	
0.88	-0.0421	0.3401	0.1419	0.3153	0.3567	0.4019	-0.0061	0.3543	0.5209	-0.2527	0.33	0.6324	-0.1279	0.4913	0.4181	0.2865	
0.9	-0.0407	0.3392	0.1439	0.3173	0.3594	0.4103	-0.0046	0.3635	0.5253	-0.2519	0.3475	0.63	-0.1227	0.5006	0.4182	0.2932	
0.92	-0.0391	0.3382	0.1461	0.3199	0.362	0.4188	-0.003	0.3733	0.5296	-0.2508	0.363	0.6298	-0.1173	0.5105	0.4181	0.3013	
0.94	-0.0375	0.3373	0.1486	0.3232	0.3647	0.4272	-0.0014	0.3834	0.5337	-0.2491	0.3764	0.6319	-0.1117	0.5209	0.4181	0.3111	
0.96	-0.0356	0.3364	0.1517	0.3274	0.3673	0.4356	0.0002	0.3936	0.5377	-0.247	0.3878	0.6362	-0.1057	0.5317	0.418	0.3223	
0.98	-0.0337	0.3355	0.1554	0.3325	0.3701	0.4438	0.0017	0.4038	0.5417	-0.2445	0.3974	0.6427	-0.0993	0.543	0.418	0.3348	
1	-0.0317	0.3345	0.1596	0.3383	0.3728	0.452	0.003	0.4137	0.5455	-0.2415	0.4056	0.6509	-0.0925	0.5545	0.418	0.3479	
1.02	-0.0295	0.3334	0.1643	0.3447	0.3757	0.4601	0.0041	0.4232	0.5494	-0.2381	0.413	0.6603	-0.0851	0.5661	0.4181	0.3613	
1.04	-0.0273	0.3321	0.1694	0.3516	0.3787	0.468	0.0051	0.432	0.5533	-0.2344	0.4199	0.6706	-0.0774	0.5776	0.4181	0.3742	
1.06	-0.0249	0.3308	0.1745	0.3587	0.3818	0.4757	0.0058	0.4403	0.5573	-0.2303	0.4264	0.6809	-0.0693	0.5893	0.4181	0.3861	
1.08	-0.0224	0.3295	0.1791	0.3659	0.385	0.4832	0.0064	0.4481	0.5615	-0.2259	0.4328	0.6911	-0.0609	0.6017	0.4181	0.397	
1.1	-0.0199	0.3281	0.1829	0.373	0.3883	0.4904	0.0067	0.4554	0.5659	-0.2211	0.4391	0.7006	-0.0522	0.6154	0.4181	0.4077	
1.12	-0.0172	0.3263	0.1854	0.3798	0.3917	0.4975	0.0069	0.4624	0.5705	-0.216	0.4453	0.7097	-0.0429	0.6315	0.4181	0.4196	
1.14	-0.0144	0.3238	0.1863	0.386	0.3952	0.5044	0.007	0.4693	0.5753	-0.2102	0.4516	0.7184	-0.0328	0.6502	0.4181	0.4346	
1.16	-0.0116	0.3202	0.1854	0.3917	0.3987	0.5111	0.007	0.4762	0.5804	-0.2037	0.4578	0.7269	-0.0217	0.6719	0.4181	0.454	
1.18	-0.0087	0.3155	0.183	0.3971	0.4024	0.5176	0.0069	0.483	0.5856	-0.1961	0.464	0.7356	-0.0096	0.6963	0.4181	0.4781	
1.2	-0.0057	0.3097	0.1795	0.4023	0.4062	0.5239	0.0069	0.4898	0.5909	-0.1874	0.4703	0.7443	0.0033	0.723	0.4181	0.5061	
1.22	-0.0027	0.3033	0.1753	0.4074	0.4101	0.53	0.0069	0.4967	0.5962	-0.1772	0.4766	0.7531	0.0167	0.7513	0.4181	0.5366	
1.24	0.0004	0.2967	0.1709	0.4126	0.4143	0.5358	0.0069	0.5038	0.6014	-0.1657	0.4831	0.7618	0.0304	0.7807	0.4181	0.5683	
1.26	0.0036	0.2902	0.1666	0.4178	0.4186	0.5415	0.0069	0.5114	0.6063	-0.153	0.4898	0.7702	0.0439	0.8102	0.4181	0.5999	
1.28	0.0069	0.2841	0.1629	0.423	0.4233	0.5468	0.0069	0.5198	0.6107	-0.1394	0.4968	0.7781	0.0572	0.8385	0.4181	0.6299	
1.3	0.0103	0.2785	0.16	0.4282	0.4283	0.5518	0.0069	0.5297	0.6145	-0.1254	0.5041	0.7852	0.07	0.8642	0.4181	0.6569	
1.32	0.0136	0.2738	0.1579	0.4332	0.434	0.5562	0.0069	0.5414	0.6175	-0.1118	0.5118	0.7911	0.0821	0.8861	0.4181	0.6793	
1.34	0.0169	0.2703	0.1567	0.4381	0.4407	0.5597	0.0069	0.5551	0.6195	-0.0993	0.5201	0.7955	0.0935	0.9038	0.4181	0.6964	
1.36	0.0199	0.2682	0.1563	0.4428	0.449	0.562	0.0069	0.5707	0.6203	-0.0884	0.5292	0.798	0.104	0.9174	0.4181	0.7084	
1.38	0.0227	0.2672	0.1562	0.4472	0.4591	0.5626	0.0069	0.5879	0.6198	-0.0794	0.5394	0.7983	0.1137	0.9273	0.4181	0.7167	
1.4	0.025	0.2671	0.1564	0.4513	0.4714	0.5614	0.0069	0.6062	0.6178	-0.0723	0.5509	0.7965	0.1226	0.9342	0.4181	0.723	
1.42	0.027	0.2673	0.1565	0.4554	0.4853	0.5585	0.0069	0.6254	0.6144	-0.0673	0.5638	0.793	0.1308	0.9387	0.4181	0.7288	
1.44	0.0285	0.2676	0.1565	0.4597	0.5003	0.5543	0.0069	0.6453	0.6099	-0.064	0.5779	0.7882	0.1383	0.9412	0.4181	0.7349	
1.46	0.0297	0.2677	0.1565	0.4643	0.5155	0.5492	0.0069	0.6658	0.6045	-0.0623	0.5928	0.7828	0.145	0.9421	0.4181	0.7413	
1.48	0.0304	0.2676	0.1565	0.4694	0.5302	0.5437	0.0069	0.6865	0.5985	-0.0616	0.6081	0.7774	0.1506	0.9423	0.4181	0.7479	
1.5	0.0307	0.2676	0.1565	0.4744	0.5472	0.5363	0.0069	0.7062	0.5913	-0.0618	0.625	0.7707	0.156	0.942	0.4181	0.7548	
1.52	0.031	0.2675	0.1565	0.4793	0.5642	0.5289	0.0069	0.7258	0.5842	-0.0619	0.6419	0.7639	0.1613	0.9417	0.4181	0.7617	
1.54	0.0313	0.2674	0.1564	0.4842	0.5812	0.5215	0.0069	0.7455	0.577	-0.0621	0.6588	0.7572	0.1666	0.9415	0.4181	0.7686	
1.56	0.0316	0.2673	0.1564	0.4891	0.5982	0.5141	0.0069	0.7651	0.5699	-0.0622	0.6757	0.7505	0.1719	0.9412	0.4181	0.7755	
