0	0.2058	0.5103	0.3112	0.0208	0.0454	-0.0176	0.0368	0.1072	0.1655	0.0357	0.2094	-0.0427	0.1442	0.3393	-0.3713	0.1406	
0.02	0.2738	0.4843	0.2888	0.0027	0.0497	-0.0032	0.0368	0.0993	0.2117	0.0329	0.1982	0.0556	0.1312	0.3287	-0.2672	0.1173	
0.04	0.3417	0.4582	0.2664	-0.0153	0.0541	0.0112	0.0368	0.0915	0.258	0.03	0.187	0.1539	0.1182	0.318	-0.1631	0.0941	
0.06	0.4097	0.4322	0.244	-0.0334	0.0584	0.0257	0.0368	0.0836	0.3042	0.0271	0.1758	0.2522	0.1052	0.3074	-0.059	0.0708	
0.08	0.4777	0.4061	0.2215	-0.0514	0.0627	0.0401	0.0368	0.0758	0.3504	0.0243	0.1646	0.3505	0.0921	0.2968	0.0451	0.0476	
0.1	0.5428	0.3825	0.1998	-0.0685	0.0678	0.0529	0.0368	0.0691	0.3984	0.0201	0.1561	0.445	0.0803	0.2919	0.1531	0.0284	
0.12	0.6036	0.3628	0.1802	-0.0862	0.074	0.0662	0.0368	0.0644	0.4493	0.0147	0.1487	0.5424	0.0702	0.2897	0.2714	0.009	
0.14	0.6598	0.3466	0.1625	-0.1037	0.0815	0.0798	0.0368	0.0619	0.5018	0.0082	0.143	0.6403	0.062	0.2908	0.3968	-0.009	
0.16	0.711	0.3338	0.1463	-0.1201	0.0899	0.0934	0.0366	0.0614	0.5544	0.0007	0.14	0.7353	0.056	0.2959	0.5243	-0.0243	
0.18	0.7572	0.3238	0.1316	-0.1342	0.0991	0.1066	0.0363	0.0632	0.6052	-0.0074	0.1406	0.8239	0.0521	0.306	0.6479	-0.0355	
0.2	0.7986	0.3159	0.1182	-0.1453	0.109	0.1192	0.0358	0.0675	0.6528	-0.0153	0.1459	0.9034	0.0504	0.3215	0.7623	-0.0419	
0.22	0.8362	0.3095	0.1068	-0.1527	0.1192	0.1315	0.035	0.0747	0.696	-0.0226	0.1567	0.9724	0.0508	0.3427	0.8637	-0.0436	
0.24	0.8703	0.304	0.0981	-0.1557	0.1297	0.1437	0.0338	0.0855	0.7345	-0.0286	0.1736	1.0306	0.0532	0.3692	0.95	-0.0413	
0.26	0.9017	0.299	0.0929	-0.154	0.1405	0.1559	0.0322	0.1002	0.7687	-0.0328	0.1968	1.0787	0.0573	0.4001	1.0206	-0.036	
0.28	0.9304	0.2944	0.0919	-0.1475	0.1515	0.1687	0.0301	0.1189	0.7991	-0.0349	0.226	1.1179	0.0628	0.4339	1.0758	-0.0287	
0.3	0.9564	0.2903	0.0956	-0.1366	0.1629	0.1821	0.0275	0.1417	0.8265	-0.0347	0.2602	1.1493	0.0696	0.4697	1.1164	-0.0203	
0.32	0.9797	0.2867	0.1041	-0.122	0.1749	0.1967	0.0243	0.1687	0.8513	-0.0322	0.2985	1.174	0.0771	0.5068	1.1443	-0.0116	
0.34	0.9999	0.2836	0.1171	-0.1051	0.1877	0.2126	0.0207	0.1995	0.8743	-0.0276	0.34	1.1933	0.085	0.5453	1.1618	-0.0029	
0.36	1.0164	0.2809	0.1337	-0.0872	0.2019	0.23	0.0167	0.2338	0.8958	-0.0211	0.384	1.2081	0.093	0.5853	1.1717	0.0053	
0.38	1.0287	0.2785	0.1527	-0.0696	0.2182	0.2487	0.0122	0.2707	0.916	-0.0131	0.4297	1.2195	0.1006	0.6274	1.1762	0.0127	
0.4	1.0363	0.2765	0.1725	-0.053	0.2373	0.269	0.0074	0.3095	0.9349	-0.0041	0.4761	1.2281	0.1076	0.6714	1.1771	0.0192	
0.42	1.0391	0.2747	0.1917	-0.0384	0.2599	0.291	0.0018	0.3494	0.9519	0.0056	0.5223	1.2343	0.1133	0.7168	1.175	0.0244	
0.44	1.0371	0.2733	0.2089	-0.0261	0.2864	0.315	-0.0046	0.3905	0.9666	0.0155	0.5669	1.2381	0.1174	0.763	1.1702	0.0283	
0.46	1.0308	0.2723	0.2233	-0.0167	0.3166	0.3412	-0.0122	0.4326	0.9786	0.0252	0.6094	1.2394	0.1196	0.809	1.1625	0.0308	
0.48	1.0207	0.2716	0.2344	-0.0101	0.3498	0.3693	-0.0207	0.4754	0.9875	0.0342	0.6494	1.2383	0.1195	0.8541	1.1513	0.0317	
0.5	1.0079	0.2715	0.2422	-0.0061	0.3849	0.3988	-0.03	0.5183	0.9933	0.0424	0.6872	1.2347	0.1171	0.8979	1.1364	0.0311	
0.52	0.9934	0.2718	0.247	-0.0037	0.4205	0.4287	-0.0394	0.5601	0.9962	0.0493	0.723	1.2288	0.1124	0.94	1.1173	0.029	
0.54	0.9787	0.2727	0.2495	-0.0021	0.4553	0.4583	-0.0485	0.5997	0.9964	0.0546	0.7567	1.2209	0.1055	0.9802	1.094	0.0257	
0.56	0.9651	0.274	0.2504	-0.0006	0.4881	0.4869	-0.057	0.6364	0.9944	0.0584	0.7879	1.2114	0.0964	1.018	1.0672	0.0215	
0.58	0.9538	0.2759	0.2504	0.0012	0.5178	0.5141	-0.0646	0.6697	0.9906	0.0603	0.816	1.2007	0.0849	1.0531	1.0382	0.0163	
0.6	0.9456	0.2783	0.2502	0.0034	0.5437	0.5393	-0.071	0.6993	0.9855	0.0604	0.8409	1.1889	0.0707	1.0856	1.0085	0.01	
0.62	0.9409	0.2809	0.25	0.0059	0.5652	0.562	-0.0761	0.7246	0.9797	0.0586	0.8626	1.1763	0.0534	1.1155	0.9797	0.0016	
0.64	0.9397	0.2836	0.2499	0.0088	0.5825	0.5817	-0.0797	0.7455	0.9736	0.0549	0.8816	1.1631	0.0331	1.1432	0.9529	-0.0098	
0.66	0.9418	0.2862	0.25	0.0118	0.596	0.5983	-0.0817	0.7617	0.9678	0.0495	0.8985	1.1495	0.0102	1.1691	0.9292	-0.0252	
0.68	0.9468	0.2886	0.2501	0.0151	0.6066	0.6117	-0.0825	0.7739	0.9627	0.0428	0.9138	1.136	-0.0143	1.1933	0.9092	-0.0452	
0.7	0.9543	0.2907	0.2501	0.0187	0.6152	0.6223	-0.0826	0.783	0.9586	0.0352	0.9278	1.1231	-0.0391	1.2156	0.8936	-0.0696	
0.72	0.9636	0.2924	0.2501	0.0226	0.6228	0.6307	-0.0823	0.7902	0.9557	0.0274	0.9408	1.1113	-0.0631	1.2355	0.8829	-0.098	
0.74	0.9741	0.2937	0.2501	0.0269	0.6298	0.6375	-0.0821	0.7964	0.9541	0.0198	0.9527	1.1009	-0.0851	1.2524	0.8768	-0.1294	
0.76	0.985	0.2946	0.2501	0.0314	0.6365	0.6431	-0.082	0.8021	0.9534	0.0129	0.9635	1.0921	-0.1045	1.2659	0.8743	-0.1627	
0.78	0.9958	0.2951	0.2501	0.0361	0.643	0.6481	-0.0821	0.8076	0.9534	0.0068	0.9732	1.085	-0.1207	1.276	0.8742	-0.1966	
0.8	1.006	0.2953	0.2501	0.041	0.6492	0.6527	-0.0821	0.813	0.9536	0.0019	0.9816	1.0799	-0.1333	1.2827	0.8749	-0.2298	
0.82	1.0152	0.2953	0.2501	0.0458	0.6552	0.6569	-0.0822	0.8182	0.9538	-0.0019	0.9886	1.0764	-0.1419	1.2867	0.8756	-0.2609	
0.84	1.0234	0.2952	0.2501	0.0503	0.661	0.661	-0.0822	0.8232	0.9538	-0.0044	0.9942	1.0746	-0.1468	1.2886	0.8758	-0.2886	
0.86	1.0307	0.2952	0.2501	0.0544	0.6666	0.665	-0.0822	0.8281	0.9538	-0.0058	0.9982	1.0739	-0.1488	1.2891	0.8756	-0.3124	
0.88	1.0373	0.2952	0.2501	0.058	0.672	0.6689	-0.0822	0.833	0.9537	-0.0064	1.0009	1.0739	-0.1489	1.289	0.8754	-0.3324	
0.9	1.0432	0.2952	0.2501	0.061	0.6772	0.6729	-0.0821	0.838	0.9537	-0.0064	1.0023	1.0741	-0.1483	1.2888	0.8752	-0.3494	
0.92	1.0485	0.2952	0.2501	0.0634	0.6822	0.6769	-0.0821	0.843	0.9537	-0.0062	1.0027	1.0743	-0.1478	1.2887	0.8752	-0.3645	
0.94	1.0532	0.2952	0.2501	0.0652	0.6868	0.681	-0.0822	0.8481	0.9537	-0.0061	1.0027	1.0743	-0.1476	1.2887	0.8752	-0.3783	
0.96	1.057	0.2952	0.2501	0.0663	0.691	0.6852	-0.0822	0.8533	0.9537	-0.006	1.0026	1.0743	-0.1478	1.2888	0.8753	-0.3913	
0.98	1.0599	0.2952	0.2501	0.0669	0.6948	0.6895	-0.0822	0.8583	0.9537	-0.0061	1.0024	1.0742	-0.148	1.2888	0.8754	-0.4034	
1	1.0617	0.2952	0.2501	0.0672	0.6982	0.6938	-0.0822	0.8631	0.9537	-0.0061	1.0024	1.0742	-0.1481	1.2889	0.8754	-0.4146	
1.02	1.0623	0.2952	0.2501	0.0672	0.701	0.6981	-0.0822	0.8675	0.9537	-0.0062	1.0024	1.0741	-0.1481	1.2888	0.8753	-0.4245	
1.04	1.0617	0.2952	0.2501	0.0671	0.7032	0.7025	-0.0822	0.8714	0.9537	-0.0062	1.0025	1.0742	-0.1481	1.2888	0.8753	-0.4329	
1.06	1.0597	0.2952	0.2501	0.067	0.7045	0.7068	-0.0822	0.8747	0.9537	-0.0062	1.0025	1.0742	-0.148	1.2888	0.8753	-0.4396	
1.08	1.0564	0.2952	0.2501	0.067	0.7049	0.7111	-0.0822	0.8775	0.9537	-0.0061	1.0025	1.0742	-0.148	1.2888	0.8753	-0.4447	
1.1	1.0518	0.2952	0.2501	0.067	0.7042	0.7153	-0.0822	0.8796	0.9537	-0.0061	1.0025	1.0742	-0.148	1.2888	0.8753	-0.448	
1.12	1.0461	0.2952	0.2501	0.0671	0.7021	0.7193	-0.0822	0.8811	0.9537	-0.0061	1.0025	1.0742	-0.148	1.2888	0.8753	-0.4498	
1.14	1.0397	0.2952	0.2501	0.0671	0.6985	0.7229	-0.0822	0.8821	0.9537	-0.0061	1.0025	1.0742	-0.148	1.2888	0.8753	-0.4504	
1.16	1.0331	0.2952	0.2501	0.0671	0.6935	0.7261	-0.0822	0.8826	0.9537	-0.0062	1.0025	1.0742	-0.148	1.2888	0.8753	-0.4504	
1.18	1.0266	0.2952	0.2501	0.0671	0.6872	0.7289	-0.0822	0.8828	0.9537	-0.0062	1.0025	1.0742	-0.148	1.2888	0.8753	-0.4502	
1.2	1.0207	0.2952	0.2501	0.0671	0.68	0.7312	-0.0822	0.8828	0.9537	-0.0062	1.0025	1.0742	-0.148	1.2888	0.8753	-0.45	
1.22	1.0155	0.2952	0.2501	0.0671	0.6725	0.7329	-0.0822	0.8827	0.9537	-0.0061	1.0025	1.0742	-0.148	1.2888	0.8753	-0.45	
1.24	1.0112	0.2952	0.2501	0.0671	0.6652	0.7342	-0.0822	0.8827	0.9537	-0.0061	1.0025	1.0742	-0.148	1.2888	0.8753	-0.45	
1.26	1.008	0.2952	0.2501	0.0671	0.6584	0.735	-0.0822	0.8827	0.9537	-0.0061	1.0025	1.0742	-0.148	1.2888	0.8753	-0.4501	
1.28	1.0058	0.2952	0.2501	0.0671	0.6526	0.7355	-0.0822	0.8827	0.9537	-0.0061	1.0025	1.0742	-0.148	1.2888	0.8753	-0.4502	
1.3	1.0046	0.2952	0.2501	0.0671	0.6478	0.7356	-0.0822	0.8827	0.9537	-0.0061	1.0025	1.0742	-0.148	1.2888	0.8753	-0.4502	
1.32	1.0042	0.2952	0.2501	0.0671	0.6441	0.7356	-0.0822	0.8827	0.9537	-0.0061	1.0025	1.0742	-0.148	1.2888	0.8753	-0.4501	
1.34	1.0041	0.2952	0.2501	0.0671	0.6417	0.7356	-0.0822	0.8827	0.9537	-0.0061	1.0025	1.0742	-0.148	1.2888	0.8753	-0.4501	
1.36	1.0043	0.2952	0.2501	0.0671	0.6408	0.7355	-0.0822	0.8827	0.9537	-0.0061	1.0025	1.0742	-0.148	1.2888	0.8753	-0.4501	
1.38	1.0044	0.2952	0.2501	0.0671	0.6398	0.7355	-0.0822	0.8827	0.9537	-0.0061	1.0025	1.0742	-0.148	1.2888	0.8753	-0.4501	
1.4	1.0045	0.2952	0.2501	0.0671	0.6389	0.7355	-0.0822	0.8827	0.9537	-0.0061	1.0025	1.0742	-0.148	1.2888	0.8753	-0.4501	
1.42	1.0047	0.2952	0.2501	0.0671	0.6379	0.7355	-0.0822	0.8827	0.9537	-0.0061	1.0025	1.0742	-0.148	1.2888	0.8753	-0.4501	
