0	0.3878	0.509	0.3129	-0.0619	0.2036	-0.0812	0.1769	0.2135	-0.1323	-0.2231	0.1889	-0.108	-0.1623	0.0541	0.0177	-0.3514	
0.02	0.4113	0.4829	0.3134	-0.0433	0.2217	-0.0782	0.1769	0.2312	-0.1286	-0.2231	0.1889	-0.0948	-0.1623	0.0544	0.0211	-0.3506	
0.04	0.4348	0.4567	0.3138	-0.0246	0.2397	-0.0752	0.1769	0.249	-0.125	-0.2231	0.1889	-0.0816	-0.1623	0.0547	0.0246	-0.3497	
0.06	0.4583	0.4306	0.3142	-0.0059	0.2578	-0.0722	0.1768	0.2668	-0.1213	-0.2231	0.1889	-0.0684	-0.1623	0.0549	0.028	-0.3489	
0.08	0.4817	0.4045	0.3147	0.0128	0.2758	-0.0692	0.1768	0.2845	-0.1177	-0.2232	0.1889	-0.0552	-0.1623	0.0552	0.0314	-0.3481	
0.1	0.5051	0.3786	0.316	0.0295	0.2908	-0.065	0.1768	0.3002	-0.1125	-0.2231	0.1889	-0.0418	-0.1623	0.0561	0.0376	-0.3466	
0.12	0.5262	0.3524	0.318	0.0466	0.3051	-0.0595	0.1769	0.3147	-0.1059	-0.2228	0.1889	-0.0262	-0.1624	0.0575	0.0473	-0.3443	
0.14	0.5462	0.3256	0.321	0.0634	0.3183	-0.0527	0.1769	0.3277	-0.0977	-0.2223	0.1889	-0.0083	-0.1624	0.0596	0.0609	-0.3413	
0.16	0.5661	0.298	0.3249	0.0794	0.3297	-0.0448	0.1769	0.339	-0.0881	-0.2214	0.1889	0.0112	-0.1622	0.0627	0.0784	-0.3376	
0.18	0.5873	0.2698	0.3299	0.0939	0.3389	-0.0358	0.1768	0.3484	-0.0772	-0.22	0.189	0.0319	-0.162	0.0667	0.0991	-0.333	
0.2	0.6112	0.2407	0.336	0.1068	0.346	-0.026	0.1768	0.3562	-0.0653	-0.2181	0.1892	0.0531	-0.1614	0.0716	0.122	-0.3277	
0.22	0.6388	0.211	0.3434	0.118	0.3516	-0.0156	0.1768	0.3626	-0.0527	-0.2156	0.1895	0.0745	-0.1604	0.0776	0.1461	-0.3217	
0.24	0.671	0.1809	0.352	0.1279	0.3564	-0.0048	0.1769	0.368	-0.0396	-0.2124	0.1901	0.0958	-0.1588	0.0844	0.1706	-0.3151	
0.26	0.7077	0.1503	0.3617	0.1366	0.3609	0.0061	0.177	0.373	-0.0264	-0.2087	0.1911	0.1168	-0.1566	0.0922	0.1947	-0.308	
0.28	0.7486	0.1195	0.3721	0.144	0.3656	0.0169	0.1772	0.3778	-0.0132	-0.2043	0.1925	0.137	-0.1536	0.1006	0.2176	-0.3006	
0.3	0.7926	0.0891	0.3827	0.15	0.3704	0.0275	0.1776	0.3825	-0.0003	-0.1994	0.1945	0.1563	-0.1497	0.1099	0.2385	-0.2927	
0.32	0.8385	0.06	0.3929	0.1542	0.3753	0.0379	0.1781	0.3871	0.0122	-0.1942	0.1971	0.1745	-0.145	0.1199	0.257	-0.2846	
0.34	0.8848	0.0331	0.4022	0.1565	0.3802	0.0479	0.179	0.3916	0.0245	-0.1887	0.2004	0.1921	-0.1395	0.1309	0.2731	-0.276	
0.36	0.9299	0.0095	0.4102	0.1567	0.3851	0.0578	0.1801	0.396	0.0365	-0.1831	0.2045	0.2094	-0.1332	0.1432	0.2876	-0.267	
0.38	0.9724	-0.0106	0.4165	0.1546	0.39	0.0679	0.1815	0.4004	0.0486	-0.1774	0.2091	0.2272	-0.1263	0.1572	0.3019	-0.2574	
0.4	1.011	-0.0269	0.4208	0.1503	0.3951	0.0785	0.1833	0.4047	0.0614	-0.1717	0.2144	0.2459	-0.1187	0.1734	0.317	-0.2471	
0.42	1.0446	-0.0397	0.4229	0.1443	0.4003	0.0902	0.1854	0.4088	0.0753	-0.1659	0.2203	0.2659	-0.1103	0.1928	0.3339	-0.2361	
0.44	1.0726	-0.0492	0.4228	0.1368	0.4056	0.1033	0.1878	0.4128	0.0912	-0.1602	0.2272	0.2873	-0.1008	0.2159	0.3527	-0.2242	
0.46	1.0951	-0.0556	0.4205	0.1285	0.4108	0.1181	0.1906	0.417	0.1095	-0.1545	0.2359	0.31	-0.0902	0.2433	0.3728	-0.2115	
0.48	1.1122	-0.0594	0.4167	0.1198	0.4162	0.1344	0.1936	0.4218	0.1303	-0.1488	0.2475	0.3336	-0.0782	0.2752	0.3935	-0.1981	
0.5	1.1248	-0.0613	0.4116	0.1114	0.4218	0.1521	0.1969	0.4281	0.1533	-0.143	0.2631	0.3574	-0.0652	0.3114	0.4141	-0.1843	
0.52	1.1335	-0.0618	0.4061	0.1038	0.4281	0.1709	0.2005	0.4369	0.1779	-0.1371	0.2833	0.3807	-0.0512	0.3511	0.434	-0.1705	
0.54	1.1393	-0.0617	0.4006	0.0979	0.436	0.1905	0.2042	0.4491	0.2032	-0.1312	0.3086	0.4028	-0.0367	0.3935	0.4526	-0.1571	
0.56	1.143	-0.0615	0.3954	0.0948	0.4462	0.2107	0.2082	0.4651	0.2283	-0.1251	0.3389	0.4234	-0.0218	0.4375	0.4696	-0.1446	
0.58	1.1454	-0.0613	0.3911	0.096	0.4591	0.2316	0.2124	0.4853	0.2522	-0.1189	0.374	0.4421	-0.0069	0.4822	0.4844	-0.1331	
0.6	1.1469	-0.0613	0.3876	0.1029	0.475	0.2531	0.2167	0.51	0.274	-0.1127	0.4139	0.4589	0.0076	0.527	0.4967	-0.1231	
0.62	1.1477	-0.0614	0.3851	0.1166	0.4939	0.2752	0.2211	0.5398	0.293	-0.1064	0.4585	0.4737	0.0214	0.5715	0.5064	-0.1145	
0.64	1.1479	-0.0615	0.3838	0.1374	0.5157	0.298	0.2256	0.5752	0.3091	-0.1003	0.5079	0.4867	0.0342	0.6157	0.5141	-0.1075	
0.66	1.1475	-0.0615	0.3837	0.165	0.5402	0.3215	0.2303	0.6161	0.3224	-0.0943	0.5619	0.4979	0.0455	0.6599	0.5204	-0.1019	
0.68	1.1465	-0.0615	0.3847	0.1987	0.5671	0.3459	0.2351	0.6619	0.3336	-0.0885	0.6195	0.5078	0.0552	0.7046	0.5259	-0.0974	
0.7	1.1449	-0.0615	0.3868	0.2374	0.596	0.3716	0.2403	0.7113	0.3433	-0.0827	0.6797	0.5167	0.0631	0.7503	0.5314	-0.0938	
0.72	1.1429	-0.0614	0.3897	0.2798	0.6262	0.3987	0.2457	0.763	0.352	-0.0772	0.7418	0.5249	0.0693	0.7976	0.537	-0.0905	
0.74	1.1405	-0.0614	0.3935	0.3241	0.6569	0.4272	0.2516	0.8162	0.3602	-0.0719	0.8057	0.5326	0.0735	0.8463	0.5429	-0.0873	
0.76	1.1378	-0.0614	0.3978	0.3685	0.6876	0.457	0.2578	0.8702	0.3681	-0.0671	0.8718	0.5396	0.0756	0.8962	0.5489	-0.0839	
0.78	1.135	-0.0615	0.4025	0.4107	0.7183	0.4879	0.2647	0.9245	0.3762	-0.0623	0.9402	0.546	0.0755	0.9465	0.555	-0.0802	
0.8	1.132	-0.0615	0.4074	0.4492	0.7488	0.5205	0.2728	0.9782	0.3861	-0.0571	1.01	0.5519	0.073	0.9966	0.5611	-0.076	
0.82	1.1288	-0.0615	0.4125	0.4828	0.779	0.5563	0.2831	1.0302	0.4	-0.0499	1.0791	0.5583	0.0684	1.0459	0.5671	-0.0714	
0.84	1.1255	-0.0615	0.4176	0.5114	0.8083	0.5974	0.2967	1.0792	0.4208	-0.0391	1.145	0.5665	0.062	1.094	0.5731	-0.0666	
0.86	1.1219	-0.0615	0.4226	0.5354	0.8357	0.6453	0.3148	1.1238	0.4512	-0.0226	1.2055	0.5787	0.0544	1.1404	0.5798	-0.0613	
0.88	1.1181	-0.0615	0.4275	0.5555	0.8603	0.7007	0.338	1.1633	0.4927	0.0011	1.2593	0.5969	0.0466	1.1844	0.588	-0.0553	
0.9	1.114	-0.0615	0.4322	0.5726	0.8815	0.7621	0.3665	1.1972	0.5457	0.0326	1.3057	0.6226	0.0398	1.2251	0.5988	-0.0477	
0.92	1.1098	-0.0615	0.4367	0.5875	0.8991	0.8273	0.3996	1.2252	0.6091	0.0718	1.3442	0.6563	0.0352	1.2617	0.6131	-0.0373	
0.94	1.1055	-0.0615	0.4411	0.6009	0.9131	0.8936	0.4359	1.2476	0.6803	0.1178	1.3748	0.6972	0.0343	1.2935	0.6312	-0.0228	
0.96	1.1014	-0.0615	0.4453	0.6133	0.9236	0.9586	0.4736	1.2645	0.756	0.1688	1.3973	0.7438	0.038	1.3205	0.6528	-0.0032	
0.98	1.0976	-0.0615	0.4495	0.6257	0.9306	1.02	0.5109	1.2764	0.8323	0.2229	1.4124	0.7941	0.0469	1.3428	0.6771	0.0217	
1	1.0942	-0.0615	0.4537	0.6388	0.9345	1.0755	0.5457	1.2839	0.9049	0.2773	1.4211	0.8457	0.0607	1.3605	0.7028	0.0517	
1.02	1.0913	-0.0615	0.458	0.6533	0.9361	1.123	0.5764	1.288	0.9695	0.3295	1.4252	0.8964	0.0785	1.3734	0.7288	0.0858	
1.04	1.0889	-0.0615	0.4624	0.6699	0.9362	1.1607	0.6016	1.2895	1.0232	0.3769	1.4264	0.9442	0.0987	1.3819	0.7537	0.1226	
1.06	1.0872	-0.0615	0.467	0.6889	0.9357	1.188	0.6208	1.2896	1.0643	0.4172	1.4263	0.9871	0.1196	1.3864	0.7764	0.1603	
1.08	1.086	-0.0615	0.472	0.7106	0.9353	1.206	0.634	1.2892	1.0929	0.4494	1.4259	1.0239	0.1398	1.3879	0.7955	0.1969	
1.1	1.0854	-0.0615	0.4775	0.7348	0.9352	1.2166	0.6418	1.2888	1.1105	0.4735	1.4257	1.054	0.1579	1.3878	0.8102	0.2305	
1.12	1.0852	-0.0615	0.4835	0.7614	0.9353	1.2225	0.6455	1.2887	1.1198	0.4905	1.4257	1.0777	0.1733	1.3872	0.8205	0.2593	
1.14	1.0852	-0.0615	0.49	0.7901	0.9355	1.2256	0.6466	1.2888	1.1236	0.5018	1.4259	1.0961	0.1853	1.3868	0.8267	0.2824	
1.16	1.0853	-0.0615	0.4972	0.8207	0.9356	1.2274	0.6465	1.289	1.1245	0.5091	1.426	1.1105	0.1936	1.3867	0.8298	0.2993	
1.18	1.0853	-0.0615	0.5047	0.8534	0.9355	1.228	0.6462	1.289	1.1243	0.5131	1.426	1.1248	0.197	1.3869	0.8302	0.3101	
1.2	1.0853	-0.0615	0.5122	0.8861	0.9355	1.2287	0.6459	1.289	1.124	0.5171	1.4259	1.1391	0.2004	1.3871	0.8306	0.3209	
1.22	1.0853	-0.0615	0.5197	0.9188	0.9354	1.2294	0.6456	1.289	1.1238	0.5211	1.4259	1.1534	0.2038	1.3874	0.8311	0.3316	
1.24	1.0854	-0.0615	0.5272	0.9515	0.9354	1.2301	0.6453	1.2891	1.1236	0.525	1.4259	1.1677	0.2071	1.3876	0.8315	0.3424	
