0	0.5246	0.4109	0.124	0.2551	0.1748	0.0693	-0.0615	0.0845	0.1084	-0.3316	0.0471	0.0262	-0.2145	0.0358	-0.2054	-0.0637	
0.02	0.5582	0.387	0.124	0.2577	0.1906	0.0885	-0.057	0.1142	0.1319	-0.322	0.0471	0.0577	-0.2034	0.0256	-0.152	-0.0333	
0.04	0.5919	0.3631	0.124	0.2603	0.2064	0.1076	-0.0525	0.1439	0.1554	-0.3124	0.047	0.0892	-0.1924	0.0154	-0.0986	-0.0028	
0.06	0.6255	0.3392	0.124	0.2629	0.2222	0.1267	-0.048	0.1736	0.1788	-0.3028	0.047	0.1206	-0.1813	0.0053	-0.0452	0.0276	
0.08	0.6592	0.3153	0.124	0.2654	0.2381	0.1459	-0.0435	0.2034	0.2023	-0.2932	0.047	0.1521	-0.1703	-0.0049	0.0082	0.0581	
0.1	0.6961	0.291	0.124	0.2684	0.2545	0.171	-0.0375	0.2329	0.2276	-0.2817	0.0471	0.1887	-0.1556	-0.0124	0.0717	0.0946	
0.12	0.7344	0.2679	0.124	0.2722	0.2664	0.1997	-0.0287	0.2567	0.2582	-0.267	0.0474	0.2339	-0.1367	-0.0156	0.1469	0.1396	
0.14	0.7737	0.2461	0.124	0.2766	0.2747	0.2326	-0.0168	0.2755	0.2942	-0.249	0.0481	0.2871	-0.1138	-0.0144	0.2308	0.1922	
0.16	0.8141	0.2255	0.124	0.2818	0.2809	0.2697	-0.0015	0.2905	0.3349	-0.2282	0.0494	0.3464	-0.0875	-0.0092	0.3194	0.2514	
0.18	0.8552	0.206	0.124	0.2874	0.2863	0.3107	0.017	0.3029	0.3791	-0.2054	0.0513	0.4091	-0.0579	-0.0002	0.4092	0.3157	
0.2	0.8966	0.1876	0.124	0.2934	0.2919	0.355	0.0379	0.3136	0.4253	-0.1815	0.054	0.4727	-0.0252	0.0122	0.4971	0.3837	
0.22	0.9369	0.1705	0.124	0.2996	0.2979	0.4016	0.0603	0.323	0.4722	-0.1577	0.0576	0.5356	0.011	0.0276	0.5807	0.4542	
0.24	0.9752	0.155	0.124	0.3057	0.3043	0.4489	0.083	0.331	0.5186	-0.135	0.062	0.5971	0.0507	0.0455	0.6584	0.5274	
0.26	1.0104	0.1409	0.124	0.3118	0.3108	0.4945	0.1052	0.3378	0.5631	-0.114	0.0674	0.6574	0.0942	0.0656	0.7294	0.6043	
0.28	1.0425	0.1285	0.124	0.3176	0.3173	0.5361	0.1262	0.3435	0.6042	-0.0952	0.0739	0.7167	0.141	0.0875	0.794	0.6865	
0.3	1.0715	0.1175	0.124	0.3231	0.3238	0.572	0.1452	0.3485	0.6407	-0.0788	0.0817	0.7753	0.19	0.1112	0.8529	0.7742	
0.32	1.0977	0.1079	0.124	0.3284	0.3304	0.6017	0.1615	0.3531	0.6718	-0.0648	0.0912	0.8331	0.2397	0.1368	0.9075	0.8658	
0.34	1.1212	0.0995	0.124	0.3333	0.3369	0.6256	0.1749	0.3576	0.6972	-0.0533	0.1026	0.8902	0.2886	0.1648	0.9585	0.9581	
0.36	1.1419	0.0921	0.124	0.338	0.3434	0.6449	0.1855	0.3619	0.7175	-0.0437	0.1157	0.9467	0.3352	0.1953	1.006	1.0473	
0.38	1.1595	0.0855	0.124	0.3425	0.3499	0.6604	0.1938	0.3661	0.7337	-0.0355	0.1304	1.0028	0.3781	0.2277	1.0494	1.1301	
0.4	1.1741	0.0797	0.1239	0.3469	0.3564	0.6729	0.2006	0.3701	0.7469	-0.0281	0.1463	1.0579	0.4164	0.2612	1.0874	1.2043	
0.42	1.1857	0.0747	0.1239	0.3511	0.3628	0.683	0.2066	0.3739	0.7581	-0.0209	0.1629	1.1105	0.4489	0.2945	1.1188	1.2678	
0.44	1.1948	0.0704	0.1238	0.3553	0.3692	0.6914	0.2126	0.3775	0.7684	-0.0136	0.1798	1.1586	0.475	0.3265	1.1427	1.3193	
0.46	1.2019	0.0669	0.1236	0.3594	0.3757	0.6987	0.2186	0.3811	0.7782	-0.0061	0.1966	1.1998	0.4946	0.3563	1.1591	1.3575	
0.48	1.2076	0.064	0.1233	0.3635	0.3823	0.7053	0.225	0.3846	0.7879	0.0017	0.2129	1.2327	0.5086	0.3833	1.1689	1.3826	
0.5	1.2123	0.0616	0.1229	0.3674	0.389	0.7118	0.2314	0.3882	0.7975	0.0098	0.2282	1.2571	0.5184	0.407	1.1735	1.3967	
0.52	1.2163	0.0597	0.1224	0.3712	0.3957	0.7181	0.2379	0.3919	0.807	0.0182	0.2421	1.274	0.5257	0.4269	1.1749	1.4031	
0.54	1.2199	0.058	0.1217	0.3749	0.4025	0.7242	0.2444	0.3957	0.8166	0.027	0.2546	1.2848	0.5317	0.4428	1.1747	1.4055	
0.56	1.2232	0.0564	0.1208	0.3783	0.4094	0.7299	0.2508	0.3997	0.8259	0.0364	0.2658	1.2914	0.5369	0.455	1.1741	1.4067	
0.58	1.2263	0.055	0.1198	0.3814	0.4164	0.7351	0.257	0.404	0.8351	0.0468	0.2759	1.2949	0.5413	0.4641	1.1738	1.408	
0.6	1.2292	0.0536	0.1186	0.3843	0.4235	0.7394	0.2628	0.4086	0.8437	0.0582	0.2854	1.2964	0.5446	0.4714	1.1738	1.4095	
0.62	1.2321	0.0522	0.1172	0.3868	0.4308	0.7428	0.268	0.4136	0.8516	0.0702	0.2944	1.2968	0.5465	0.478	1.174	1.4104	
0.64	1.2349	0.0509	0.1157	0.3889	0.4382	0.7448	0.2724	0.419	0.8584	0.0825	0.303	1.2966	0.547	0.4848	1.1742	1.4104	
0.66	1.2378	0.0495	0.1141	0.3905	0.4459	0.7456	0.2758	0.4247	0.8637	0.0944	0.3112	1.2964	0.5462	0.4923	1.1743	1.4094	
0.68	1.2408	0.0482	0.1123	0.3915	0.4538	0.7449	0.278	0.4309	0.8673	0.105	0.319	1.2962	0.5442	0.5005	1.1742	1.4078	
0.7	1.244	0.0467	0.1104	0.3918	0.462	0.7428	0.2788	0.4376	0.869	0.1135	0.3263	1.2962	0.5411	0.5096	1.1741	1.4059	
0.72	1.2474	0.0452	0.1084	0.3913	0.4706	0.7389	0.278	0.4451	0.8686	0.1192	0.3335	1.2963	0.5369	0.5194	1.1741	1.4032	
0.74	1.2509	0.0435	0.1063	0.3898	0.4796	0.7328	0.2749	0.4539	0.8661	0.1214	0.3408	1.2964	0.531	0.5299	1.1741	1.3983	
0.76	1.2546	0.0418	0.1041	0.3874	0.4891	0.7238	0.2688	0.4646	0.8612	0.1194	0.3491	1.2964	0.5225	0.5412	1.1741	1.3893	
0.78	1.2585	0.0399	0.1018	0.3839	0.4992	0.7111	0.2592	0.4776	0.8533	0.113	0.3589	1.2964	0.5107	0.5532	1.1741	1.3741	
0.8	1.2625	0.038	0.0994	0.3795	0.51	0.6947	0.2459	0.4933	0.8422	0.1025	0.3712	1.2963	0.4952	0.5656	1.1741	1.352	
0.82	1.2666	0.036	0.097	0.374	0.5217	0.6749	0.2291	0.5115	0.8278	0.0889	0.3863	1.2963	0.4762	0.5784	1.1741	1.3238	
0.84	1.2709	0.034	0.0946	0.3675	0.5344	0.6532	0.2101	0.532	0.8108	0.0737	0.4043	1.2963	0.4547	0.5913	1.1741	1.2919	
0.86	1.2752	0.0318	0.0924	0.3594	0.5486	0.6313	0.1903	0.554	0.7927	0.0587	0.4251	1.2963	0.4319	0.6042	1.1741	1.2595	
0.88	1.2797	0.0296	0.0903	0.3494	0.5642	0.6113	0.1714	0.577	0.7754	0.0455	0.4481	1.2963	0.4092	0.6173	1.1741	1.2299	
0.9	1.2841	0.0274	0.0886	0.3369	0.5815	0.5949	0.1549	0.6	0.7611	0.0356	0.4725	1.2963	0.3881	0.6307	1.1741	1.2062	
0.92	1.2884	0.0252	0.0871	0.3215	0.5998	0.5834	0.1425	0.6225	0.7513	0.03	0.4974	1.2963	0.3705	0.6446	1.1741	1.1906	
0.94	1.2924	0.023	0.086	0.3033	0.6187	0.5784	0.1355	0.6439	0.7472	0.0291	0.5214	1.2963	0.3585	0.6589	1.1741	1.185	
0.96	1.296	0.0209	0.0851	0.283	0.6371	0.5812	0.135	0.6639	0.7496	0.0329	0.5436	1.2963	0.3539	0.6735	1.1741	1.1905	
0.98	1.2991	0.0191	0.0846	0.2615	0.6543	0.5929	0.1418	0.6821	0.7588	0.0408	0.5629	1.2963	0.3577	0.688	1.1741	1.207	
1	1.3017	0.0175	0.0843	0.2403	0.6696	0.6137	0.1556	0.6988	0.7747	0.0516	0.5786	1.2963	0.3693	0.7018	1.1741	1.233	
1.02	1.3037	0.0162	0.0842	0.2211	0.6827	0.6426	0.1755	0.7137	0.7966	0.0639	0.5907	1.2963	0.3872	0.7145	1.1741	1.2657	
1.04	1.3052	0.0151	0.0842	0.2053	0.6931	0.6775	0.1997	0.7271	0.8234	0.0762	0.5994	1.2963	0.4089	0.7257	1.1741	1.3012	
1.06	1.3062	0.0144	0.0842	0.1947	0.7009	0.7156	0.2262	0.739	0.8537	0.0874	0.6051	1.2963	0.4318	0.7352	1.1741	1.3359	
1.08	1.3067	0.0139	0.0843	0.1908	0.7061	0.7544	0.2533	0.7494	0.8859	0.0968	0.6087	1.2963	0.4541	0.7428	1.1741	1.367	
1.1	1.3069	0.0136	0.0843	0.1947	0.709	0.7921	0.2796	0.7584	0.9188	0.104	0.6106	1.2963	0.4742	0.7486	1.1741	1.3933	
1.12	1.3069	0.0135	0.0843	0.2069	0.7101	0.8273	0.3042	0.7658	0.9518	0.1089	0.6115	1.2963	0.4911	0.7525	1.1741	1.4147	
1.14	1.3068	0.0136	0.0842	0.2251	0.7098	0.8639	0.3284	0.7722	0.9836	0.111	0.6116	1.2963	0.5049	0.754	1.1741	1.4332	
1.16	1.3068	0.0136	0.0842	0.2433	0.7096	0.9004	0.3527	0.7786	1.0153	0.113	0.6117	1.2963	0.5188	0.7555	1.1741	1.4518	
1.18	1.3067	0.0136	0.0842	0.2615	0.7093	0.9369	0.377	0.785	1.0471	0.115	0.6119	1.2963	0.5327	0.757	1.1741	1.4704	
1.2	1.3067	0.0136	0.0842	0.2796	0.709	0.9735	0.4013	0.7914	1.0788	0.1171	0.612	1.2963	0.5465	0.7585	1.1741	1.489	
