0	0.3537	0.3703	-0.3908	-0.1938	0.3173	-0.1698	0.1734	0.3688	-0.3333	0.0775	0.2321	-0.3915	0.1779	0.2337	-0.2041	0.3466	
0.02	0.3559	0.3703	-0.3908	-0.1938	0.3173	-0.1698	0.1734	0.3688	-0.3333	0.0775	0.2321	-0.3915	0.1779	0.2337	-0.2041	0.3466	
0.04	0.3581	0.3703	-0.3908	-0.1938	0.3173	-0.1698	0.1734	0.3688	-0.3333	0.0775	0.2321	-0.3915	0.1779	0.2337	-0.2041	0.3466	
0.06	0.3603	0.3703	-0.3908	-0.1938	0.3173	-0.1698	0.1734	0.3688	-0.3333	0.0775	0.2321	-0.3915	0.1779	0.2337	-0.2041	0.3466	
0.08	0.3625	0.3703	-0.3908	-0.1938	0.3173	-0.1698	0.1734	0.3688	-0.3333	0.0775	0.2321	-0.3915	0.1779	0.2337	-0.2041	0.3466	
0.1	0.3646	0.3703	-0.3908	-0.1938	0.3173	-0.1698	0.1734	0.3688	-0.3333	0.0775	0.2321	-0.3915	0.1779	0.2337	-0.2041	0.3466	
0.12	0.3668	0.3703	-0.3908	-0.1938	0.3173	-0.1698	0.1734	0.3688	-0.3333	0.0775	0.2321	-0.3915	0.1779	0.2337	-0.2041	0.3466	
0.14	0.3689	0.3703	-0.3908	-0.1938	0.3173	-0.1698	0.1734	0.3688	-0.3333	0.0775	0.2321	-0.3915	0.1779	0.2337	-0.2041	0.3466	
0.16	0.3711	0.3703	-0.3908	-0.1938	0.3173	-0.1698	0.1734	0.3688	-0.3333	0.0775	0.2321	-0.3915	0.1779	0.2337	-0.2041	0.3466	
0.18	0.3732	0.3703	-0.3908	-0.1938	0.3173	-0.1698	0.1734	0.3688	-0.3333	0.0775	0.2321	-0.3915	0.1779	0.2337	-0.2041	0.3466	
0.2	0.3752	0.3703	-0.3908	-0.1938	0.3173	-0.1698	0.1734	0.3688	-0.3333	0.0775	0.2321	-0.3915	0.1779	0.2337	-0.2041	0.3466	
0.22	0.3773	0.3703	-0.3908	-0.1938	0.3173	-0.1698	0.1734	0.3688	-0.3333	0.0775	0.2321	-0.3915	0.1779	0.2337	-0.2041	0.3466	
0.24	0.3793	0.3703	-0.3908	-0.1938	0.3173	-0.1698	0.1734	0.3688	-0.3333	0.0775	0.2321	-0.3915	0.1779	0.2337	-0.2041	0.3466	
0.26	0.3813	0.3703	-0.3908	-0.1938	0.3173	-0.1698	0.1734	0.3688	-0.3333	0.0775	0.2321	-0.3915	0.1779	0.2337	-0.2041	0.3466	
0.28	0.3833	0.3703	-0.3908	-0.1938	0.3173	-0.1698	0.1734	0.3688	-0.3333	0.0775	0.2321	-0.3915	0.1779	0.2337	-0.2041	0.3466	
0.3	0.3853	0.3703	-0.3908	-0.1938	0.3173	-0.1698	0.1734	0.3688	-0.3333	0.0775	0.2321	-0.3915	0.1779	0.2337	-0.2041	0.3466	
0.32	0.3872	0.3703	-0.3908	-0.1938	0.3173	-0.1698	0.1734	0.3688	-0.3333	0.0775	0.2321	-0.3915	0.1779	0.2337	-0.2041	0.3466	
0.34	0.3891	0.3703	-0.3908	-0.1938	0.3173	-0.1698	0.1734	0.3688	-0.3333	0.0775	0.2321	-0.3915	0.1779	0.2337	-0.2041	0.3466	
0.36	0.391	0.3703	-0.3908	-0.1938	0.3173	-0.1698	0.1734	0.3688	-0.3333	0.0775	0.2321	-0.3915	0.1779	0.2337	-0.2041	0.3466	
0.38	0.3928	0.3703	-0.3908	-0.1938	0.3173	-0.1698	0.1734	0.3688	-0.3333	0.0775	0.2321	-0.3915	0.1779	0.2337	-0.2041	0.3466	
0.4	0.3946	0.3703	-0.3908	-0.1938	0.3173	-0.1698	0.1734	0.3688	-0.3333	0.0775	0.2321	-0.3915	0.1779	0.2337	-0.2041	0.3466	
0.42	0.3964	0.3703	-0.3908	-0.1938	0.3173	-0.1698	0.1734	0.3688	-0.3333	0.0775	0.2321	-0.3915	0.1779	0.2337	-0.2041	0.3466	
0.44	0.3982	0.3703	-0.3908	-0.1938	0.3173	-0.1698	0.1734	0.3688	-0.3333	0.0775	0.2321	-0.3915	0.1779	0.2337	-0.2041	0.3466	
0.46	0.3999	0.3703	-0.3908	-0.1938	0.3173	-0.1698	0.1734	0.3688	-0.3333	0.0775	0.2321	-0.3915	0.1779	0.2337	-0.2041	0.3466	
0.48	0.4015	0.3703	-0.3908	-0.1938	0.3173	-0.1698	0.1734	0.3688	-0.3333	0.0775	0.2321	-0.3915	0.1779	0.2337	-0.2041	0.3466	
0.5	0.4031	0.3703	-0.3908	-0.1937	0.3173	-0.1698	0.1734	0.3688	-0.3333	0.0775	0.2321	-0.3915	0.1779	0.2337	-0.2041	0.3466	
0.52	0.4047	0.3703	-0.3908	-0.1937	0.3173	-0.1698	0.1734	0.3688	-0.3333	0.0775	0.2321	-0.3915	0.1779	0.2337	-0.2041	0.3466	
0.54	0.4062	0.3703	-0.3908	-0.1935	0.3173	-0.1698	0.1734	0.3688	-0.3333	0.0775	0.2321	-0.3915	0.1779	0.2337	-0.2041	0.3466	
0.56	0.4077	0.3703	-0.3908	-0.1933	0.3173	-0.1698	0.1734	0.3688	-0.3333	0.0775	0.2321	-0.3915	0.1779	0.2337	-0.2041	0.3466	
0.58	0.4091	0.3703	-0.3908	-0.1931	0.3173	-0.1698	0.1734	0.3688	-0.3333	0.0775	0.2321	-0.3915	0.1779	0.2337	-0.2041	0.3466	
0.6	0.4105	0.3703	-0.3908	-0.1928	0.3173	-0.1698	0.1734	0.3688	-0.3333	0.0775	0.2321	-0.3915	0.1779	0.2337	-0.2041	0.3466	
0.62	0.4118	0.3703	-0.3908	-0.1923	0.3173	-0.1698	0.1734	0.3688	-0.3333	0.0775	0.2321	-0.3915	0.1779	0.2337	-0.2041	0.3466	
0.64	0.4131	0.3703	-0.3908	-0.1919	0.3173	-0.1698	0.1734	0.3688	-0.3333	0.0775	0.2321	-0.3915	0.1779	0.2337	-0.2041	0.3466	
0.66	0.4143	0.3703	-0.3908	-0.1913	0.3173	-0.1698	0.1734	0.3688	-0.3333	0.0775	0.2321	-0.3915	0.1779	0.2337	-0.2041	0.3466	
0.68	0.4155	0.3703	-0.3908	-0.1906	0.3173	-0.1698	0.1734	0.3688	-0.3333	0.0775	0.2321	-0.3915	0.1779	0.2337	-0.2041	0.3466	
0.7	0.4167	0.3703	-0.3908	-0.1899	0.3173	-0.1698	0.1734	0.3688	-0.3333	0.0775	0.2321	-0.3915	0.1779	0.2337	-0.2041	0.3466	
0.72	0.4178	0.3703	-0.3908	-0.1891	0.3173	-0.1698	0.1734	0.3688	-0.3333	0.0775	0.2321	-0.3915	0.1779	0.2337	-0.2041	0.3466	
0.74	0.4189	0.3703	-0.3908	-0.1882	0.3173	-0.1698	0.1734	0.3688	-0.3333	0.0775	0.2321	-0.3915	0.1779	0.2337	-0.2041	0.3466	
0.76	0.42	0.3703	-0.3908	-0.1872	0.3173	-0.1698	0.1734	0.3688	-0.3333	0.0775	0.2321	-0.3915	0.1779	0.2337	-0.2041	0.3466	
0.78	0.421	0.3702	-0.3908	-0.1862	0.3173	-0.1698	0.1734	0.3688	-0.3333	0.0775	0.2321	-0.3915	0.1779	0.2337	-0.2041	0.3466	
0.8	0.4221	0.3701	-0.3907	-0.1851	0.3173	-0.1698	0.1734	0.3688	-0.3333	0.0775	0.2321	-0.3915	0.1779	0.2337	-0.2041	0.3466	
0.82	0.4231	0.37	-0.3907	-0.1839	0.3173	-0.1698	0.1734	0.3688	-0.3333	0.0775	0.2321	-0.3915	0.1779	0.2337	-0.2041	0.3466	
0.84	0.4241	0.3699	-0.3906	-0.1827	0.3173	-0.1698	0.1734	0.3688	-0.3333	0.0775	0.2321	-0.3915	0.1779	0.2337	-0.2041	0.3466	
0.86	0.4251	0.3697	-0.3905	-0.1814	0.3174	-0.1698	0.1734	0.3688	-0.3333	0.0775	0.2321	-0.3915	0.1779	0.2337	-0.2041	0.3466	
0.88	0.4261	0.3695	-0.3904	-0.1801	0.3175	-0.1698	0.1734	0.3687	-0.3333	0.0775	0.2321	-0.3915	0.1779	0.2337	-0.2041	0.3466	
0.9	0.4271	0.3693	-0.3902	-0.1787	0.3176	-0.1697	0.1734	0.3687	-0.3333	0.0775	0.2321	-0.3915	0.1779	0.2337	-0.2041	0.3466	
0.92	0.4282	0.369	-0.39	-0.1772	0.3177	-0.1696	0.1734	0.3686	-0.3333	0.0775	0.2321	-0.3915	0.1779	0.2337	-0.2041	0.3466	
0.94	0.4292	0.3687	-0.3897	-0.1757	0.3178	-0.1695	0.1734	0.3684	-0.3333	0.0775	0.232	-0.3915	0.1779	0.2336	-0.2041	0.3466	
0.96	0.4302	0.3684	-0.3893	-0.1742	0.318	-0.1694	0.1734	0.3682	-0.3333	0.0775	0.232	-0.3915	0.1779	0.2336	-0.2041	0.3466	
0.98	0.4313	0.368	-0.3889	-0.1726	0.3183	-0.1692	0.1734	0.368	-0.3333	0.0775	0.2319	-0.3915	0.1779	0.2335	-0.2041	0.3466	
1	0.4324	0.3675	-0.3885	-0.171	0.3185	-0.169	0.1734	0.3677	-0.3333	0.0775	0.2318	-0.3915	0.1779	0.2333	-0.2041	0.3466	
1.02	0.4335	0.367	-0.3879	-0.1693	0.3189	-0.1687	0.1734	0.3674	-0.3333	0.0775	0.2316	-0.3915	0.1779	0.2332	-0.2041	0.3466	
1.04	0.4347	0.3665	-0.3873	-0.1676	0.3192	-0.1684	0.1734	0.367	-0.3333	0.0775	0.2314	-0.3915	0.1779	0.2329	-0.2041	0.3466	
1.06	0.4359	0.3659	-0.3866	-0.1659	0.3196	-0.168	0.1734	0.3665	-0.3333	0.0775	0.2311	-0.3915	0.1779	0.2327	-0.2041	0.3466	
1.08	0.4371	0.3653	-0.3859	-0.1641	0.3201	-0.1676	0.1734	0.366	-0.3333	0.0775	0.2308	-0.3915	0.1779	0.2324	-0.2041	0.3466	
1.1	0.4384	0.3646	-0.385	-0.1623	0.3206	-0.1672	0.1734	0.3654	-0.3333	0.0775	0.2304	-0.3915	0.1779	0.2321	-0.2041	0.3466	
1.12	0.4397	0.3639	-0.3841	-0.1605	0.3211	-0.1667	0.1734	0.3648	-0.3333	0.0775	0.23	-0.3915	0.1779	0.2317	-0.2041	0.3466	
1.14	0.4411	0.3631	-0.3831	-0.1586	0.3217	-0.1661	0.1734	0.364	-0.3333	0.0775	0.2295	-0.3915	0.1779	0.2312	-0.2041	0.3466	
1.16	0.4425	0.3622	-0.3819	-0.1567	0.3223	-0.1655	0.1734	0.3633	-0.3333	0.0775	0.2289	-0.3915	0.1779	0.2308	-0.2041	0.3466	
1.18	0.444	0.3613	-0.3807	-0.1548	0.323	-0.1648	0.1734	0.3624	-0.3333	0.0775	0.2283	-0.3915	0.1779	0.2302	-0.2041	0.3466	
1.2	0.4455	0.3604	-0.3794	-0.1529	0.3238	-0.1641	0.1734	0.3615	-0.3333	0.0775	0.2276	-0.3915	0.1779	0.2297	-0.2041	0.3466	
1.22	0.4472	0.3593	-0.3779	-0.1509	0.3245	-0.1633	0.1734	0.3605	-0.3333	0.0775	0.2269	-0.3915	0.1779	0.229	-0.2041	0.3466	
1.24	0.4489	0.3582	-0.3764	-0.149	0.3254	-0.1624	0.1734	0.3594	-0.3333	0.0775	0.2261	-0.3915	0.1779	0.2283	-0.2041	0.3466	
1.26	0.4506	0.3571	-0.3747	-0.147	0.3263	-0.1615	0.1734	0.3583	-0.3333	0.0775	0.2252	-0.3915	0.1779	0.2276	-0.2041	0.3466	
1.28	0.4525	0.3558	-0.3729	-0.1451	0.3273	-0.1605	0.1734	0.3571	-0.3333	0.0775	0.2243	-0.3915	0.1779	0.2268	-0.2041	0.3466	
1.3	0.4542	0.3545	-0.3709	-0.1431	0.3283	-0.1594	0.1734	0.3558	-0.3333	0.0775	0.2233	-0.3915	0.1779	0.2259	-0.2041	0.3466	
1.32	0.456	0.3532	-0.3689	-0.1411	0.3294	-0.1583	0.1734	0.3544	-0.3333	0.0775	0.2222	-0.3915	0.1779	0.225	-0.2041	0.3466	
1.34	0.4577	0.3517	-0.3667	-0.139	0.3305	-0.1571	0.1734	0.3529	-0.3333	0.0775	0.2211	-0.3915	0.1779	0.224	-0.2041	0.3466	
1.36	0.4595	0.3502	-0.3645	-0.1368	0.3317	-0.1557	0.1734	0.3514	-0.3333	0.0775	0.2199	-0.3915	0.1779	0.223	-0.2041	0.3466	
1.38	0.4615	0.3487	-0.362	-0.1346	0.333	-0.1544	0.1734	0.3497	-0.3333	0.0775	0.2187	-0.3915	0.1779	0.2219	-0.2041	0.3466	
1.4	0.4639	0.347	-0.3594	-0.1323	0.3343	-0.1529	0.1734	0.348	-0.3333	0.0775	0.2174	-0.3915	0.1779	0.2207	-0.2041	0.3466	
1.42	0.4665	0.3453	-0.3564	-0.1298	0.3357	-0.1513	0.1734	0.3462	-0.3333	0.0775	0.216	-0.3915	0.1779	0.2195	-0.2041	0.3466	
1.44	0.4691	0.3434	-0.3533	-0.1272	0.3372	-0.1496	0.1734	0.3443	-0.3333	0.0775	0.2146	-0.3915	0.1779	0.2182	-0.2041	0.3466	
1.46	0.4715	0.3413	-0.3502	-0.1245	0.3387	-0.1479	0.1734	0.3423	-0.3333	0.0775	0.2131	-0.3915	0.1779	0.2168	-0.2041	0.3466	
1.48	0.4739	0.3388	-0.3472	-0.1216	0.3402	-0.1461	0.1734	0.3402	-0.3333	0.0775	0.2115	-0.3915	0.1779	0.2154	-0.2041	0.3466	
1.5	0.4772	0.3354	-0.3443	-0.1186	0.3419	-0.1442	0.1734	0.3381	-0.3333	0.0775	0.2099	-0.3915	0.1779	0.2139	-0.2041	0.3466	
1.52	0.4833	0.3305	-0.3412	-0.1155	0.3436	-0.1422	0.1734	0.3358	-0.3333	0.0775	0.2082	-0.3915	0.1779	0.2123	-0.2041	0.3466	
1.54	0.4944	0.323	-0.3372	-0.1122	0.3455	-0.14	0.1734	0.3335	-0.3333	0.0775	0.2065	-0.3915	0.1779	0.2106	-0.2041	0.3466	
1.56	0.5128	0.3119	-0.3313	-0.1089	0.3474	-0.1376	0.1734	0.331	-0.3333	0.0775	0.2047	-0.3915	0.1779	0.2089	-0.2041	0.3466	
1.58	0.5396	0.2965	-0.3231	-0.1054	0.3494	-0.1352	0.1734	0.3284	-0.3333	0.0775	0.2028	-0.3915	0.1779	0.2071	-0.2041	0.3466	
1.6	0.5746	0.2767	-0.3126	-0.1019	0.3514	-0.1328	0.1734	0.3257	-0.3333	0.0775	0.2008	-0.3915	0.1779	0.2052	-0.2041	0.3466	
1.62	0.6165	0.2534	-0.3005	-0.0983	0.3534	-0.1305	0.1734	0.3229	-0.3333	0.0775	0.1988	-0.3915	0.1779	0.2032	-0.2041	0.3466	
1.64	0.6638	0.228	-0.2877	-0.0947	0.3554	-0.1282	0.1734	0.32	-0.3333	0.0775	0.1967	-0.3915	0.1779	0.2012	-0.2041	0.3466	
1.66	0.7147	0.2017	-0.2748	-0.091	0.3578	-0.1255	0.1734	0.3171	-0.3333	0.0775	0.1946	-0.3915	0.1779	0.1991	-0.2041	0.3466	
1.68	0.7678	0.1757	-0.2624	-0.0872	0.361	-0.1219	0.1734	0.3141	-0.3333	0.0775	0.1924	-0.3915	0.1779	0.1968	-0.2041	0.3466	
1.7	0.8212	0.1511	-0.2509	-0.0835	0.3652	-0.1166	0.1734	0.311	-0.3333	0.0775	0.1901	-0.3915	0.1779	0.1945	-0.2041	0.3466	
1.72	0.8727	0.1288	-0.2408	-0.0797	0.3707	-0.1092	0.1734	0.3075	-0.3333	0.0775	0.1878	-0.3915	0.1779	0.192	-0.2041	0.3466	
1.74	0.9202	0.1097	-0.2329	-0.0759	0.3775	-0.0997	0.1734	0.3033	-0.3333	0.0775	0.1853	-0.3915	0.1779	0.1895	-0.2041	0.3466	
1.76	0.9624	0.0944	-0.2276	-0.0722	0.3854	-0.0882	0.1734	0.2978	-0.3333	0.0775	0.1828	-0.3915	0.1779	0.187	-0.2041	0.3466	
1.78	0.9989	0.0828	-0.225	-0.0684	0.3941	-0.0752	0.1734	0.2908	-0.3333	0.0775	0.1802	-0.3915	0.1779	0.1845	-0.2041	0.3466	
1.8	1.0311	0.0742	-0.2244	-0.0646	0.4034	-0.061	0.1734	0.2821	-0.3333	0.0775	0.1776	-0.3915	0.1779	0.1819	-0.2041	0.3466	
1.82	1.0604	0.0676	-0.2248	-0.0609	0.4129	-0.0461	0.1734	0.2715	-0.3333	0.0775	0.1749	-0.3915	0.1779	0.1789	-0.2041	0.3466	
1.84	1.0882	0.0618	-0.2255	-0.0573	0.4223	-0.0311	0.1734	0.2589	-0.3333	0.0775	0.1722	-0.3915	0.1779	0.175	-0.2041	0.3466	
1.86	1.1152	0.0561	-0.2258	-0.0539	0.4311	-0.0165	0.1734	0.2445	-0.3333	0.0775	0.1695	-0.3915	0.1779	0.1696	-0.2041	0.3466	
1.88	1.1414	0.0503	-0.2258	-0.0507	0.439	-0.0029	0.1734	0.2286	-0.3333	0.0775	0.1666	-0.3915	0.1779	0.1626	-0.2041	0.3466	
1.9	1.1664	0.0444	-0.2256	-0.0477	0.4459	0.0093	0.1734	0.2115	-0.3333	0.0775	0.1632	-0.3915	0.1779	0.1538	-0.2041	0.3466	
1.92	1.1899	0.0387	-0.2254	-0.0449	0.4518	0.0202	0.1734	0.194	-0.3333	0.0775	0.1591	-0.3915	0.1779	0.1433	-0.2041	0.3466	
1.94	1.2118	0.0332	-0.2253	-0.0421	0.4569	0.0302	0.1734	0.1764	-0.3333	0.0775	0.1541	-0.3915	0.1779	0.1313	-0.2041	0.3466	
1.96	1.2322	0.028	-0.2254	-0.0395	0.4616	0.0391	0.1734	0.159	-0.3333	0.0775	0.1481	-0.3915	0.1779	0.1181	-0.2041	0.3466	
1.98	1.2516	0.0228	-0.2254	-0.037	0.4662	0.0467	0.1734	0.1419	-0.3333	0.0775	0.141	-0.3915	0.1779	0.1039	-0.2041	0.3466	
2	1.2702	0.0176	-0.2255	-0.0348	0.4711	0.0529	0.1734	0.1251	-0.3333	0.0775	0.1334	-0.3915	0.1779	0.0893	-0.2041	0.3466	
2.02	1.2883	0.0125	-0.2255	-0.0327	0.4762	0.0582	0.1734	0.1087	-0.3333	0.0775	0.1257	-0.3915	0.1779	0.0748	-0.2041	0.3466	
2.04	1.306	0.0074	-0.2255	-0.0304	0.4815	0.0647	0.1734	0.0935	-0.3333	0.0775	0.1186	-0.3915	0.1779	0.0613	-0.2041	0.3466	
2.06	1.3229	0.0026	-0.2255	-0.027	0.4871	0.0766	0.1734	0.0804	-0.3333	0.0775	0.113	-0.3915	0.1779	0.0495	-0.2041	0.3466	
2.08	1.3387	-0.0017	-0.2254	-0.0212	0.493	0.099	0.1734	0.0711	-0.3333	0.0775	0.1095	-0.3915	0.1779	0.0402	-0.2041	0.3466	
2.1	1.353	-0.0055	-0.2254	-0.0113	0.4994	0.1362	0.1734	0.0669	-0.3333	0.0775	0.1085	-0.3915	0.1779	0.0337	-0.2041	0.3466	
2.12	1.3657	-0.0087	-0.2254	0.0047	0.5067	0.1903	0.1734	0.0689	-0.3333	0.0775	0.1101	-0.3915	0.1779	0.0301	-0.2041	0.3466	
2.14	1.3765	-0.0112	-0.2255	0.0284	0.5158	0.2601	0.1734	0.0776	-0.3333	0.0775	0.1139	-0.3915	0.1779	0.0293	-0.2041	0.3466	
2.16	1.3856	-0.0131	-0.2255	0.0617	0.5273	0.3419	0.1734	0.0931	-0.3333	0.0775	0.1192	-0.3915	0.1779	0.0307	-0.2041	0.3466	
2.18	1.393	-0.0143	-0.2255	0.1057	0.5421	0.4307	0.1734	0.1151	-0.3333	0.0775	0.1254	-0.3915	0.1779	0.0338	-0.2041	0.3466	
2.2	1.3985	-0.015	-0.2255	0.1612	0.5605	0.5228	0.1734	0.1433	-0.3333	0.0775	0.1317	-0.3915	0.1779	0.0382	-0.2041	0.3466	
2.22	1.4019	-0.0151	-0.2255	0.224	0.5799	0.6371	0.1734	0.1788	-0.3333	0.0775	0.139	-0.3915	0.1779	0.0452	-0.2041	0.3466	
2.24	1.4052	-0.0152	-0.2254	0.2868	0.5992	0.7513	0.1734	0.2143	-0.3333	0.0775	0.1464	-0.3915	0.1779	0.0522	-0.2041	0.3466	
2.26	1.4085	-0.0153	-0.2254	0.3495	0.6186	0.8656	0.1734	0.2498	-0.3333	0.0775	0.1538	-0.3915	0.1779	0.0592	-0.2041	0.3466	
2.28	1.4119	-0.0154	-0.2254	0.4123	0.6379	0.9799	0.1734	0.2853	-0.3333	0.0775	0.1612	-0.3915	0.1779	0.0663	-0.2041	0.3466	
