0	0.7277	0.2835	-0.1353	-0.2625	0.2119	0.075	-0.041	0.1017	0.1357	-0.0661	0.1869	0.1301	-0.1716	0.1247	-0.2354	0.0636	
0.02	0.7495	0.275	-0.1353	-0.2677	0.218	0.0809	-0.0349	0.1032	0.1526	-0.06	0.187	0.1453	-0.161	0.1294	-0.2214	0.0641	
0.04	0.7713	0.2666	-0.1353	-0.2728	0.2241	0.0868	-0.0288	0.1047	0.1696	-0.054	0.1871	0.1604	-0.1503	0.1341	-0.2073	0.0646	
0.06	0.7931	0.2581	-0.1353	-0.2779	0.2302	0.0927	-0.0227	0.1063	0.1865	-0.0479	0.1871	0.1756	-0.1396	0.1387	-0.1933	0.0651	
0.08	0.8149	0.2497	-0.1353	-0.2831	0.2363	0.0986	-0.0166	0.1078	0.2034	-0.0419	0.1872	0.1908	-0.1289	0.1434	-0.1793	0.0656	
0.1	0.836	0.2423	-0.1353	-0.2881	0.2436	0.1055	-0.0111	0.1105	0.2188	-0.0359	0.1878	0.2047	-0.119	0.1492	-0.1662	0.0666	
0.12	0.8558	0.2348	-0.1353	-0.293	0.2528	0.114	-0.0049	0.1146	0.2363	-0.0292	0.1889	0.2198	-0.1083	0.1569	-0.152	0.068	
0.14	0.8743	0.2272	-0.1353	-0.2977	0.2639	0.1237	0.0017	0.1204	0.2558	-0.022	0.1909	0.2353	-0.0972	0.1665	-0.1371	0.0699	
0.16	0.8916	0.2197	-0.1353	-0.3022	0.2768	0.1345	0.0083	0.1282	0.2769	-0.0144	0.1938	0.2504	-0.0864	0.1782	-0.1221	0.0724	
0.18	0.9078	0.2126	-0.1353	-0.3065	0.2909	0.1462	0.0147	0.1382	0.2987	-0.0067	0.1979	0.2642	-0.0764	0.192	-0.1074	0.0754	
0.2	0.9231	0.206	-0.1353	-0.3106	0.3057	0.1584	0.0206	0.1505	0.3207	0.0009	0.2031	0.2761	-0.0674	0.2077	-0.0935	0.079	
0.22	0.9376	0.1995	-0.1353	-0.3146	0.3207	0.1712	0.026	0.1649	0.3422	0.0083	0.2094	0.2859	-0.0596	0.2251	-0.0804	0.0831	
0.24	0.9512	0.1932	-0.1353	-0.3184	0.3352	0.1845	0.0309	0.1813	0.3628	0.0154	0.2168	0.2938	-0.0529	0.2438	-0.0679	0.0878	
0.26	0.9639	0.1867	-0.1354	-0.322	0.3491	0.1983	0.0356	0.1993	0.3825	0.0222	0.2253	0.3002	-0.047	0.2634	-0.0559	0.0929	
0.28	0.9759	0.18	-0.1356	-0.3256	0.3619	0.2128	0.04	0.2187	0.4011	0.0285	0.2346	0.3054	-0.042	0.2835	-0.0441	0.0984	
0.3	0.9871	0.1734	-0.136	-0.329	0.3738	0.2277	0.0444	0.239	0.4182	0.0343	0.2445	0.3098	-0.0377	0.3038	-0.0327	0.104	
0.32	0.9977	0.1668	-0.1365	-0.3324	0.3845	0.2429	0.0489	0.2596	0.4334	0.0396	0.2549	0.3137	-0.034	0.3238	-0.0216	0.1097	
0.34	1.0075	0.1604	-0.1373	-0.3358	0.3943	0.2582	0.0533	0.28	0.4462	0.0443	0.2657	0.3173	-0.0308	0.3435	-0.0108	0.1154	
0.36	1.0165	0.1542	-0.1383	-0.3391	0.4031	0.2735	0.0579	0.2998	0.4565	0.0484	0.277	0.3207	-0.0279	0.3631	-0.0004	0.121	
0.38	1.0247	0.1482	-0.1397	-0.3425	0.4114	0.2886	0.0625	0.3189	0.4644	0.052	0.2889	0.324	-0.0252	0.383	0.0097	0.1265	
0.4	1.032	0.1424	-0.1414	-0.346	0.4193	0.3037	0.0673	0.3377	0.4705	0.0551	0.3023	0.3273	-0.0226	0.4033	0.0194	0.1317	
0.42	1.0388	0.1367	-0.1434	-0.3496	0.4271	0.3186	0.0722	0.3568	0.4755	0.0578	0.3179	0.3307	-0.02	0.4244	0.0289	0.1368	
0.44	1.0452	0.1312	-0.1457	-0.3533	0.435	0.3335	0.0772	0.377	0.4799	0.0602	0.3366	0.3342	-0.0174	0.4463	0.0382	0.1415	
0.46	1.0515	0.1258	-0.1483	-0.3572	0.4432	0.3484	0.0825	0.3987	0.4843	0.0624	0.3591	0.3378	-0.0147	0.4691	0.0475	0.1462	
0.48	1.0582	0.1206	-0.1512	-0.3612	0.4517	0.3634	0.0879	0.4222	0.4887	0.0646	0.3857	0.3415	-0.012	0.493	0.0569	0.1507	
0.5	1.0651	0.1156	-0.1544	-0.3653	0.4607	0.3786	0.0934	0.4475	0.4932	0.0667	0.4164	0.3454	-0.0092	0.5184	0.0667	0.1552	
0.52	1.0723	0.1108	-0.1578	-0.3696	0.4704	0.3942	0.0991	0.4747	0.4977	0.0688	0.451	0.3495	-0.0064	0.5455	0.0771	0.1599	
0.54	1.0796	0.1064	-0.1614	-0.3738	0.4809	0.4102	0.1049	0.5038	0.5022	0.0709	0.4891	0.3536	-0.0035	0.5746	0.0883	0.1648	
0.56	1.0866	0.1023	-0.1652	-0.3779	0.4923	0.4269	0.1108	0.5346	0.5067	0.0731	0.5301	0.3579	-0.0005	0.6053	0.1004	0.1702	
0.58	1.0931	0.0985	-0.1691	-0.3818	0.5047	0.4443	0.1168	0.5667	0.5113	0.0754	0.5731	0.3623	0.0025	0.6367	0.1135	0.1759	
0.6	1.0988	0.095	-0.1732	-0.3855	0.5182	0.4622	0.123	0.5994	0.516	0.0777	0.6168	0.3668	0.0057	0.6679	0.1272	0.1821	
0.62	1.1036	0.0917	-0.1775	-0.3886	0.5327	0.4807	0.1295	0.6319	0.5208	0.0801	0.6596	0.3715	0.0088	0.6979	0.1416	0.1886	
0.64	1.1075	0.0886	-0.182	-0.3913	0.5481	0.4994	0.1363	0.6636	0.5257	0.0825	0.7001	0.3765	0.0119	0.726	0.1563	0.1955	
0.66	1.1103	0.0854	-0.1868	-0.3932	0.5642	0.5183	0.1437	0.6942	0.5307	0.0851	0.7371	0.3816	0.0151	0.752	0.1713	0.2028	
0.68	1.1121	0.0819	-0.192	-0.3944	0.5807	0.5372	0.1517	0.7234	0.5358	0.0877	0.7701	0.387	0.0188	0.7756	0.1867	0.2106	
0.7	1.1131	0.0781	-0.1977	-0.3948	0.5972	0.556	0.1608	0.7513	0.5412	0.0903	0.7987	0.3929	0.0232	0.7965	0.2026	0.2189	
0.72	1.1135	0.0738	-0.2039	-0.3942	0.6131	0.5744	0.171	0.7774	0.5473	0.0931	0.8232	0.3994	0.0292	0.8142	0.219	0.2278	
0.74	1.1135	0.0694	-0.2107	-0.3929	0.6282	0.5921	0.1828	0.8015	0.5547	0.0962	0.8435	0.4071	0.037	0.8288	0.2357	0.2369	
0.76	1.1134	0.0648	-0.2181	-0.3909	0.6422	0.6085	0.1965	0.8232	0.5641	0.0997	0.8601	0.4163	0.0467	0.8406	0.2522	0.2461	
0.78	1.1133	0.0604	-0.226	-0.388	0.655	0.6235	0.2123	0.8421	0.5758	0.1041	0.8733	0.4273	0.0581	0.8505	0.268	0.2548	
0.8	1.1133	0.0564	-0.2344	-0.3841	0.6665	0.6369	0.2301	0.8584	0.5896	0.1094	0.8838	0.4401	0.0707	0.8594	0.2826	0.2628	
0.82	1.1133	0.0528	-0.243	-0.3786	0.6768	0.6487	0.2496	0.8722	0.605	0.1157	0.8922	0.4541	0.0844	0.8681	0.2956	0.2699	
0.84	1.1133	0.0499	-0.2518	-0.3709	0.6861	0.6592	0.2704	0.8837	0.6211	0.1229	0.8994	0.4686	0.0987	0.8768	0.3068	0.2759	
0.86	1.1134	0.0476	-0.2606	-0.3603	0.6948	0.6687	0.2916	0.8934	0.6369	0.1307	0.9062	0.4827	0.1134	0.8856	0.3161	0.2807	
0.88	1.1134	0.046	-0.2694	-0.3463	0.7034	0.6776	0.3127	0.9017	0.6519	0.1389	0.9128	0.496	0.1281	0.8942	0.3231	0.2844	
0.9	1.1134	0.0451	-0.2782	-0.3287	0.7122	0.6859	0.3329	0.9093	0.6653	0.1473	0.9196	0.5079	0.1422	0.9026	0.3279	0.2868	
0.92	1.1133	0.0448	-0.2869	-0.3076	0.7215	0.694	0.3517	0.9165	0.6767	0.1557	0.9268	0.5179	0.155	0.9108	0.3306	0.2881	
0.94	1.1133	0.0447	-0.2956	-0.2834	0.7313	0.7018	0.3687	0.9238	0.6856	0.1638	0.9344	0.5258	0.1659	0.9191	0.3317	0.2886	
0.96	1.1133	0.0449	-0.3044	-0.2567	0.7415	0.7094	0.3837	0.9311	0.6917	0.1713	0.9425	0.5313	0.175	0.928	0.3317	0.2887	
0.98	1.1133	0.0449	-0.3133	-0.2281	0.7515	0.7171	0.3966	0.9384	0.6952	0.1782	0.9511	0.5345	0.1823	0.9378	0.3314	0.2885	
1	1.1134	0.045	-0.3225	-0.1987	0.7609	0.7248	0.4077	0.9455	0.6965	0.1844	0.96	0.5358	0.1883	0.9487	0.3311	0.2884	
1.02	1.1134	0.0449	-0.3322	-0.1692	0.7694	0.7325	0.4172	0.952	0.6966	0.1899	0.969	0.5359	0.193	0.9607	0.331	0.2883	
1.04	1.1134	0.0449	-0.3429	-0.1407	0.7767	0.7401	0.4257	0.9577	0.6962	0.1951	0.9776	0.5355	0.1966	0.9733	0.3311	0.2884	
1.06	1.1134	0.0449	-0.3551	-0.1138	0.7826	0.7473	0.4332	0.9625	0.6958	0.2001	0.9856	0.5352	0.199	0.9859	0.3312	0.2884	
1.08	1.1133	0.0449	-0.3691	-0.089	0.7871	0.7539	0.4399	0.9663	0.6957	0.205	0.9925	0.5351	0.2004	0.9977	0.3313	0.2885	
1.1	1.1133	0.0449	-0.3852	-0.0664	0.7901	0.7598	0.4458	0.9691	0.6958	0.21	0.9983	0.5352	0.2009	1.0083	0.3313	0.2885	
1.12	1.1133	0.0449	-0.4016	-0.0452	0.7913	0.7658	0.4519	0.9708	0.6959	0.2152	1.0036	0.5353	0.2007	1.0199	0.3312	0.2884	
1.14	1.1134	0.0449	-0.4181	-0.024	0.7924	0.7717	0.458	0.9724	0.696	0.2203	1.0089	0.5354	0.2006	1.0315	0.3312	0.2884	
1.16	1.1134	0.0449	-0.4345	-0.0028	0.7936	0.7777	0.4641	0.9741	0.6961	0.2254	1.0142	0.5355	0.2004	1.0431	0.3312	0.2884	
1.18	1.1134	0.0449	-0.451	0.0184	0.7948	0.7837	0.4702	0.9757	0.6962	0.2305	1.0195	0.5356	0.2003	1.0547	0.3311	0.2884	
