0	0.4094	0.3666	-0.2706	0.1475	0.4067	-0.0206	0.145	0.5535	-0.0588	0.0279	0.3982	-0.0043	-0.0981	0.3862	0.0077	0.1606	
0.02	0.4135	0.3593	-0.2705	0.1368	0.4129	-0.0073	0.148	0.5649	-0.0328	0.0298	0.4005	0.0105	-0.0959	0.397	0.0243	0.1657	
0.04	0.4177	0.3519	-0.2705	0.1261	0.4192	0.0061	0.1511	0.5763	-0.0068	0.0317	0.4028	0.0253	-0.0937	0.4077	0.0409	0.1707	
0.06	0.4218	0.3446	-0.2705	0.1154	0.4255	0.0195	0.1541	0.5877	0.0192	0.0335	0.4051	0.0401	-0.0915	0.4184	0.0575	0.1758	
0.08	0.426	0.3372	-0.2705	0.1048	0.4318	0.0329	0.1571	0.5991	0.0452	0.0354	0.4074	0.0549	-0.0893	0.4291	0.0741	0.1809	
0.1	0.4315	0.3309	-0.2705	0.094	0.4387	0.0481	0.1605	0.6119	0.0718	0.0381	0.4106	0.0683	-0.0865	0.4395	0.0883	0.1853	
0.12	0.4386	0.3244	-0.2706	0.0857	0.4471	0.0667	0.1645	0.6279	0.0991	0.0415	0.4154	0.0831	-0.0829	0.4521	0.1031	0.1902	
0.14	0.4473	0.3179	-0.2706	0.0795	0.4575	0.089	0.169	0.6472	0.1274	0.0458	0.4227	0.0993	-0.0785	0.4675	0.1186	0.1952	
0.16	0.4574	0.3116	-0.2708	0.0745	0.4702	0.1153	0.1741	0.6696	0.1573	0.0508	0.434	0.1167	-0.0735	0.4864	0.1346	0.2001	
0.18	0.4687	0.3057	-0.2713	0.0697	0.4857	0.1459	0.1797	0.6951	0.1895	0.0565	0.4508	0.1358	-0.0679	0.5096	0.1513	0.2046	
0.2	0.481	0.3002	-0.2721	0.0649	0.5046	0.1811	0.1862	0.7237	0.2248	0.0629	0.4742	0.1568	-0.0618	0.5374	0.1688	0.2087	
0.22	0.4938	0.2949	-0.2735	0.0597	0.5269	0.221	0.1935	0.756	0.2637	0.0701	0.5049	0.1803	-0.0554	0.5702	0.1875	0.2124	
0.24	0.5067	0.2895	-0.2756	0.0545	0.5523	0.2653	0.2019	0.7924	0.3063	0.0781	0.543	0.2066	-0.0488	0.6076	0.2078	0.2158	
0.26	0.5194	0.284	-0.2786	0.0494	0.5806	0.3136	0.2116	0.8333	0.3525	0.087	0.588	0.2363	-0.0419	0.6494	0.2307	0.219	
0.28	0.532	0.278	-0.2824	0.0438	0.6115	0.3651	0.2228	0.8787	0.4029	0.0969	0.6395	0.2705	-0.0347	0.6952	0.2575	0.2221	
0.3	0.5447	0.2717	-0.2869	0.0369	0.645	0.4194	0.2364	0.9289	0.4582	0.108	0.6972	0.3112	-0.0269	0.7452	0.29	0.2252	
0.32	0.5578	0.2649	-0.292	0.0273	0.681	0.4763	0.2533	0.9839	0.519	0.1207	0.7609	0.3602	-0.0181	0.7994	0.3298	0.2285	
0.34	0.5717	0.258	-0.2981	0.0136	0.7188	0.5354	0.2741	1.0434	0.5851	0.1356	0.8292	0.4187	-0.008	0.8572	0.3779	0.2322	
0.36	0.5867	0.2513	-0.3062	-0.0047	0.7572	0.5957	0.2991	1.1063	0.6546	0.1532	0.8998	0.486	0.0041	0.9172	0.4335	0.2368	
0.38	0.6031	0.2451	-0.3177	-0.027	0.7947	0.6554	0.3274	1.1704	0.7246	0.1738	0.97	0.5599	0.0185	0.9775	0.4949	0.2426	
0.4	0.621	0.24	-0.3339	-0.0516	0.83	0.7128	0.358	1.2334	0.7915	0.197	1.037	0.6369	0.0357	1.0361	0.5598	0.2499	
0.42	0.6406	0.2363	-0.3557	-0.076	0.8626	0.7663	0.3897	1.2931	0.8528	0.2223	1.0992	0.714	0.0561	1.0922	0.6256	0.2585	
0.44	0.6616	0.2342	-0.3829	-0.0974	0.8924	0.815	0.4214	1.3483	0.9066	0.2487	1.1562	0.788	0.0801	1.1457	0.6902	0.2683	
0.46	0.6833	0.2336	-0.4143	-0.1135	0.9198	0.8581	0.4522	1.3983	0.9523	0.2753	1.2079	0.8563	0.1075	1.1965	0.7509	0.2785	
0.48	0.7047	0.2345	-0.4483	-0.1227	0.9452	0.8952	0.4812	1.4431	0.9893	0.3015	1.2541	0.9165	0.1377	1.2442	0.8053	0.2887	
0.5	0.7247	0.2364	-0.4834	-0.1238	0.9685	0.9255	0.5074	1.4823	1.0171	0.3266	1.2944	0.9661	0.1699	1.2876	0.8507	0.2984	
0.52	0.7424	0.2392	-0.5179	-0.1164	0.9895	0.9489	0.53	1.5158	1.0358	0.35	1.3285	1.0037	0.2025	1.3256	0.8856	0.3072	
0.54	0.7574	0.2423	-0.5503	-0.1009	1.0081	0.9655	0.5486	1.544	1.0461	0.3705	1.3571	1.0291	0.2345	1.3582	0.9098	0.3147	
0.56	0.7694	0.2455	-0.5793	-0.0784	1.0243	0.9763	0.5633	1.5676	1.0501	0.3877	1.3813	1.0438	0.2644	1.3861	0.9249	0.3206	
0.58	0.7785	0.2483	-0.6035	-0.0512	1.0383	0.9825	0.5752	1.5875	1.0504	0.401	1.4027	1.0505	0.2914	1.4104	0.9331	0.3246	
0.6	0.7847	0.2505	-0.6222	-0.0223	1.0505	0.9857	0.585	1.6047	1.0492	0.4108	1.4222	1.0524	0.3146	1.4319	0.9369	0.3269	
0.62	0.7882	0.2517	-0.6355	0.0053	1.061	0.9871	0.5936	1.6194	1.0483	0.4178	1.44	1.052	0.3333	1.4508	0.9381	0.3278	
0.64	0.7897	0.2523	-0.6446	0.0293	1.0696	0.9875	0.6013	1.6316	1.0481	0.4227	1.4559	1.0512	0.3474	1.467	0.9383	0.3278	
0.66	0.7899	0.2523	-0.6513	0.0485	1.0763	0.9875	0.6082	1.6411	1.0483	0.426	1.4693	1.0508	0.3573	1.4801	0.9382	0.3275	
0.68	0.7895	0.2522	-0.6571	0.063	1.0808	0.9875	0.6142	1.6479	1.0488	0.428	1.4802	1.0509	0.3637	1.4903	0.9381	0.3272	
0.7	0.7892	0.252	-0.6634	0.0736	1.0833	0.9874	0.6193	1.6522	1.049	0.429	1.4886	1.0512	0.3673	1.4978	0.9381	0.3272	
0.72	0.789	0.252	-0.6704	0.0813	1.0843	0.9874	0.6234	1.6544	1.049	0.4292	1.4946	1.0515	0.3691	1.503	0.9381	0.3272	
0.74	0.7891	0.252	-0.6781	0.0868	1.0843	0.9875	0.6267	1.6551	1.0489	0.4291	1.4984	1.0515	0.3698	1.5064	0.9382	0.3273	
0.76	0.7892	0.2521	-0.6861	0.0905	1.084	0.9875	0.629	1.655	1.0488	0.4289	1.5006	1.0515	0.3699	1.5082	0.9382	0.3274	
0.78	0.7893	0.2521	-0.6938	0.0927	1.0837	0.9875	0.6306	1.6548	1.0487	0.4288	1.5014	1.0514	0.3698	1.5089	0.9382	0.3274	
0.8	0.7894	0.2521	-0.7012	0.0936	1.0836	0.9875	0.6315	1.6546	1.0487	0.4288	1.5014	1.0513	0.3697	1.509	0.9382	0.3274	
0.82	0.7893	0.2521	-0.7088	0.0935	1.0837	0.9875	0.6316	1.6547	1.0487	0.4288	1.5012	1.0513	0.3697	1.5088	0.9382	0.3274	
0.84	0.7893	0.2521	-0.7164	0.0933	1.0839	0.9875	0.6317	1.6548	1.0488	0.4289	1.501	1.0514	0.3698	1.5086	0.9382	0.3273	
0.86	0.7892	0.252	-0.724	0.0931	1.084	0.9875	0.6319	1.6548	1.0488	0.429	1.5008	1.0514	0.3698	1.5084	0.9382	0.3273	
0.88	0.7892	0.252	-0.7316	0.093	1.0841	0.9875	0.632	1.6549	1.0489	0.429	1.5005	1.0514	0.3698	1.5082	0.9382	0.3273	
