0	0.4419	0.5727	0.1466	0.026	0.0047	-0.1475	0.1386	-0.0243	0.0338	-0.0849	-0.0549	-0.1882	0.0519	0.0535	-0.2006	-0.147	
0.02	0.4671	0.5388	0.1466	0.024	0.0269	-0.1382	0.1386	-0.0318	0.053	-0.0849	-0.0653	-0.1615	0.0519	0.0604	-0.1808	-0.1453	
0.04	0.4922	0.5049	0.1466	0.022	0.0491	-0.1289	0.1386	-0.0394	0.0721	-0.0849	-0.0757	-0.1348	0.0519	0.0673	-0.1609	-0.1435	
0.06	0.5173	0.4711	0.1466	0.0199	0.0712	-0.1196	0.1386	-0.0469	0.0913	-0.0849	-0.0861	-0.1082	0.0519	0.0742	-0.141	-0.1417	
0.08	0.5424	0.4372	0.1467	0.0179	0.0934	-0.1103	0.1386	-0.0545	0.1105	-0.0849	-0.0965	-0.0815	0.0519	0.081	-0.1212	-0.14	
0.1	0.5683	0.4034	0.1465	0.0142	0.1147	-0.1012	0.1386	-0.0608	0.1271	-0.0849	-0.1055	-0.0546	0.0519	0.0925	-0.1013	-0.138	
0.12	0.5978	0.371	0.1462	0.009	0.139	-0.0938	0.1386	-0.065	0.1434	-0.0849	-0.1112	-0.0269	0.0519	0.1091	-0.0792	-0.1355	
0.14	0.6315	0.3402	0.1454	0.0023	0.1653	-0.0879	0.1386	-0.067	0.1589	-0.0849	-0.1128	0.0013	0.0519	0.1313	-0.056	-0.1328	
0.16	0.6699	0.3109	0.1441	-0.0057	0.1925	-0.083	0.1386	-0.0666	0.1729	-0.0849	-0.1093	0.0291	0.0519	0.1594	-0.033	-0.1301	
0.18	0.7126	0.2832	0.1422	-0.0148	0.2195	-0.079	0.1386	-0.0635	0.1849	-0.0849	-0.0997	0.0554	0.0519	0.1928	-0.0114	-0.1276	
0.2	0.7589	0.257	0.1395	-0.0247	0.2456	-0.0753	0.1386	-0.0571	0.195	-0.0849	-0.0833	0.0789	0.0519	0.2306	0.0079	-0.1256	
0.22	0.8075	0.2323	0.1361	-0.0348	0.2705	-0.0718	0.1386	-0.0473	0.2034	-0.0849	-0.0605	0.0986	0.052	0.2712	0.0241	-0.1243	
0.24	0.8571	0.2092	0.132	-0.0448	0.2944	-0.0685	0.1386	-0.034	0.2108	-0.0849	-0.0327	0.1141	0.052	0.3127	0.037	-0.1239	
0.26	0.9068	0.1882	0.1272	-0.0542	0.3173	-0.0654	0.1386	-0.018	0.2174	-0.0848	-0.0015	0.1248	0.0522	0.3534	0.0469	-0.1244	
0.28	0.9554	0.1697	0.1218	-0.0628	0.3394	-0.0623	0.1387	-0.0002	0.2237	-0.0847	0.0313	0.1309	0.0526	0.3919	0.0544	-0.126	
0.3	1.0017	0.1536	0.1162	-0.0705	0.3603	-0.0593	0.1388	0.0185	0.2298	-0.0844	0.0647	0.1326	0.0531	0.4273	0.0605	-0.1283	
0.32	1.0442	0.14	0.1104	-0.0772	0.38	-0.0563	0.139	0.0374	0.2357	-0.084	0.0977	0.1306	0.0539	0.459	0.066	-0.1313	
0.34	1.0816	0.1284	0.1046	-0.0832	0.398	-0.0533	0.1394	0.056	0.2413	-0.0834	0.129	0.126	0.0549	0.4866	0.0716	-0.1346	
0.36	1.1135	0.1184	0.0991	-0.0887	0.4144	-0.0503	0.1399	0.0735	0.2467	-0.0827	0.1574	0.1201	0.0563	0.5102	0.0774	-0.1379	
0.38	1.1402	0.1097	0.0938	-0.0939	0.4294	-0.0473	0.1406	0.0895	0.2519	-0.0816	0.1815	0.1146	0.0581	0.5299	0.0838	-0.1408	
0.4	1.1626	0.1021	0.0887	-0.099	0.4435	-0.0443	0.1416	0.1033	0.2569	-0.0804	0.2011	0.1104	0.0603	0.5462	0.0905	-0.1429	
0.42	1.1817	0.0956	0.084	-0.1041	0.4573	-0.0415	0.1427	0.1151	0.2618	-0.0788	0.2165	0.1085	0.063	0.5595	0.0978	-0.1441	
0.44	1.1984	0.0902	0.0795	-0.1094	0.4714	-0.0387	0.1442	0.1255	0.2666	-0.077	0.2288	0.1089	0.0662	0.5701	0.1056	-0.1441	
0.46	1.2134	0.0856	0.0751	-0.1148	0.4859	-0.0359	0.146	0.1357	0.2712	-0.0748	0.2391	0.1115	0.0697	0.5783	0.1142	-0.1427	
0.48	1.2269	0.0818	0.071	-0.1204	0.5007	-0.0332	0.1482	0.147	0.2757	-0.0723	0.2481	0.1158	0.0735	0.5842	0.1233	-0.1399	
0.5	1.2396	0.0786	0.0669	-0.1261	0.5155	-0.0305	0.1508	0.1599	0.2801	-0.0696	0.256	0.1214	0.0777	0.5877	0.1331	-0.1355	
0.52	1.2517	0.0759	0.063	-0.132	0.5298	-0.0277	0.1537	0.1741	0.2845	-0.0665	0.2624	0.1281	0.0825	0.589	0.1432	-0.1297	
0.54	1.2634	0.0739	0.0593	-0.1379	0.5432	-0.0249	0.1567	0.189	0.2892	-0.0632	0.2671	0.1355	0.0884	0.5884	0.1531	-0.1227	
0.56	1.2749	0.0726	0.0557	-0.1439	0.5554	-0.022	0.1599	0.2036	0.2947	-0.0597	0.2701	0.1438	0.0959	0.5862	0.1626	-0.1148	
0.58	1.2861	0.0719	0.0525	-0.1498	0.5659	-0.0188	0.1635	0.217	0.3014	-0.0559	0.2715	0.1528	0.1054	0.5827	0.1712	-0.1065	
0.6	1.297	0.0716	0.0496	-0.1554	0.5743	-0.0151	0.168	0.2291	0.3097	-0.0517	0.2719	0.1624	0.1172	0.5781	0.1786	-0.0983	
0.62	1.3073	0.0716	0.0471	-0.1608	0.5802	-0.0103	0.1742	0.2393	0.3196	-0.0465	0.2718	0.1721	0.1314	0.5724	0.1849	-0.0904	
0.64	1.317	0.0717	0.0451	-0.1656	0.5837	-0.0041	0.1829	0.2475	0.3307	-0.04	0.2716	0.1816	0.1478	0.5656	0.1898	-0.0831	
0.66	1.3261	0.0718	0.0436	-0.1698	0.5852	0.0038	0.1943	0.2534	0.3423	-0.0318	0.2715	0.1904	0.1662	0.5578	0.1934	-0.0765	
0.68	1.3344	0.0718	0.0427	-0.1731	0.5853	0.0133	0.2084	0.257	0.3538	-0.0218	0.2715	0.1983	0.1858	0.5493	0.1958	-0.0707	
0.7	1.3422	0.0718	0.0424	-0.1752	0.5849	0.0241	0.2244	0.2586	0.3647	-0.0101	0.2716	0.2051	0.2055	0.5405	0.1971	-0.0657	
0.72	1.3497	0.0718	0.0426	-0.1758	0.5845	0.0353	0.2415	0.2588	0.3745	0.0027	0.2716	0.2106	0.2243	0.532	0.1976	-0.0613	
0.74	1.3571	0.0717	0.0435	-0.1748	0.5844	0.0466	0.2586	0.2584	0.3829	0.016	0.2716	0.2148	0.2412	0.524	0.1976	-0.0573	
0.76	1.3644	0.0717	0.0449	-0.1724	0.5844	0.0572	0.275	0.258	0.3895	0.029	0.2716	0.2176	0.2553	0.5169	0.1974	-0.0536	
0.78	1.3716	0.0718	0.047	-0.1688	0.5846	0.0669	0.2899	0.2579	0.3941	0.0411	0.2716	0.2191	0.2665	0.5109	0.1973	-0.05	
0.8	1.3787	0.0718	0.0496	-0.1643	0.5847	0.0751	0.3026	0.2579	0.3968	0.0518	0.2716	0.2197	0.2747	0.5062	0.1973	-0.0465	
0.82	1.3853	0.0718	0.0528	-0.1595	0.5847	0.0815	0.3124	0.258	0.3979	0.0606	0.2716	0.2197	0.2801	0.503	0.1973	-0.0433	
0.84	1.3914	0.0718	0.0565	-0.1545	0.5847	0.0859	0.3191	0.2582	0.3979	0.0672	0.2716	0.2195	0.2832	0.5012	0.1973	-0.0402	
0.86	1.3967	0.0718	0.0607	-0.1499	0.5846	0.0884	0.3227	0.2582	0.3976	0.0717	0.2716	0.2194	0.2845	0.5005	0.1974	-0.0376	
0.88	1.4012	0.0718	0.0654	-0.1459	0.5846	0.0894	0.3241	0.2582	0.3973	0.0741	0.2716	0.2193	0.2847	0.5005	0.1974	-0.0355	
0.9	1.4049	0.0718	0.0704	-0.1424	0.5846	0.0892	0.3237	0.2581	0.3973	0.0744	0.2716	0.2194	0.2844	0.5007	0.1974	-0.0338	
0.92	1.4087	0.0718	0.0754	-0.1389	0.5846	0.0889	0.3233	0.2581	0.3974	0.0747	0.2716	0.2195	0.2841	0.5009	0.1973	-0.0321	
0.94	1.4124	0.0718	0.0804	-0.1354	0.5846	0.0887	0.3229	0.258	0.3975	0.075	0.2716	0.2195	0.2838	0.5011	0.1973	-0.0304	
0.96	1.4162	0.0718	0.0854	-0.132	0.5847	0.0884	0.3225	0.258	0.3975	0.0753	0.2716	0.2196	0.2835	0.5013	0.1973	-0.0287	
