0	0.256	0.3437	0.3933	0.1277	0.0805	-0.0311	0.0466	0.0281	0.0528	-0.123	0.028	0.0323	-0.0821	0.013	-0.0246	0.0913	
0.02	0.2551	0.3437	0.3933	0.1277	0.0805	-0.0345	0.0466	0.0281	0.0528	-0.123	0.028	0.0323	-0.0821	0.013	-0.0246	0.0913	
0.04	0.2542	0.3437	0.3933	0.1277	0.0805	-0.0379	0.0466	0.0281	0.0528	-0.123	0.028	0.0323	-0.0821	0.013	-0.0246	0.0913	
0.06	0.2533	0.3437	0.3933	0.1277	0.0805	-0.0413	0.0466	0.0281	0.0528	-0.123	0.028	0.0323	-0.0821	0.013	-0.0246	0.0913	
0.08	0.2524	0.3437	0.3933	0.1277	0.0805	-0.0446	0.0466	0.0281	0.0528	-0.123	0.028	0.0323	-0.0821	0.013	-0.0246	0.0913	
0.1	0.2514	0.3437	0.3933	0.1277	0.0805	-0.0479	0.0466	0.0281	0.0528	-0.123	0.028	0.0323	-0.0821	0.013	-0.0246	0.0913	
0.12	0.2501	0.3437	0.3933	0.1277	0.0805	-0.0511	0.0466	0.0281	0.0528	-0.123	0.028	0.0323	-0.0821	0.013	-0.0246	0.0913	
0.14	0.2487	0.3437	0.3933	0.1277	0.0805	-0.0541	0.0466	0.0281	0.0528	-0.123	0.028	0.0323	-0.0821	0.013	-0.0246	0.0913	
0.16	0.247	0.3437	0.3933	0.1277	0.0805	-0.0569	0.0466	0.0281	0.0528	-0.123	0.028	0.0323	-0.0821	0.013	-0.0246	0.0913	
0.18	0.2451	0.3437	0.3933	0.1277	0.0805	-0.0596	0.0466	0.0281	0.0528	-0.123	0.028	0.0323	-0.0821	0.013	-0.0246	0.0913	
0.2	0.2431	0.3437	0.3933	0.1277	0.0805	-0.0621	0.0466	0.0281	0.0528	-0.123	0.028	0.0323	-0.0821	0.013	-0.0246	0.0913	
0.22	0.241	0.3437	0.3933	0.1277	0.0805	-0.0645	0.0466	0.0281	0.0528	-0.123	0.028	0.0323	-0.0821	0.013	-0.0246	0.0913	
0.24	0.2388	0.3437	0.3933	0.1277	0.0805	-0.0668	0.0466	0.0281	0.0528	-0.123	0.028	0.0323	-0.0821	0.013	-0.0246	0.0913	
0.26	0.2366	0.3437	0.3933	0.1277	0.0805	-0.0689	0.0466	0.0281	0.0528	-0.123	0.028	0.0323	-0.0821	0.013	-0.0246	0.0913	
0.28	0.2343	0.3437	0.3933	0.1277	0.0805	-0.0708	0.0466	0.0281	0.0528	-0.123	0.028	0.0323	-0.0821	0.013	-0.0246	0.0913	
0.3	0.2319	0.3437	0.3933	0.1277	0.0805	-0.0727	0.0466	0.0281	0.0528	-0.123	0.028	0.0323	-0.0821	0.013	-0.0246	0.0913	
0.32	0.2296	0.3437	0.3933	0.1277	0.0805	-0.0743	0.0466	0.0281	0.0528	-0.123	0.028	0.0323	-0.0821	0.013	-0.0246	0.0913	
0.34	0.2274	0.3437	0.3933	0.1277	0.0805	-0.0759	0.0466	0.0281	0.0528	-0.123	0.028	0.0323	-0.0821	0.013	-0.0246	0.0913	
0.36	0.2252	0.3437	0.3933	0.1277	0.0805	-0.0773	0.0466	0.0281	0.0528	-0.123	0.028	0.0323	-0.0821	0.013	-0.0246	0.0913	
0.38	0.2231	0.3437	0.3933	0.1277	0.0805	-0.0786	0.0466	0.0281	0.0528	-0.123	0.028	0.0323	-0.0821	0.013	-0.0246	0.0913	
0.4	0.2211	0.3437	0.3933	0.1277	0.0805	-0.0798	0.0466	0.0281	0.0528	-0.123	0.028	0.0323	-0.0821	0.013	-0.0246	0.0913	
0.42	0.2192	0.3437	0.3933	0.1277	0.0805	-0.0809	0.0466	0.0281	0.0528	-0.123	0.028	0.0323	-0.0821	0.013	-0.0246	0.0913	
0.44	0.2176	0.3437	0.3933	0.1277	0.0805	-0.0818	0.0466	0.0281	0.0528	-0.123	0.028	0.0323	-0.0821	0.013	-0.0246	0.0913	
0.46	0.2161	0.3437	0.3933	0.1277	0.0805	-0.0826	0.0466	0.0281	0.0528	-0.123	0.028	0.0323	-0.0821	0.013	-0.0246	0.0913	
0.48	0.2148	0.3437	0.3933	0.1277	0.0805	-0.0833	0.0466	0.0281	0.0528	-0.123	0.028	0.0323	-0.0821	0.013	-0.0246	0.0913	
0.5	0.2138	0.3437	0.3933	0.1277	0.0805	-0.0839	0.0466	0.0281	0.0528	-0.123	0.028	0.0323	-0.0821	0.0129	-0.0246	0.0913	
0.52	0.213	0.3437	0.3933	0.1277	0.0806	-0.0844	0.0466	0.0281	0.0528	-0.123	0.028	0.0323	-0.0821	0.0128	-0.0246	0.0913	
0.54	0.2124	0.3437	0.3933	0.1277	0.0807	-0.0847	0.0466	0.0281	0.0528	-0.123	0.028	0.0323	-0.0822	0.0126	-0.0246	0.0913	
0.56	0.2121	0.3436	0.3933	0.1277	0.081	-0.085	0.0466	0.0282	0.0528	-0.123	0.0281	0.0324	-0.0823	0.0122	-0.0246	0.0913	
0.58	0.2119	0.3435	0.3933	0.1277	0.0814	-0.0851	0.0466	0.0283	0.0529	-0.123	0.0281	0.0324	-0.0826	0.0115	-0.0245	0.0913	
0.6	0.2118	0.3434	0.3933	0.1277	0.0821	-0.0851	0.0466	0.0284	0.053	-0.123	0.0282	0.0326	-0.083	0.0106	-0.0244	0.0913	
0.62	0.2119	0.3432	0.3933	0.1277	0.0829	-0.085	0.0467	0.0286	0.0532	-0.123	0.0283	0.0327	-0.0835	0.0094	-0.0242	0.0913	
0.64	0.2122	0.3429	0.3932	0.1277	0.084	-0.0848	0.0468	0.0289	0.0535	-0.1229	0.0285	0.033	-0.0843	0.0079	-0.0239	0.0913	
0.66	0.2125	0.3427	0.3932	0.1277	0.0854	-0.0844	0.0469	0.0293	0.0539	-0.1229	0.0288	0.0333	-0.0852	0.006	-0.0236	0.0913	
0.68	0.213	0.3423	0.3931	0.1276	0.0871	-0.0839	0.0471	0.0298	0.0544	-0.1228	0.0292	0.0337	-0.0864	0.0037	-0.0232	0.0913	
0.7	0.2135	0.3419	0.3929	0.1275	0.0891	-0.0833	0.0473	0.0303	0.0551	-0.1226	0.0296	0.0343	-0.0878	0.0012	-0.0226	0.0913	
0.72	0.2142	0.3415	0.3927	0.1274	0.0913	-0.0825	0.0477	0.0311	0.0559	-0.1224	0.0301	0.0349	-0.0894	-0.0016	-0.0219	0.0913	
0.74	0.215	0.341	0.3924	0.1272	0.0938	-0.0815	0.048	0.032	0.0568	-0.1222	0.0308	0.0357	-0.0911	-0.0047	-0.0211	0.0913	
0.76	0.216	0.3404	0.392	0.1269	0.0967	-0.0804	0.0485	0.033	0.0579	-0.1219	0.0315	0.0367	-0.0931	-0.008	-0.0202	0.0913	
0.78	0.2171	0.3398	0.3916	0.1266	0.0997	-0.0791	0.049	0.0342	0.0592	-0.1215	0.0323	0.0377	-0.0951	-0.0115	-0.0191	0.0913	
0.8	0.2184	0.3391	0.3911	0.1263	0.1031	-0.0777	0.0496	0.0356	0.0606	-0.121	0.0333	0.0389	-0.0973	-0.0151	-0.0179	0.0913	
0.82	0.2197	0.3383	0.3904	0.1258	0.1067	-0.0761	0.0502	0.0372	0.0622	-0.1205	0.0343	0.0403	-0.0996	-0.0188	-0.0166	0.0913	
0.84	0.2213	0.3374	0.3897	0.1253	0.1105	-0.0743	0.051	0.039	0.0639	-0.1199	0.0354	0.0419	-0.102	-0.0226	-0.015	0.0913	
0.86	0.2231	0.3365	0.3889	0.1248	0.1146	-0.0723	0.0518	0.041	0.0658	-0.1192	0.0366	0.0436	-0.1044	-0.0264	-0.0133	0.0914	
0.88	0.2254	0.3355	0.3881	0.1241	0.119	-0.0702	0.0526	0.0431	0.0679	-0.1184	0.0379	0.0455	-0.1069	-0.0303	-0.0114	0.0914	
0.9	0.228	0.3345	0.3871	0.1234	0.1235	-0.0678	0.0536	0.0456	0.0701	-0.1176	0.0393	0.0476	-0.1094	-0.0342	-0.0094	0.0915	
0.92	0.2308	0.3334	0.386	0.1227	0.1283	-0.0653	0.0546	0.0484	0.0726	-0.1166	0.0407	0.0498	-0.1119	-0.0379	-0.0072	0.0916	
0.94	0.2334	0.3321	0.3849	0.1219	0.1333	-0.0627	0.0557	0.0516	0.0751	-0.1156	0.0423	0.0522	-0.1144	-0.0416	-0.0048	0.0917	
0.96	0.2358	0.3308	0.3836	0.121	0.1386	-0.0598	0.0568	0.0551	0.0779	-0.1145	0.044	0.0549	-0.1168	-0.045	-0.0022	0.0919	
0.98	0.2381	0.3294	0.3823	0.1201	0.1441	-0.0567	0.0581	0.0587	0.0808	-0.1134	0.0457	0.0579	-0.1192	-0.0482	0.0006	0.0921	
1	0.2414	0.3279	0.3809	0.1192	0.1498	-0.0534	0.0594	0.0622	0.0839	-0.1121	0.0475	0.0612	-0.1215	-0.0512	0.0038	0.0923	
1.02	0.2472	0.3264	0.3793	0.1181	0.1556	-0.0499	0.0608	0.0659	0.0872	-0.1107	0.0495	0.0647	-0.1237	-0.0543	0.0072	0.0925	
1.04	0.2572	0.3249	0.3777	0.1171	0.1615	-0.0462	0.0622	0.0701	0.0907	-0.1093	0.0515	0.0683	-0.1258	-0.0573	0.0109	0.0928	
1.06	0.2721	0.3233	0.3759	0.1159	0.1675	-0.0423	0.0637	0.0757	0.0944	-0.1078	0.0536	0.0719	-0.1277	-0.06	0.0147	0.0932	
1.08	0.2919	0.3214	0.3741	0.1148	0.174	-0.0383	0.0653	0.0835	0.0983	-0.1061	0.0557	0.0756	-0.1295	-0.0617	0.0183	0.0935	
1.1	0.3154	0.319	0.3722	0.1136	0.1813	-0.0342	0.067	0.094	0.1022	-0.1044	0.058	0.0799	-0.1312	-0.0615	0.0219	0.094	
1.12	0.3413	0.3158	0.3702	0.1123	0.1896	-0.0298	0.0688	0.1071	0.1063	-0.1026	0.0603	0.0855	-0.1328	-0.0586	0.0261	0.0944	
1.14	0.3682	0.3118	0.368	0.111	0.1991	-0.0248	0.0706	0.1221	0.1105	-0.1007	0.0628	0.0932	-0.134	-0.0526	0.0318	0.0949	
1.16	0.3952	0.307	0.3657	0.1096	0.2095	-0.0188	0.0725	0.138	0.1153	-0.0987	0.0653	0.1038	-0.1347	-0.0437	0.0399	0.0955	
1.18	0.421	0.3015	0.3633	0.1082	0.2201	-0.0115	0.0745	0.1544	0.1208	-0.0966	0.0679	0.1173	-0.1346	-0.0321	0.0511	0.0961	
1.2	0.4444	0.2955	0.3608	0.1068	0.2303	-0.0028	0.0765	0.1706	0.1275	-0.0944	0.0706	0.1337	-0.1333	-0.0184	0.0656	0.0968	
1.22	0.4638	0.2893	0.3583	0.1053	0.2393	0.0073	0.0786	0.1863	0.1356	-0.0921	0.0733	0.1525	-0.1305	-0.0032	0.0827	0.0976	
1.24	0.4783	0.2829	0.3557	0.1038	0.2462	0.0188	0.0809	0.2009	0.1452	-0.0897	0.0761	0.1736	-0.1262	0.0128	0.1016	0.0984	
1.26	0.4883	0.2767	0.3531	0.1022	0.2505	0.0314	0.0833	0.2134	0.156	-0.0872	0.079	0.1963	-0.1202	0.0289	0.1217	0.0993	
1.28	0.4948	0.2708	0.3501	0.1006	0.2518	0.045	0.0861	0.2236	0.168	-0.0846	0.0821	0.22	-0.1129	0.0443	0.1423	0.1002	
1.3	0.4994	0.2655	0.3464	0.099	0.2496	0.0594	0.0894	0.2315	0.181	-0.082	0.0854	0.2438	-0.1043	0.0582	0.1627	0.1012	
1.32	0.5035	0.261	0.3417	0.0973	0.2442	0.0742	0.0934	0.2376	0.1949	-0.0792	0.0892	0.2667	-0.095	0.07	0.1823	0.1023	
1.34	0.508	0.2573	0.3358	0.0956	0.2362	0.0892	0.0981	0.243	0.2096	-0.076	0.0933	0.2879	-0.0852	0.0799	0.2002	0.1035	
1.36	0.5129	0.2541	0.329	0.0939	0.227	0.1045	0.1036	0.2486	0.2248	-0.0722	0.098	0.3071	-0.0754	0.0885	0.2159	0.1047	
1.38	0.5181	0.2513	0.3215	0.0922	0.218	0.1203	0.1101	0.2553	0.2406	-0.0675	0.1034	0.3246	-0.0654	0.0964	0.2293	0.106	
1.4	0.5235	0.2487	0.3139	0.0904	0.2108	0.1373	0.1176	0.2635	0.2571	-0.0617	0.1096	0.3413	-0.0551	0.1042	0.241	0.1074	
1.42	0.5287	0.2463	0.3065	0.0886	0.2068	0.1563	0.1259	0.2737	0.2753	-0.0544	0.117	0.3582	-0.0439	0.1123	0.252	0.1089	
1.44	0.534	0.2441	0.2997	0.0867	0.2069	0.1781	0.1349	0.286	0.2965	-0.0454	0.1259	0.3764	-0.0313	0.1207	0.2638	0.1106	
1.46	0.5394	0.242	0.2938	0.0848	0.2117	0.2033	0.1445	0.3009	0.3221	-0.0343	0.1365	0.397	-0.0166	0.1293	0.2776	0.1124	
1.48	0.5452	0.2401	0.2893	0.0829	0.2213	0.2321	0.1547	0.3185	0.353	-0.0206	0.1488	0.421	0.0007	0.138	0.2947	0.1141	
1.5	0.552	0.2383	0.2864	0.081	0.2355	0.2648	0.1656	0.3392	0.3895	-0.0043	0.1625	0.4497	0.0212	0.1468	0.3162	0.1157	
1.52	0.5602	0.2366	0.2853	0.0791	0.2535	0.3015	0.1777	0.3628	0.4313	0.0148	0.1772	0.4844	0.0458	0.1553	0.3432	0.1175	
1.54	0.5702	0.235	0.2859	0.0771	0.2743	0.3422	0.1914	0.3889	0.4786	0.0363	0.1927	0.5261	0.0755	0.1634	0.3763	0.12	
1.56	0.5821	0.2335	0.2878	0.0751	0.2966	0.3864	0.2069	0.4165	0.5319	0.0599	0.2085	0.5758	0.1112	0.1705	0.416	0.1244	
1.58	0.596	0.2321	0.2906	0.073	0.3194	0.4334	0.2241	0.4445	0.5912	0.0851	0.2243	0.6336	0.1531	0.1761	0.4621	0.1321	
1.6	0.6119	0.2307	0.2938	0.0709	0.3415	0.4819	0.2429	0.4715	0.6562	0.1118	0.2397	0.6989	0.2004	0.1792	0.5141	0.1447	
1.62	0.6296	0.2293	0.2972	0.0686	0.3622	0.5306	0.2631	0.4968	0.7248	0.1399	0.2542	0.77	0.2514	0.1795	0.5714	0.1638	
1.64	0.6494	0.228	0.3007	0.0661	0.3809	0.5783	0.2845	0.5197	0.7942	0.1692	0.2674	0.8447	0.3043	0.1765	0.6328	0.1904	
1.66	0.6712	0.2267	0.3044	0.0634	0.3974	0.6239	0.3072	0.5398	0.8616	0.1993	0.2789	0.9201	0.3576	0.1702	0.697	0.2245	
1.68	0.6949	0.2253	0.3082	0.0606	0.4115	0.6666	0.3306	0.5567	0.9252	0.2295	0.2885	0.9931	0.41	0.1609	0.762	0.2656	
1.7	0.72	0.224	0.3121	0.0575	0.4235	0.7054	0.3544	0.5704	0.9838	0.259	0.2961	1.0614	0.4608	0.1491	0.8255	0.312	
1.72	0.7458	0.2226	0.3162	0.0542	0.4338	0.7397	0.3778	0.5807	1.0368	0.2873	0.3018	1.1234	0.5088	0.1352	0.8851	0.3621	
1.74	0.7717	0.2211	0.3203	0.0506	0.4427	0.7689	0.4002	0.588	1.0833	0.314	0.3054	1.178	0.5532	0.1198	0.9393	0.4138	
1.76	0.7971	0.2196	0.3245	0.0468	0.4506	0.7932	0.4212	0.5926	1.1223	0.3391	0.3069	1.2248	0.5929	0.1037	0.9872	0.4652	
1.78	0.8215	0.218	0.3288	0.0429	0.4579	0.813	0.4406	0.595	1.1536	0.3624	0.306	1.2636	0.6277	0.0873	1.0288	0.5146	
1.8	0.8447	0.2163	0.3332	0.0391	0.4647	0.8292	0.4583	0.5956	1.178	0.3839	0.303	1.295	0.6577	0.0715	1.0641	0.5601	
1.82	0.8662	0.2145	0.3378	0.0354	0.471	0.8426	0.4744	0.5945	1.1974	0.403	0.2978	1.3201	0.6839	0.0565	1.0934	0.6006	
1.84	0.8857	0.2126	0.3426	0.0322	0.477	0.8538	0.4885	0.5918	1.2141	0.4197	0.2907	1.3405	0.707	0.0427	1.117	0.6351	
1.86	0.9029	0.2106	0.3476	0.0293	0.4828	0.8637	0.5006	0.5877	1.2299	0.434	0.2821	1.3579	0.7277	0.0297	1.1356	0.6639	
1.88	0.9177	0.2086	0.3527	0.027	0.4884	0.8725	0.5103	0.5821	1.2456	0.4464	0.2723	1.3738	0.7459	0.0172	1.1504	0.6876	
1.9	0.9303	0.2064	0.3578	0.0251	0.494	0.8807	0.5177	0.5751	1.2612	0.4573	0.2617	1.3887	0.7617	0.0046	1.1629	0.7072	
1.92	0.9411	0.2042	0.3626	0.0238	0.4996	0.8883	0.5231	0.5666	1.2764	0.4671	0.2505	1.4028	0.7749	-0.0088	1.1747	0.7237	
1.94	0.9506	0.2018	0.367	0.0229	0.5052	0.8954	0.5266	0.5567	1.2904	0.4761	0.2388	1.4161	0.7858	-0.0232	1.1866	0.7375	
1.96	0.9593	0.1994	0.3708	0.0224	0.511	0.9018	0.5287	0.5456	1.3029	0.4843	0.2266	1.4284	0.795	-0.0386	1.199	0.7489	
1.98	0.9678	0.197	0.374	0.0223	0.5169	0.9072	0.5295	0.5333	1.3137	0.4917	0.2139	1.4397	0.8034	-0.0545	1.2115	0.7581	
2	0.9765	0.1946	0.3766	0.0223	0.5229	0.9115	0.5289	0.5201	1.3226	0.4984	0.2007	1.4501	0.812	-0.0703	1.2238	0.7658	
2.02	0.9859	0.1924	0.3784	0.0223	0.529	0.9143	0.5266	0.5059	1.3293	0.5046	0.1872	1.4593	0.8212	-0.0853	1.2351	0.7725	
2.04	0.9959	0.1903	0.3797	0.0224	0.5353	0.9156	0.5224	0.4912	1.3339	0.5106	0.1738	1.4673	0.8311	-0.099	1.2453	0.7788	
2.06	1.0063	0.1886	0.3803	0.0224	0.5416	0.9154	0.5164	0.4763	1.3365	0.5165	0.161	1.4741	0.8413	-0.1111	1.2539	0.7851	
2.08	1.0167	0.1871	0.3806	0.0224	0.548	0.9141	0.5089	0.462	1.3374	0.5227	0.1492	1.4794	0.8515	-0.1213	1.261	0.7911	
2.1	1.0266	0.186	0.3806	0.0223	0.5544	0.9119	0.5004	0.4492	1.3375	0.5293	0.1389	1.4833	0.8611	-0.1293	1.2662	0.7968	
2.12	1.0357	0.1851	0.3805	0.0223	0.5605	0.9091	0.4917	0.4388	1.3372	0.5364	0.1302	1.4858	0.8698	-0.1349	1.2697	0.8019	
2.14	1.0437	0.1846	0.3804	0.0223	0.5662	0.9062	0.4832	0.4316	1.3369	0.5442	0.1233	1.487	0.8773	-0.1381	1.2716	0.8062	
2.16	1.0506	0.1843	0.3804	0.0223	0.5713	0.9034	0.4752	0.4275	1.3368	0.5524	0.1181	1.4875	0.8835	-0.1395	1.2723	0.8096	
2.18	1.056	0.1842	0.3804	0.0223	0.5757	0.9008	0.468	0.4268	1.3369	0.5611	0.1147	1.4875	0.8882	-0.1396	1.2723	0.8121	
2.2	1.0599	0.1842	0.3804	0.0223	0.5793	0.8987	0.4619	0.4291	1.337	0.5701	0.1128	1.4873	0.8915	-0.1392	1.2721	0.8137	
2.22	1.0616	0.1842	0.3805	0.0223	0.5825	0.8973	0.4573	0.4344	1.337	0.5799	0.1125	1.4873	0.8928	-0.139	1.272	0.8144	
2.24	1.0632	0.1843	0.3805	0.0223	0.5857	0.8959	0.4527	0.4397	1.337	0.5897	0.1123	1.4872	0.894	-0.1388	1.2719	0.815	
2.26	1.0649	0.1843	0.3805	0.0223	0.589	0.8946	0.4481	0.445	1.337	0.5995	0.112	1.4872	0.8953	-0.1387	1.2718	0.8157	
2.28	1.0666	0.1843	0.3805	0.0223	0.5922	0.8932	0.4434	0.4503	1.337	0.6093	0.1117	1.4872	0.8966	-0.1385	1.2718	0.8164	
