0	0.3152	0.4369	-0.3156	0.2142	0.3424	-0.275	0.1734	0.3562	-0.2983	0.1157	0.3562	-0.3464	0.1439	0.418	-0.2416	0.3081	
0.02	0.3152	0.4369	-0.3156	0.2142	0.3424	-0.275	0.1734	0.3562	-0.2983	0.1157	0.3562	-0.3464	0.1439	0.418	-0.2416	0.3081	
0.04	0.3152	0.4369	-0.3156	0.2142	0.3424	-0.275	0.1734	0.3562	-0.2983	0.1157	0.3562	-0.3464	0.1439	0.418	-0.2416	0.3081	
0.06	0.3152	0.4369	-0.3156	0.2142	0.3424	-0.2751	0.1734	0.3563	-0.2983	0.1157	0.3563	-0.3464	0.1439	0.418	-0.2416	0.3081	
0.08	0.3152	0.4369	-0.3156	0.2142	0.3424	-0.2751	0.1734	0.3563	-0.2983	0.1157	0.3563	-0.3464	0.1439	0.418	-0.2416	0.3081	
0.1	0.3152	0.4369	-0.3156	0.2142	0.3424	-0.275	0.1734	0.3563	-0.2983	0.1157	0.3563	-0.3464	0.1439	0.418	-0.2416	0.3081	
0.12	0.3152	0.4369	-0.3156	0.2142	0.3424	-0.275	0.1734	0.3563	-0.2983	0.1157	0.3563	-0.3464	0.1439	0.418	-0.2416	0.3081	
0.14	0.3152	0.4369	-0.3156	0.2142	0.3424	-0.275	0.1734	0.3563	-0.2983	0.1157	0.3562	-0.3464	0.1439	0.418	-0.2416	0.3081	
0.16	0.3152	0.4369	-0.3156	0.2142	0.3424	-0.275	0.1734	0.3562	-0.2983	0.1157	0.3562	-0.3464	0.1439	0.418	-0.2416	0.3081	
0.18	0.3152	0.4369	-0.3156	0.2142	0.3424	-0.2751	0.1734	0.3562	-0.2983	0.1157	0.3562	-0.3464	0.1439	0.418	-0.2416	0.3081	
0.2	0.3152	0.4369	-0.3156	0.2142	0.3424	-0.2751	0.1734	0.3562	-0.2983	0.1157	0.3562	-0.3464	0.1439	0.418	-0.2416	0.3081	
0.22	0.3152	0.4369	-0.3156	0.2142	0.3424	-0.2751	0.1734	0.3562	-0.2983	0.1157	0.3563	-0.3464	0.1439	0.418	-0.2416	0.3081	
0.24	0.3152	0.4369	-0.3156	0.2142	0.3424	-0.2751	0.1734	0.3563	-0.2983	0.1157	0.3563	-0.3464	0.1439	0.418	-0.2416	0.3081	
0.26	0.3152	0.4369	-0.3156	0.2142	0.3424	-0.275	0.1734	0.3563	-0.2983	0.1157	0.3563	-0.3464	0.1439	0.418	-0.2416	0.3081	
0.28	0.3152	0.4369	-0.3156	0.2142	0.3424	-0.275	0.1734	0.3563	-0.2983	0.1157	0.3563	-0.3464	0.1439	0.418	-0.2416	0.3081	
0.3	0.3152	0.4369	-0.3156	0.2142	0.3424	-0.275	0.1734	0.3562	-0.2983	0.1157	0.3562	-0.3464	0.1439	0.418	-0.2416	0.3081	
0.32	0.3152	0.4369	-0.3156	0.2142	0.3424	-0.275	0.1734	0.3562	-0.2983	0.1157	0.3562	-0.3464	0.1439	0.418	-0.2416	0.3081	
0.34	0.3152	0.4369	-0.3156	0.2142	0.3424	-0.2751	0.1734	0.3562	-0.2983	0.1157	0.3562	-0.3464	0.1439	0.418	-0.2416	0.3081	
0.36	0.3152	0.4369	-0.3156	0.2142	0.3424	-0.2751	0.1734	0.3562	-0.2983	0.1157	0.3562	-0.3464	0.1439	0.418	-0.2416	0.3081	
0.38	0.3152	0.4369	-0.3156	0.2142	0.3424	-0.2751	0.1734	0.3563	-0.2983	0.1157	0.3563	-0.3464	0.1439	0.418	-0.2416	0.3081	
0.4	0.3152	0.4369	-0.3156	0.2142	0.3424	-0.275	0.1734	0.3563	-0.2983	0.1157	0.3563	-0.3464	0.1439	0.418	-0.2416	0.3081	
0.42	0.3152	0.4369	-0.3156	0.2142	0.3424	-0.275	0.1734	0.3563	-0.2983	0.1157	0.3563	-0.3464	0.1439	0.418	-0.2416	0.3081	
0.44	0.3152	0.4369	-0.3156	0.2142	0.3424	-0.275	0.1734	0.3563	-0.2983	0.1157	0.3562	-0.3464	0.1439	0.418	-0.2416	0.3081	
0.46	0.3152	0.4369	-0.3156	0.2142	0.3424	-0.275	0.1734	0.3562	-0.2983	0.1157	0.3562	-0.3464	0.1439	0.418	-0.2416	0.3081	
0.48	0.3152	0.4369	-0.3156	0.2142	0.3424	-0.2751	0.1734	0.3562	-0.2983	0.1157	0.3562	-0.3464	0.1439	0.418	-0.2416	0.3081	
0.5	0.3152	0.4369	-0.3156	0.2142	0.3424	-0.2751	0.1734	0.3562	-0.2983	0.1157	0.3562	-0.3464	0.1439	0.418	-0.2416	0.3081	
0.52	0.3152	0.4369	-0.3156	0.2142	0.3424	-0.2751	0.1734	0.3563	-0.2983	0.1157	0.3563	-0.3464	0.1439	0.418	-0.2416	0.3081	
0.54	0.3152	0.4369	-0.3155	0.2142	0.3424	-0.2751	0.1734	0.3563	-0.2983	0.1157	0.3563	-0.3464	0.1439	0.418	-0.2416	0.3081	
0.56	0.3152	0.4369	-0.3154	0.2142	0.3424	-0.275	0.1734	0.3563	-0.2983	0.1157	0.3563	-0.3464	0.1439	0.418	-0.2416	0.3081	
0.58	0.3152	0.4369	-0.3153	0.2142	0.3424	-0.275	0.1734	0.3563	-0.2983	0.1157	0.3563	-0.3464	0.1439	0.418	-0.2416	0.3081	
0.6	0.3152	0.4369	-0.3151	0.2142	0.3424	-0.275	0.1734	0.3562	-0.2983	0.1157	0.3562	-0.3464	0.1439	0.418	-0.2416	0.3081	
0.62	0.3152	0.4369	-0.3147	0.2142	0.3424	-0.2751	0.1734	0.3562	-0.2983	0.1157	0.3562	-0.3464	0.1439	0.418	-0.2416	0.3081	
0.64	0.3152	0.4369	-0.3143	0.2142	0.3424	-0.2751	0.1734	0.3562	-0.2983	0.1157	0.3562	-0.3464	0.1439	0.418	-0.2416	0.3081	
0.66	0.3152	0.4369	-0.3138	0.2142	0.3424	-0.2751	0.1734	0.3562	-0.2983	0.1157	0.3563	-0.3464	0.1439	0.418	-0.2416	0.3081	
0.68	0.3152	0.4368	-0.3132	0.2142	0.3424	-0.275	0.1734	0.3563	-0.2983	0.1157	0.3563	-0.3464	0.1439	0.418	-0.2416	0.3081	
0.7	0.3152	0.4368	-0.3125	0.2143	0.3424	-0.275	0.1734	0.3563	-0.2983	0.1157	0.3563	-0.3464	0.1439	0.418	-0.2416	0.308	
0.72	0.3152	0.4367	-0.3117	0.2143	0.3424	-0.2749	0.1734	0.3563	-0.2982	0.1157	0.3562	-0.3464	0.1439	0.418	-0.2415	0.308	
0.74	0.3152	0.4366	-0.3108	0.2143	0.3424	-0.2747	0.1734	0.3563	-0.2982	0.1157	0.3562	-0.3463	0.1439	0.418	-0.2415	0.3078	
0.76	0.3152	0.4365	-0.3098	0.2144	0.3424	-0.2744	0.1734	0.3562	-0.2981	0.1157	0.3561	-0.3462	0.1439	0.418	-0.2414	0.3077	
0.78	0.3152	0.4363	-0.3087	0.2145	0.3424	-0.274	0.1734	0.3562	-0.298	0.1157	0.3559	-0.3461	0.1438	0.418	-0.2413	0.3075	
0.8	0.3153	0.4361	-0.3076	0.2146	0.3423	-0.2734	0.1734	0.3563	-0.2978	0.1157	0.3555	-0.3459	0.1437	0.4181	-0.2412	0.3072	
0.82	0.3153	0.4358	-0.3063	0.2147	0.3422	-0.2727	0.1734	0.3563	-0.2976	0.1157	0.3551	-0.3457	0.1435	0.4181	-0.241	0.3069	
0.84	0.3154	0.4355	-0.305	0.2149	0.3421	-0.2718	0.1735	0.3563	-0.2973	0.1157	0.3545	-0.3454	0.1433	0.4181	-0.2407	0.3066	
0.86	0.3155	0.4352	-0.3036	0.2151	0.3419	-0.2707	0.1736	0.3563	-0.2969	0.1157	0.3537	-0.345	0.143	0.4182	-0.2404	0.3062	
0.88	0.3156	0.4348	-0.3021	0.2153	0.3417	-0.2694	0.1737	0.3563	-0.2965	0.1158	0.3527	-0.3446	0.1426	0.4183	-0.24	0.3057	
0.9	0.3158	0.4343	-0.3005	0.2156	0.3415	-0.268	0.1738	0.3564	-0.2959	0.1158	0.3515	-0.3441	0.1421	0.4184	-0.2396	0.3052	
0.92	0.3159	0.4338	-0.2988	0.2159	0.3412	-0.2664	0.174	0.3564	-0.2953	0.1158	0.3502	-0.3436	0.1416	0.4185	-0.2391	0.3047	
0.94	0.3162	0.4332	-0.2971	0.2162	0.3408	-0.2647	0.1742	0.3565	-0.2946	0.1159	0.3487	-0.343	0.1409	0.4187	-0.2385	0.3041	
0.96	0.3164	0.4326	-0.2954	0.2165	0.3403	-0.2629	0.1745	0.3567	-0.2937	0.116	0.347	-0.3423	0.1402	0.419	-0.2378	0.3034	
0.98	0.3168	0.432	-0.2935	0.2169	0.3398	-0.261	0.1748	0.3568	-0.2928	0.1161	0.3452	-0.3415	0.1394	0.4193	-0.237	0.3028	
1	0.3171	0.4313	-0.2916	0.2173	0.3393	-0.2589	0.1751	0.357	-0.2918	0.1162	0.3432	-0.3407	0.1386	0.4197	-0.2362	0.3021	
1.02	0.3175	0.4305	-0.2897	0.2178	0.3386	-0.2568	0.1755	0.3572	-0.2906	0.1164	0.3411	-0.3398	0.1377	0.4201	-0.2352	0.3013	
1.04	0.318	0.4297	-0.2877	0.2182	0.3379	-0.2546	0.1759	0.3575	-0.2893	0.1166	0.3389	-0.3388	0.1367	0.4206	-0.2342	0.3005	
1.06	0.3185	0.4289	-0.2856	0.2187	0.3371	-0.2523	0.1764	0.3578	-0.2879	0.1168	0.3366	-0.3377	0.1356	0.4212	-0.2331	0.2997	
1.08	0.3191	0.428	-0.2835	0.2193	0.3362	-0.2499	0.1769	0.3581	-0.2864	0.117	0.3343	-0.3365	0.1345	0.4218	-0.2318	0.2988	
1.1	0.3197	0.427	-0.2813	0.2199	0.3352	-0.2475	0.1774	0.3585	-0.2847	0.1173	0.3318	-0.3352	0.1333	0.4226	-0.2305	0.298	
1.12	0.3204	0.426	-0.2791	0.2205	0.3341	-0.245	0.1779	0.3589	-0.2829	0.1176	0.3293	-0.3338	0.132	0.4234	-0.229	0.297	
1.14	0.3212	0.425	-0.2769	0.2211	0.3329	-0.2425	0.1785	0.3594	-0.281	0.1179	0.3267	-0.3324	0.1307	0.4243	-0.2274	0.2961	
1.16	0.322	0.4239	-0.2746	0.2218	0.3317	-0.24	0.1792	0.3599	-0.2789	0.1183	0.3241	-0.3308	0.1293	0.4253	-0.2257	0.2951	
1.18	0.3229	0.4228	-0.2723	0.2226	0.3303	-0.2375	0.1798	0.3604	-0.2766	0.1187	0.3214	-0.3291	0.1279	0.4265	-0.2239	0.2941	
1.2	0.3239	0.4216	-0.27	0.2233	0.3288	-0.235	0.1805	0.361	-0.2742	0.1191	0.3188	-0.3273	0.1264	0.4277	-0.222	0.2931	
1.22	0.325	0.4203	-0.2676	0.2241	0.3272	-0.2324	0.1813	0.3617	-0.2716	0.1195	0.3161	-0.3254	0.1248	0.429	-0.2199	0.2921	
1.24	0.3261	0.4191	-0.2652	0.225	0.3255	-0.2299	0.1821	0.3624	-0.2689	0.12	0.3134	-0.3234	0.1232	0.4305	-0.2176	0.291	
1.26	0.3274	0.4177	-0.2628	0.2258	0.3236	-0.2275	0.1829	0.3632	-0.266	0.1206	0.3108	-0.3213	0.1216	0.4321	-0.2153	0.29	
1.28	0.3287	0.4163	-0.2603	0.2268	0.3217	-0.2251	0.1837	0.3641	-0.263	0.1211	0.3082	-0.3191	0.1199	0.4338	-0.2128	0.2889	
1.3	0.3301	0.4149	-0.2577	0.2278	0.3196	-0.2227	0.1846	0.365	-0.2597	0.1217	0.3056	-0.3168	0.1181	0.4356	-0.2102	0.2877	
1.32	0.3316	0.4134	-0.2549	0.2288	0.3174	-0.2204	0.1855	0.3659	-0.2561	0.1224	0.3031	-0.3143	0.1163	0.4376	-0.2075	0.2866	
1.34	0.3331	0.4119	-0.252	0.2298	0.3151	-0.2182	0.1864	0.3669	-0.2524	0.123	0.3007	-0.3117	0.1145	0.4398	-0.2046	0.2855	
1.36	0.3347	0.4103	-0.2489	0.2308	0.3127	-0.216	0.1874	0.368	-0.2485	0.1237	0.2983	-0.3088	0.1126	0.4421	-0.2015	0.2843	
1.38	0.3365	0.4087	-0.2456	0.232	0.31	-0.214	0.1884	0.3692	-0.2445	0.1245	0.2959	-0.3058	0.1107	0.4445	-0.1981	0.2832	
1.4	0.3385	0.407	-0.242	0.2334	0.3072	-0.212	0.1894	0.3704	-0.2405	0.1253	0.2937	-0.3027	0.1087	0.447	-0.1945	0.282	
1.42	0.3406	0.4051	-0.2382	0.2353	0.3042	-0.2102	0.1905	0.3718	-0.2361	0.1261	0.2916	-0.2996	0.1067	0.4496	-0.1909	0.2808	
1.44	0.3429	0.403	-0.2341	0.2379	0.3011	-0.2085	0.1916	0.3731	-0.2309	0.127	0.2897	-0.2959	0.1046	0.4526	-0.1874	0.2797	
1.46	0.3451	0.4006	-0.2299	0.2413	0.298	-0.207	0.1928	0.3746	-0.2235	0.1279	0.288	-0.2906	0.1026	0.4558	-0.1836	0.2785	
1.48	0.3471	0.3978	-0.2254	0.2457	0.295	-0.2055	0.1939	0.3761	-0.2124	0.1288	0.2864	-0.2816	0.1005	0.4593	-0.1786	0.2772	
1.5	0.349	0.3945	-0.2208	0.2512	0.2918	-0.2043	0.1951	0.3777	-0.1952	0.1298	0.2849	-0.266	0.0983	0.463	-0.1704	0.276	
1.52	0.3512	0.3906	-0.216	0.2575	0.2879	-0.2032	0.1963	0.3794	-0.1697	0.1309	0.2833	-0.2408	0.0962	0.4665	-0.1566	0.2747	
1.54	0.3548	0.386	-0.2111	0.2645	0.2828	-0.2023	0.1976	0.3812	-0.1335	0.132	0.2818	-0.2037	0.0939	0.4697	-0.1347	0.2734	
1.56	0.3609	0.3805	-0.2061	0.272	0.2759	-0.2017	0.1989	0.3832	-0.0852	0.1331	0.2809	-0.1537	0.0916	0.473	-0.1025	0.272	
1.58	0.3704	0.374	-0.201	0.2798	0.267	-0.2014	0.2002	0.3852	-0.0252	0.1343	0.2817	-0.0922	0.0891	0.4772	-0.0595	0.2706	
1.6	0.3836	0.3667	-0.196	0.2875	0.2562	-0.2018	0.2015	0.3872	0.0446	0.1355	0.2855	-0.0219	0.0864	0.484	-0.0065	0.2691	
1.62	0.4002	0.3587	-0.191	0.2949	0.2439	-0.2027	0.2029	0.3891	0.1203	0.1368	0.2941	0.0531	0.0835	0.495	0.0542	0.2674	
1.64	0.4196	0.3501	-0.186	0.3019	0.2305	-0.2044	0.2042	0.391	0.1981	0.1381	0.3087	0.1288	0.0803	0.5119	0.1193	0.2656	
1.66	0.4414	0.3413	-0.1811	0.3082	0.2165	-0.2069	0.2057	0.3933	0.2738	0.1395	0.3301	0.2015	0.0769	0.5352	0.1856	0.2637	
1.68	0.4648	0.3324	-0.1763	0.314	0.2023	-0.2102	0.2072	0.3963	0.3444	0.1409	0.3583	0.2677	0.0731	0.565	0.2497	0.2618	
1.7	0.4894	0.3234	-0.1716	0.3192	0.1884	-0.2144	0.209	0.4007	0.4072	0.1423	0.3923	0.3249	0.0691	0.6009	0.3086	0.2599	
1.72	0.5143	0.3145	-0.167	0.3239	0.1759	-0.2195	0.2111	0.4068	0.4604	0.1438	0.4308	0.3709	0.0649	0.6417	0.3599	0.2579	
1.74	0.5385	0.3056	-0.1623	0.3282	0.1654	-0.2253	0.2135	0.4146	0.5029	0.1454	0.4721	0.4052	0.0605	0.6868	0.4017	0.2556	
1.76	0.5615	0.2968	-0.1569	0.3323	0.1576	-0.2317	0.2163	0.4243	0.5348	0.1471	0.5149	0.4288	0.056	0.7355	0.4338	0.253	
1.78	0.5837	0.2885	-0.15	0.336	0.1526	-0.2385	0.2195	0.436	0.5582	0.149	0.5589	0.4443	0.0513	0.7878	0.4571	0.2499	
1.8	0.6065	0.2808	-0.1408	0.3394	0.1503	-0.2456	0.2228	0.4505	0.5765	0.1514	0.6045	0.4551	0.0466	0.8447	0.4736	0.2467	
1.82	0.6322	0.2738	-0.1284	0.3423	0.1504	-0.2529	0.2263	0.4683	0.5934	0.1545	0.6526	0.4654	0.0419	0.9072	0.4853	0.2438	
1.84	0.6626	0.2678	-0.1127	0.3444	0.1527	-0.2601	0.2297	0.4892	0.6126	0.1589	0.7043	0.4788	0.0371	0.9764	0.4947	0.2416	
1.86	0.699	0.2626	-0.0936	0.3453	0.157	-0.2674	0.2327	0.5121	0.6365	0.1651	0.7598	0.4984	0.0323	1.052	0.5039	0.2396	
1.88	0.741	0.2584	-0.0718	0.3448	0.1634	-0.2747	0.2352	0.5347	0.6666	0.1742	0.8184	0.5264	0.0274	1.1325	0.5148	0.2361	
1.9	0.7873	0.2551	-0.0478	0.3426	0.1718	-0.2821	0.2369	0.5545	0.7029	0.1867	0.8787	0.5636	0.0224	1.2153	0.5299	0.2281	
1.92	0.8357	0.2528	-0.0228	0.339	0.1821	-0.2895	0.2377	0.5695	0.7451	0.2031	0.939	0.6094	0.0172	1.2972	0.5509	0.2124	
1.94	0.884	0.2514	0.002	0.3345	0.1938	-0.2969	0.2376	0.5788	0.7917	0.2233	0.9972	0.6621	0.0121	1.3751	0.5788	0.1866	
1.96	0.9303	0.2509	0.0249	0.3299	0.2062	-0.304	0.2364	0.5826	0.8409	0.2467	1.0511	0.7191	0.0071	1.4458	0.6133	0.1506	
1.98	0.9731	0.2508	0.0445	0.3264	0.2184	-0.3107	0.2341	0.5817	0.8902	0.2721	1.0982	0.7781	0.0023	1.5066	0.6532	0.1063	
2	1.0108	0.251	0.0593	0.3251	0.2299	-0.3168	0.2305	0.5766	0.9376	0.2983	1.1365	0.8365	-0.0019	1.555	0.6972	0.0561	
2.02	1.0423	0.2511	0.0688	0.3266	0.2401	-0.322	0.2258	0.568	0.9809	0.3241	1.1645	0.8921	-0.0056	1.5897	0.7435	0.0027	
2.04	1.0668	0.2512	0.0729	0.3312	0.2487	-0.3264	0.2199	0.557	1.0185	0.3481	1.1823	0.9426	-0.0087	1.6113	0.7905	-0.0514	
2.06	1.0846	0.2511	0.0724	0.3386	0.2557	-0.3299	0.2132	0.5449	1.0493	0.3694	1.1917	0.986	-0.0111	1.6221	0.8363	-0.1039	
2.08	1.0966	0.2511	0.0685	0.3481	0.261	-0.3324	0.2062	0.5338	1.0727	0.387	1.1951	1.0212	-0.0128	1.6256	0.8784	-0.1519	
2.1	1.1044	0.251	0.0625	0.3591	0.2645	-0.3341	0.1993	0.5254	1.0893	0.4005	1.1953	1.0484	-0.014	1.6254	0.9147	-0.1923	
2.12	1.1097	0.251	0.0555	0.3706	0.2665	-0.335	0.1929	0.5204	1.1005	0.4099	1.1946	1.0689	-0.0146	1.6243	0.9441	-0.2231	
2.14	1.1135	0.251	0.0485	0.3817	0.2673	-0.3353	0.1871	0.5184	1.108	0.4158	1.194	1.085	-0.0148	1.6237	0.9669	-0.2442	
2.16	1.116	0.2511	0.0422	0.3913	0.2674	-0.3353	0.1822	0.5185	1.1138	0.419	1.194	1.0983	-0.0148	1.6237	0.9846	-0.2571	
2.18	1.1171	0.2511	0.0369	0.3989	0.2672	-0.3352	0.1783	0.5193	1.1193	0.4205	1.1943	1.11	-0.0148	1.6242	0.9991	-0.2647	
2.2	1.1165	0.2511	0.0331	0.4039	0.267	-0.3351	0.1755	0.5199	1.1252	0.4211	1.1946	1.1203	-0.0147	1.6245	1.0123	-0.2697	
2.22	1.1142	0.2511	0.0308	0.4066	0.2669	-0.3351	0.1738	0.5201	1.1318	0.4212	1.1947	1.1288	-0.0147	1.6247	1.0253	-0.2738	
2.24	1.1102	0.2511	0.0298	0.4074	0.2669	-0.3351	0.1731	0.5199	1.139	0.4212	1.1946	1.1352	-0.0147	1.6246	1.0384	-0.2778	
2.26	1.1052	0.2511	0.0296	0.4073	0.267	-0.3352	0.1731	0.5196	1.1468	0.4212	1.1945	1.1393	-0.0147	1.6244	1.0516	-0.2815	
2.28	1.0995	0.2511	0.0299	0.407	0.2671	-0.3352	0.1732	0.5195	1.1551	0.4212	1.1945	1.1413	-0.0147	1.6243	1.0649	-0.2845	
2.3	1.0938	0.2511	0.0301	0.4067	0.2671	-0.3352	0.1734	0.5195	1.164	0.4212	1.1944	1.142	-0.0147	1.6243	1.078	-0.2866	
2.32	1.0884	0.2511	0.0302	0.4067	0.2671	-0.3352	0.1735	0.5195	1.1732	0.4213	1.1944	1.1418	-0.0147	1.6243	1.0906	-0.2876	
2.34	1.0835	0.2511	0.0302	0.4068	0.267	-0.3352	0.1735	0.5196	1.1824	0.4213	1.1945	1.1415	-0.0147	1.6244	1.1023	-0.2879	
2.36	1.0793	0.2511	0.0301	0.4069	0.267	-0.3352	0.1734	0.5196	1.1912	0.4212	1.1945	1.1414	-0.0147	1.6244	1.1128	-0.2878	
2.38	1.0761	0.2511	0.03	0.407	0.267	-0.3352	0.1733	0.5196	1.1992	0.4212	1.1945	1.1414	-0.0147	1.6244	1.1219	-0.2876	
2.4	1.0738	0.2511	0.03	0.407	0.267	-0.3352	0.1733	0.5196	1.2063	0.4212	1.1945	1.1415	-0.0147	1.6244	1.1295	-0.2875	
2.42	1.0725	0.2511	0.03	0.4069	0.267	-0.3352	0.1734	0.5196	1.2122	0.4212	1.1945	1.1416	-0.0147	1.6244	1.1354	-0.2875	
2.44	1.072	0.2511	0.0301	0.4069	0.267	-0.3352	0.1734	0.5196	1.2168	0.4212	1.1945	1.1416	-0.0147	1.6244	1.1398	-0.2876	
2.46	1.0721	0.2511	0.0301	0.4069	0.267	-0.3352	0.1734	0.5196	1.2204	0.4212	1.1945	1.1416	-0.0147	1.6244	1.1423	-0.2876	
2.48	1.0722	0.2511	0.0301	0.4069	0.267	-0.3352	0.1734	0.5196	1.224	0.4212	1.1945	1.1415	-0.0147	1.6244	1.1448	-0.2876	
2.5	1.0723	0.2511	0.0301	0.4069	0.267	-0.3352	0.1734	0.5196	1.2276	0.4212	1.1945	1.1415	-0.0147	1.6244	1.1473	-0.2877	
2.52	1.0725	0.2511	0.0301	0.4069	0.267	-0.3352	0.1734	0.5196	1.2312	0.4212	1.1945	1.1414	-0.0147	1.6244	1.1499	-0.2877	
