0	0.4175	0.3957	0.3585	0.1156	0.1171	-0.0428	0.0806	0.0308	0.0044	-0.0168	0.0722	0.0036	0.0156	0.0458	-0.0476	0.0004	
0.02	0.4462	0.3655	0.3476	0.1206	0.1308	-0.0333	0.0813	0.0462	0.0126	-0.0162	0.0625	0.0255	0.0163	0.049	-0.0317	-0.0024	
0.04	0.4749	0.3354	0.3367	0.1255	0.1445	-0.0239	0.082	0.0617	0.0207	-0.0156	0.0527	0.0473	0.017	0.0522	-0.0158	-0.0052	
0.06	0.5036	0.3053	0.3258	0.1305	0.1583	-0.0145	0.0826	0.0772	0.0289	-0.0149	0.043	0.0692	0.0177	0.0555	0	-0.0081	
0.08	0.5323	0.2751	0.3149	0.1354	0.172	-0.005	0.0833	0.0927	0.037	-0.0143	0.0333	0.0911	0.0183	0.0587	0.0159	-0.0109	
0.1	0.5611	0.244	0.303	0.1404	0.1848	0.0038	0.0846	0.1086	0.0487	-0.0125	0.0265	0.1163	0.0203	0.0634	0.0347	-0.0123	
0.12	0.5941	0.2157	0.2906	0.146	0.1958	0.0134	0.0865	0.1227	0.0649	-0.0096	0.0252	0.147	0.0234	0.0701	0.0591	-0.0109	
0.14	0.6308	0.19	0.278	0.152	0.205	0.0236	0.089	0.1355	0.0859	-0.0054	0.0288	0.1837	0.0279	0.0794	0.0896	-0.0064	
0.16	0.6698	0.166	0.2655	0.1581	0.2127	0.0343	0.0922	0.1473	0.112	0.0004	0.0365	0.2259	0.0342	0.0917	0.1264	0.0014	
0.18	0.7094	0.1433	0.2538	0.164	0.2193	0.0453	0.0962	0.1588	0.1429	0.0078	0.0472	0.2728	0.0424	0.1073	0.1695	0.0128	
0.2	0.748	0.1221	0.2432	0.1694	0.225	0.0565	0.1009	0.1701	0.178	0.017	0.0596	0.3234	0.0527	0.1263	0.2185	0.0276	
0.22	0.7849	0.1028	0.2338	0.1741	0.2303	0.0681	0.1065	0.1813	0.2161	0.0282	0.0728	0.3767	0.0654	0.1481	0.2732	0.0454	
0.24	0.8198	0.0857	0.226	0.1781	0.2355	0.0806	0.1128	0.1923	0.2559	0.0413	0.0858	0.4317	0.0803	0.1722	0.3329	0.0657	
0.26	0.8525	0.0712	0.2197	0.1815	0.2408	0.0944	0.12	0.2028	0.2961	0.056	0.0981	0.487	0.097	0.1976	0.3961	0.0878	
0.28	0.8827	0.0588	0.2153	0.1845	0.2463	0.1102	0.128	0.2127	0.336	0.0722	0.1095	0.5412	0.1151	0.2235	0.461	0.111	
0.3	0.91	0.0482	0.2127	0.1873	0.2524	0.1287	0.137	0.2218	0.375	0.0893	0.1197	0.5929	0.134	0.2491	0.5253	0.1348	
0.32	0.9341	0.0391	0.2116	0.1902	0.259	0.1505	0.147	0.2302	0.413	0.107	0.129	0.641	0.1534	0.2733	0.5873	0.1588	
0.34	0.9556	0.0311	0.2115	0.1932	0.2664	0.1761	0.1585	0.2384	0.4497	0.125	0.1376	0.6852	0.173	0.2956	0.6454	0.1826	
0.36	0.9753	0.024	0.2117	0.1967	0.2748	0.2054	0.1717	0.2467	0.4844	0.1429	0.1458	0.7257	0.193	0.3153	0.699	0.2059	
0.38	0.9944	0.0177	0.212	0.2006	0.2839	0.238	0.1868	0.2555	0.5169	0.1605	0.1538	0.7633	0.2132	0.3323	0.7475	0.2286	
0.4	1.0138	0.0122	0.2121	0.2051	0.2937	0.2726	0.2036	0.265	0.547	0.1773	0.1619	0.7985	0.2336	0.3466	0.7906	0.2504	
0.42	1.0341	0.0073	0.2121	0.21	0.3037	0.3081	0.2218	0.2753	0.5747	0.1932	0.1702	0.8315	0.2537	0.3589	0.8279	0.2714	
0.44	1.0552	0.0029	0.212	0.2155	0.3134	0.3433	0.2408	0.2859	0.6004	0.2079	0.1788	0.8621	0.273	0.3696	0.8593	0.2914	
0.46	1.0761	-0.0012	0.2119	0.2216	0.3224	0.3775	0.2599	0.2964	0.624	0.2216	0.1879	0.8894	0.2909	0.3796	0.8851	0.3105	
0.48	1.0961	-0.0051	0.2119	0.2287	0.3304	0.4101	0.2787	0.3064	0.6454	0.2345	0.1975	0.913	0.3072	0.3895	0.9057	0.3285	
0.5	1.1144	-0.0089	0.2119	0.2369	0.3371	0.4407	0.2967	0.3153	0.6646	0.2468	0.2077	0.9326	0.3215	0.3998	0.9221	0.3453	
0.52	1.1303	-0.0127	0.2119	0.2462	0.3425	0.469	0.3137	0.323	0.6817	0.259	0.2184	0.9482	0.3336	0.4106	0.935	0.3608	
0.54	1.1437	-0.0167	0.212	0.2565	0.3464	0.4946	0.3294	0.3291	0.6972	0.2713	0.2294	0.9603	0.3434	0.4219	0.9446	0.3746	
0.56	1.1546	-0.0209	0.212	0.2673	0.349	0.5173	0.3438	0.3338	0.7119	0.284	0.2402	0.9691	0.3507	0.4331	0.9513	0.3867	
0.58	1.1628	-0.0255	0.212	0.2779	0.3505	0.5371	0.3567	0.3368	0.7265	0.2975	0.2504	0.9749	0.3556	0.4439	0.9551	0.397	
0.6	1.1684	-0.0304	0.2119	0.288	0.351	0.5544	0.3683	0.3386	0.7414	0.3116	0.2596	0.9783	0.3584	0.4539	0.9568	0.4059	
0.62	1.1706	-0.0356	0.2119	0.2995	0.3509	0.5728	0.3789	0.3388	0.7569	0.3263	0.2693	0.979	0.3587	0.4646	0.9564	0.4137	
0.64	1.1729	-0.0407	0.2119	0.311	0.3507	0.5911	0.3894	0.339	0.7724	0.3409	0.279	0.9796	0.3591	0.4754	0.9561	0.4216	
0.66	1.1751	-0.0459	0.2119	0.3224	0.3506	0.6095	0.4	0.3393	0.7879	0.3556	0.2888	0.9802	0.3594	0.4861	0.9557	0.4295	
0.68	1.1774	-0.051	0.2119	0.3339	0.3504	0.6278	0.4105	0.3395	0.8034	0.3702	0.2985	0.9808	0.3598	0.4969	0.9554	0.4373	
