0	0.3857	0.4545	0.2344	-0.091	0.1105	0.205	0.0346	0.2066	0.0519	-0.0173	0.1564	0.0793	0.0338	0.194	0.0623	0.0333	
0.02	0.3852	0.4545	0.2344	-0.091	0.1097	0.1961	0.0346	0.2037	0.0519	-0.0173	0.1564	0.0788	0.0338	0.194	0.0583	0.0333	
0.04	0.3848	0.4545	0.2344	-0.091	0.109	0.1872	0.0346	0.2008	0.0519	-0.0173	0.1564	0.0784	0.0338	0.194	0.0542	0.0333	
0.06	0.3843	0.4545	0.2344	-0.091	0.1082	0.1782	0.0346	0.1979	0.0519	-0.0172	0.1564	0.078	0.0338	0.194	0.0501	0.0333	
0.08	0.3838	0.4545	0.2344	-0.091	0.1075	0.1693	0.0346	0.195	0.0519	-0.0172	0.1564	0.0776	0.0338	0.194	0.0461	0.0333	
0.1	0.3833	0.4545	0.2344	-0.091	0.1066	0.161	0.0346	0.1922	0.0519	-0.0172	0.1564	0.077	0.0338	0.194	0.0421	0.0333	
0.12	0.3826	0.4545	0.2344	-0.091	0.1056	0.154	0.0346	0.1894	0.0519	-0.0172	0.1564	0.0763	0.0338	0.194	0.0381	0.0333	
0.14	0.3818	0.4545	0.2344	-0.091	0.1043	0.1482	0.0346	0.1867	0.0519	-0.0173	0.1564	0.0753	0.0338	0.194	0.0343	0.0333	
0.16	0.3808	0.4545	0.2344	-0.091	0.1028	0.1434	0.0346	0.1841	0.0519	-0.0173	0.1564	0.0741	0.0338	0.194	0.0306	0.0333	
0.18	0.3798	0.4545	0.2344	-0.091	0.1012	0.1393	0.0346	0.1816	0.0519	-0.0173	0.1564	0.0726	0.0338	0.194	0.0271	0.0333	
0.2	0.3786	0.4545	0.2344	-0.091	0.0993	0.1357	0.0346	0.1792	0.0519	-0.0172	0.1564	0.071	0.0338	0.194	0.0236	0.0333	
0.22	0.3774	0.4545	0.2344	-0.091	0.0974	0.1324	0.0346	0.1768	0.0519	-0.0172	0.1564	0.0691	0.0338	0.194	0.0202	0.0333	
0.24	0.3761	0.4545	0.2344	-0.091	0.0952	0.1293	0.0346	0.1745	0.0519	-0.0172	0.1564	0.0671	0.0338	0.194	0.0169	0.0333	
0.26	0.3747	0.4545	0.2344	-0.091	0.093	0.1261	0.0346	0.1723	0.0519	-0.0172	0.1564	0.0649	0.0338	0.194	0.0137	0.0333	
0.28	0.3732	0.4545	0.2344	-0.091	0.0906	0.1231	0.0346	0.1702	0.0519	-0.0173	0.1564	0.0625	0.0338	0.194	0.0106	0.0333	
0.3	0.3717	0.4545	0.2344	-0.091	0.0882	0.1201	0.0346	0.1682	0.0519	-0.0173	0.1564	0.06	0.0338	0.194	0.0077	0.0333	
0.32	0.3701	0.4545	0.2344	-0.091	0.0856	0.1173	0.0346	0.1662	0.0519	-0.0173	0.1564	0.0574	0.0338	0.194	0.0048	0.0333	
0.34	0.3685	0.4545	0.2344	-0.091	0.083	0.1146	0.0346	0.1643	0.0519	-0.0173	0.1564	0.0546	0.0338	0.194	0.002	0.0333	
0.36	0.3668	0.4545	0.2344	-0.091	0.0803	0.112	0.0346	0.1625	0.0519	-0.0172	0.1564	0.0518	0.0338	0.194	-0.0006	0.0333	
0.38	0.3652	0.4545	0.2344	-0.091	0.0776	0.1095	0.0346	0.1608	0.0519	-0.0172	0.1564	0.0489	0.0338	0.194	-0.0032	0.0334	
0.4	0.3635	0.4545	0.2344	-0.091	0.0748	0.1072	0.0346	0.1591	0.0519	-0.0172	0.1564	0.046	0.0338	0.194	-0.0057	0.0334	
0.42	0.3618	0.4545	0.2344	-0.091	0.072	0.1049	0.0346	0.1576	0.0519	-0.0172	0.1564	0.043	0.0338	0.194	-0.008	0.0335	
0.44	0.3602	0.4545	0.2344	-0.091	0.0692	0.1027	0.0346	0.1561	0.0519	-0.0173	0.1564	0.04	0.0338	0.194	-0.0103	0.0337	
0.46	0.3585	0.4545	0.2344	-0.091	0.0664	0.1006	0.0346	0.1547	0.0519	-0.0173	0.1564	0.0369	0.0338	0.194	-0.0125	0.0339	
0.48	0.3569	0.4545	0.2344	-0.091	0.0637	0.0986	0.0346	0.1534	0.0519	-0.0173	0.1564	0.0339	0.0338	0.194	-0.0145	0.0342	
0.5	0.3553	0.4545	0.2344	-0.091	0.0609	0.0968	0.0346	0.1521	0.0519	-0.0172	0.1564	0.0309	0.0338	0.194	-0.0165	0.0345	
0.52	0.3538	0.4545	0.2344	-0.091	0.0583	0.095	0.0346	0.151	0.0519	-0.0172	0.1564	0.028	0.0338	0.194	-0.0183	0.035	
0.54	0.3523	0.4545	0.2344	-0.091	0.0556	0.0933	0.0346	0.1499	0.0519	-0.0172	0.1564	0.0251	0.0338	0.194	-0.0201	0.0355	
0.56	0.3509	0.4545	0.2344	-0.091	0.0531	0.0918	0.0346	0.1489	0.0519	-0.0172	0.1564	0.0222	0.0338	0.194	-0.0218	0.0361	
0.58	0.3496	0.4545	0.2344	-0.091	0.0506	0.0903	0.0346	0.148	0.0519	-0.0173	0.1564	0.0195	0.0338	0.194	-0.0234	0.0368	
0.6	0.3484	0.4545	0.2344	-0.091	0.0483	0.0889	0.0346	0.1471	0.0519	-0.0173	0.1564	0.0169	0.0338	0.194	-0.0248	0.0376	
0.62	0.3472	0.4545	0.2344	-0.091	0.046	0.0876	0.0346	0.1464	0.0519	-0.0173	0.1564	0.0144	0.0338	0.194	-0.0262	0.0384	
0.64	0.3462	0.4545	0.2344	-0.091	0.0439	0.0864	0.0346	0.1457	0.0519	-0.0173	0.1564	0.012	0.0338	0.194	-0.0275	0.0393	
0.66	0.3452	0.4545	0.2344	-0.091	0.0419	0.0854	0.0346	0.1451	0.0519	-0.0172	0.1564	0.0098	0.0338	0.194	-0.0287	0.0402	
0.68	0.3444	0.4545	0.2344	-0.091	0.0401	0.0843	0.0346	0.1446	0.0519	-0.0172	0.1564	0.0077	0.0338	0.194	-0.0297	0.0412	
0.7	0.3437	0.4545	0.2344	-0.091	0.0384	0.0834	0.0346	0.1441	0.0519	-0.0172	0.1564	0.0059	0.0338	0.194	-0.0307	0.0422	
0.72	0.3432	0.4545	0.2344	-0.0909	0.037	0.0826	0.0346	0.1438	0.0519	-0.0173	0.1564	0.0042	0.0338	0.194	-0.0316	0.0433	
0.74	0.3428	0.4545	0.2344	-0.0909	0.0357	0.0819	0.0346	0.1435	0.0519	-0.0173	0.1564	0.0028	0.0338	0.194	-0.0324	0.0444	
0.76	0.3425	0.4544	0.2344	-0.0909	0.0346	0.0813	0.0346	0.1433	0.0519	-0.0173	0.1564	0.0016	0.0338	0.1941	-0.0331	0.0455	
0.78	0.3423	0.4544	0.2344	-0.0908	0.0338	0.0807	0.0346	0.1431	0.0519	-0.0172	0.1564	0.0006	0.0338	0.1941	-0.0337	0.0467	
0.8	0.3421	0.4543	0.2345	-0.0907	0.0331	0.0802	0.0346	0.143	0.0519	-0.0172	0.1564	-0.0001	0.0338	0.1941	-0.0343	0.0478	
0.82	0.3421	0.4543	0.2345	-0.0905	0.0326	0.0799	0.0346	0.143	0.0519	-0.0172	0.1564	-0.0007	0.0338	0.1942	-0.0347	0.049	
0.84	0.3421	0.4542	0.2346	-0.0903	0.0323	0.0796	0.0346	0.143	0.052	-0.0172	0.1564	-0.001	0.0338	0.1943	-0.035	0.0502	
0.86	0.3422	0.4541	0.2347	-0.0901	0.0322	0.0793	0.0346	0.1431	0.0521	-0.0171	0.1564	-0.0013	0.0339	0.1945	-0.0352	0.0514	
0.88	0.3423	0.4539	0.2349	-0.0898	0.0321	0.0792	0.0347	0.1432	0.0522	-0.017	0.1564	-0.0013	0.0339	0.1947	-0.0354	0.0525	
0.9	0.3425	0.4538	0.2351	-0.0895	0.0322	0.0791	0.0348	0.1433	0.0523	-0.0169	0.1563	-0.0013	0.034	0.195	-0.0355	0.0537	
0.92	0.3427	0.4536	0.2353	-0.0891	0.0324	0.0791	0.0349	0.1435	0.0525	-0.0168	0.1563	-0.0011	0.0341	0.1954	-0.0354	0.0548	
0.94	0.3429	0.4534	0.2356	-0.0887	0.0326	0.0792	0.035	0.1438	0.0527	-0.0166	0.1562	-0.0009	0.0342	0.1958	-0.0353	0.0559	
0.96	0.3431	0.4532	0.2359	-0.0882	0.0329	0.0794	0.0352	0.144	0.053	-0.0163	0.1561	-0.0006	0.0344	0.1963	-0.0351	0.057	
0.98	0.3434	0.4529	0.2363	-0.0877	0.0333	0.0796	0.0354	0.1444	0.0533	-0.016	0.1559	-0.0003	0.0346	0.1969	-0.0349	0.058	
1	0.3438	0.4526	0.2367	-0.0871	0.0338	0.0799	0.0356	0.1448	0.0537	-0.0157	0.1557	0.0001	0.0348	0.1976	-0.0345	0.059	
1.02	0.3442	0.4523	0.2372	-0.0864	0.0343	0.0803	0.0359	0.1453	0.0541	-0.0153	0.1554	0.0007	0.0351	0.1984	-0.0341	0.0599	
1.04	0.3446	0.4519	0.2378	-0.0857	0.035	0.0807	0.0363	0.1458	0.0546	-0.0148	0.1551	0.0013	0.0354	0.1993	-0.0336	0.0608	
1.06	0.3451	0.4515	0.2384	-0.0848	0.0357	0.0812	0.0367	0.1464	0.0552	-0.0144	0.1547	0.002	0.0358	0.2002	-0.033	0.0616	
1.08	0.3456	0.4511	0.2391	-0.084	0.0366	0.0819	0.0371	0.1471	0.0559	-0.0138	0.1543	0.0028	0.0362	0.2013	-0.0323	0.0624	
1.1	0.3462	0.4506	0.2399	-0.083	0.0376	0.0826	0.0376	0.1479	0.0566	-0.0132	0.1538	0.0037	0.0366	0.2025	-0.0315	0.0631	
1.12	0.3469	0.4501	0.2407	-0.082	0.0387	0.0834	0.0381	0.1487	0.0575	-0.0125	0.1532	0.0048	0.0371	0.2038	-0.0307	0.0637	
1.14	0.3476	0.4495	0.2417	-0.0809	0.0399	0.0843	0.0387	0.1497	0.0584	-0.0118	0.1526	0.0059	0.0377	0.2051	-0.0297	0.0642	
1.16	0.3484	0.4489	0.2427	-0.0797	0.0413	0.0853	0.0393	0.1507	0.0594	-0.0111	0.1519	0.0072	0.0383	0.2067	-0.0287	0.0647	
1.18	0.3493	0.4483	0.2438	-0.0785	0.0428	0.0865	0.04	0.1519	0.0606	-0.0102	0.1511	0.0087	0.0389	0.2083	-0.0275	0.065	
1.2	0.3502	0.4476	0.245	-0.0771	0.0444	0.0877	0.0407	0.1531	0.0618	-0.0093	0.1503	0.0103	0.0396	0.21	-0.0262	0.0653	
1.22	0.3512	0.4468	0.2462	-0.0757	0.0462	0.0891	0.0415	0.1545	0.0631	-0.0084	0.1494	0.0121	0.0404	0.2119	-0.0249	0.0654	
1.24	0.3523	0.446	0.2476	-0.0742	0.0482	0.0906	0.0423	0.156	0.0646	-0.0074	0.1484	0.0141	0.0412	0.2139	-0.0234	0.0654	
1.26	0.3534	0.4451	0.2491	-0.0726	0.0504	0.0923	0.0432	0.1576	0.0662	-0.0063	0.1474	0.0162	0.042	0.2161	-0.0218	0.0652	
1.28	0.3546	0.4442	0.2507	-0.0709	0.0527	0.094	0.0441	0.1593	0.0679	-0.0051	0.1463	0.0184	0.043	0.2184	-0.0201	0.0649	
1.3	0.3559	0.4432	0.2525	-0.0691	0.0552	0.096	0.0451	0.1612	0.0697	-0.0039	0.145	0.0208	0.044	0.2208	-0.0183	0.0645	
1.32	0.3574	0.4421	0.2543	-0.0672	0.0579	0.098	0.0462	0.1631	0.0717	-0.0027	0.1438	0.0234	0.045	0.2234	-0.0164	0.0639	
1.34	0.3591	0.4411	0.2561	-0.0651	0.0607	0.1002	0.0473	0.1652	0.0737	-0.0013	0.1424	0.0263	0.0461	0.2261	-0.0143	0.0631	
1.36	0.3608	0.4401	0.2581	-0.063	0.0638	0.1026	0.0485	0.1675	0.0759	0.0001	0.1409	0.0296	0.0473	0.2289	-0.0122	0.0623	
1.38	0.3624	0.4389	0.2602	-0.0608	0.0672	0.1051	0.0497	0.1701	0.0784	0.0016	0.1394	0.0332	0.0485	0.2319	-0.0099	0.0613	
1.4	0.3638	0.4371	0.2626	-0.0586	0.0709	0.1077	0.051	0.1728	0.0811	0.0031	0.1377	0.0368	0.0498	0.235	-0.0075	0.0602	
1.42	0.3653	0.4345	0.2652	-0.0564	0.0748	0.1107	0.0524	0.1756	0.084	0.0048	0.136	0.0403	0.0511	0.2385	-0.0049	0.0589	
1.44	0.3675	0.4303	0.268	-0.054	0.0788	0.1138	0.0538	0.1782	0.087	0.0065	0.1342	0.0436	0.0526	0.2421	-0.0023	0.0577	
1.46	0.3714	0.4242	0.2707	-0.051	0.0827	0.1172	0.0553	0.1808	0.0897	0.0083	0.1323	0.0471	0.0541	0.246	0.0005	0.0563	
1.48	0.3784	0.4157	0.2731	-0.047	0.0867	0.1206	0.0569	0.1836	0.0922	0.0101	0.1303	0.052	0.0556	0.2497	0.0035	0.0549	
1.5	0.3897	0.4044	0.2753	-0.0416	0.0911	0.1239	0.0585	0.1874	0.0951	0.012	0.1282	0.0598	0.0573	0.2534	0.0066	0.0534	
1.52	0.4061	0.3902	0.278	-0.0343	0.0967	0.1273	0.0602	0.193	0.0992	0.014	0.1259	0.0725	0.059	0.2572	0.0098	0.0519	
1.54	0.4283	0.3735	0.2824	-0.0253	0.1042	0.1311	0.0619	0.2011	0.1057	0.0161	0.1236	0.0913	0.0608	0.2614	0.0132	0.0504	
1.56	0.4566	0.3546	0.2899	-0.0145	0.1142	0.1362	0.0637	0.212	0.1155	0.0183	0.1212	0.1173	0.0626	0.2669	0.0167	0.0488	
1.58	0.4909	0.334	0.3015	-0.0021	0.1265	0.1432	0.0656	0.2254	0.1291	0.0206	0.1187	0.1507	0.0645	0.2744	0.0203	0.0473	
1.6	0.5306	0.3123	0.3172	0.0116	0.1409	0.1529	0.0676	0.241	0.1463	0.0229	0.1161	0.1915	0.0666	0.284	0.0241	0.0458	
1.62	0.5746	0.2902	0.3364	0.0263	0.1568	0.1655	0.0697	0.2582	0.1665	0.0253	0.1134	0.2388	0.0687	0.2956	0.028	0.0443	
1.64	0.6207	0.2685	0.3579	0.0414	0.1735	0.1809	0.0718	0.2766	0.1893	0.0277	0.1105	0.291	0.0709	0.3083	0.0321	0.0429	
1.66	0.6667	0.2481	0.3805	0.0564	0.1906	0.1989	0.074	0.2955	0.2144	0.0302	0.1074	0.3456	0.0732	0.3214	0.0364	0.0415	
1.68	0.7109	0.2293	0.4033	0.0709	0.2073	0.219	0.0762	0.3137	0.2413	0.033	0.1042	0.4001	0.0755	0.3342	0.0409	0.0403	
1.7	0.752	0.2125	0.4254	0.0845	0.2228	0.2405	0.0784	0.33	0.2689	0.0363	0.101	0.4521	0.0778	0.3464	0.0455	0.039	
1.72	0.7898	0.1977	0.4455	0.097	0.236	0.2628	0.0809	0.3432	0.296	0.0404	0.0978	0.5	0.0801	0.3573	0.0502	0.0379	
1.74	0.8245	0.1845	0.4625	0.1083	0.2461	0.2852	0.0839	0.3526	0.3214	0.0457	0.0947	0.5428	0.0828	0.3665	0.0549	0.037	
1.76	0.8563	0.1728	0.4753	0.1184	0.2527	0.3074	0.0877	0.3578	0.3445	0.0523	0.0913	0.5806	0.0863	0.3734	0.0598	0.0361	
1.78	0.8854	0.1624	0.4839	0.1276	0.2561	0.3296	0.0925	0.3592	0.3655	0.0604	0.0871	0.6138	0.0909	0.3776	0.0653	0.0353	
1.8	0.912	0.1531	0.4888	0.1362	0.2568	0.3525	0.0985	0.3571	0.386	0.0699	0.0816	0.6437	0.097	0.3795	0.0719	0.0347	
1.82	0.9367	0.1447	0.4914	0.1451	0.2553	0.3771	0.1059	0.3518	0.4077	0.081	0.0743	0.672	0.1047	0.3797	0.0804	0.0344	
1.84	0.9597	0.1372	0.4928	0.1552	0.2519	0.4043	0.1147	0.3433	0.4324	0.0935	0.065	0.7004	0.114	0.3792	0.0913	0.0344	
1.86	0.9814	0.1302	0.494	0.1671	0.2471	0.4345	0.1251	0.332	0.4608	0.1071	0.0539	0.7302	0.1249	0.3787	0.1052	0.0347	
1.88	1.0018	0.1237	0.4952	0.1813	0.2409	0.4672	0.1368	0.3182	0.493	0.1214	0.0413	0.7617	0.1374	0.3785	0.1221	0.0355	
1.9	1.0207	0.1177	0.4963	0.1977	0.2337	0.5018	0.1498	0.3024	0.5283	0.1361	0.0277	0.7947	0.1514	0.3786	0.1422	0.0368	
1.92	1.0376	0.1122	0.497	0.2162	0.226	0.5379	0.1638	0.2852	0.5659	0.1507	0.0134	0.8282	0.1667	0.3788	0.165	0.0384	
1.94	1.0523	0.1073	0.4972	0.2365	0.2181	0.575	0.1782	0.2675	0.6054	0.1647	-0.0012	0.8614	0.1827	0.3789	0.1901	0.0405	
1.96	1.0649	0.1029	0.4969	0.2581	0.2107	0.6132	0.1927	0.2503	0.6464	0.1781	-0.0155	0.8932	0.1986	0.3789	0.2169	0.0432	
1.98	1.0756	0.0991	0.4962	0.2806	0.2045	0.652	0.2068	0.2344	0.6884	0.1907	-0.0287	0.9231	0.2136	0.3789	0.2449	0.0469	
2	1.0848	0.0959	0.4951	0.3031	0.2001	0.6912	0.2202	0.221	0.7304	0.2023	-0.0404	0.9502	0.2269	0.3788	0.2737	0.0521	
2.02	1.0928	0.0929	0.4937	0.3246	0.1979	0.73	0.2329	0.2109	0.7707	0.2131	-0.0503	0.9739	0.2384	0.3788	0.3028	0.0591	
2.04	1.0999	0.0903	0.4919	0.3444	0.1982	0.7681	0.2446	0.2046	0.8081	0.223	-0.0582	0.9939	0.2479	0.3788	0.3317	0.068	
2.06	1.1061	0.0877	0.4898	0.3617	0.2009	0.8052	0.2554	0.2018	0.8416	0.2321	-0.0645	1.0103	0.2554	0.3788	0.3596	0.0783	
2.08	1.1116	0.0853	0.4873	0.3767	0.2056	0.8411	0.2653	0.2022	0.8708	0.2406	-0.0693	1.0236	0.2611	0.3788	0.3855	0.0892	
2.1	1.1164	0.0828	0.4844	0.3897	0.2117	0.8753	0.2745	0.2049	0.896	0.2486	-0.0727	1.0347	0.265	0.3789	0.4089	0.1003	
2.12	1.1207	0.0804	0.4813	0.4012	0.2185	0.9072	0.2833	0.2093	0.9174	0.2564	-0.0746	1.0447	0.2672	0.3788	0.4292	0.1108	
2.14	1.1246	0.078	0.4779	0.4117	0.2254	0.9358	0.2917	0.2145	0.9349	0.264	-0.0747	1.0542	0.2681	0.3788	0.4464	0.1206	
2.16	1.1286	0.0756	0.4743	0.4216	0.232	0.9603	0.2999	0.2199	0.9486	0.2717	-0.0729	1.0637	0.2681	0.3788	0.4605	0.1291	
2.18	1.1328	0.0732	0.4701	0.4309	0.2377	0.9803	0.3077	0.2247	0.9585	0.2794	-0.0693	1.0733	0.2679	0.3788	0.4714	0.1359	
2.2	1.1373	0.0709	0.4652	0.44	0.2422	0.9959	0.3151	0.2284	0.9648	0.2868	-0.0643	1.0828	0.2676	0.3788	0.479	0.1407	
2.22	1.142	0.0687	0.4595	0.449	0.2453	1.0081	0.3217	0.2307	0.968	0.2938	-0.0585	1.0917	0.2676	0.3788	0.4834	0.1435	
2.24	1.1468	0.0667	0.453	0.4582	0.2471	1.0177	0.3276	0.2317	0.9692	0.3002	-0.0523	1.0998	0.2676	0.3788	0.4852	0.1446	
2.26	1.1514	0.0649	0.4458	0.4679	0.2478	1.0261	0.3326	0.2318	0.9692	0.3057	-0.0463	1.1069	0.2677	0.3788	0.4854	0.1446	
2.28	1.1558	0.0634	0.4385	0.4785	0.2478	1.034	0.3365	0.2315	0.9688	0.3103	-0.0408	1.1128	0.2678	0.3788	0.4849	0.1443	
2.3	1.1596	0.0622	0.4314	0.4902	0.2476	1.0421	0.3394	0.2312	0.9685	0.3139	-0.0362	1.1175	0.2678	0.3788	0.4845	0.1439	
2.32	1.1628	0.0612	0.4247	0.5033	0.2474	1.0503	0.3413	0.2311	0.9685	0.3165	-0.0325	1.121	0.2678	0.3788	0.4843	0.1438	
2.34	1.1654	0.0605	0.4187	0.5178	0.2473	1.0587	0.3423	0.2312	0.9686	0.3182	-0.03	1.1232	0.2677	0.3788	0.4844	0.1439	
2.36	1.1672	0.0601	0.4136	0.5332	0.2474	1.0669	0.3427	0.2313	0.9687	0.3191	-0.0286	1.1244	0.2677	0.3788	0.4845	0.1441	
2.38	1.1682	0.0599	0.4096	0.549	0.2475	1.0745	0.3427	0.2314	0.9687	0.3195	-0.028	1.1248	0.2677	0.3788	0.4847	0.1441	
2.4	1.1686	0.0598	0.4067	0.5643	0.2475	1.0813	0.3426	0.2314	0.9687	0.3195	-0.028	1.1248	0.2677	0.3788	0.4847	0.1442	
2.42	1.1686	0.0598	0.405	0.5786	0.2475	1.087	0.3425	0.2314	0.9687	0.3194	-0.0281	1.1247	0.2677	0.3788	0.4847	0.1441	
2.44	1.1685	0.0598	0.4047	0.5943	0.2475	1.0927	0.3425	0.2313	0.9687	0.3193	-0.0282	1.1246	0.2677	0.3788	0.4846	0.1441	
2.46	1.1684	0.0598	0.4045	0.61	0.2475	1.0983	0.3425	0.2313	0.9687	0.3193	-0.0283	1.1246	0.2677	0.3788	0.4846	0.1441	
2.48	1.1683	0.0598	0.4042	0.6258	0.2474	1.104	0.3425	0.2313	0.9686	0.3193	-0.0283	1.1245	0.2677	0.3788	0.4845	0.144	
2.5	1.1681	0.0599	0.4039	0.6415	0.2474	1.1096	0.3426	0.2313	0.9686	0.3192	-0.0284	1.1245	0.2677	0.3788	0.4845	0.144	
