0	0.4982	0.545	0.3919	-0.0973	0.1743	-0.0462	0.1295	0.1606	0.0955	0.0694	0.0375	0.1372	0.0315	0.1558	-0.0329	-0.0234	
0.02	0.4982	0.5339	0.3919	-0.0973	0.1744	-0.0317	0.1295	0.1711	0.1195	0.0695	0.0379	0.1735	0.0315	0.1557	-0.0115	-0.0262	
0.04	0.4981	0.5228	0.3919	-0.0973	0.1745	-0.0172	0.1295	0.1816	0.1435	0.0697	0.0384	0.2097	0.0314	0.1557	0.01	-0.0289	
0.06	0.4981	0.5117	0.3919	-0.0973	0.1745	-0.0027	0.1295	0.1921	0.1675	0.0699	0.0388	0.246	0.0314	0.1557	0.0314	-0.0316	
0.08	0.4981	0.5006	0.3919	-0.0973	0.1746	0.0117	0.1295	0.2026	0.1915	0.07	0.0393	0.2822	0.0314	0.1557	0.0529	-0.0344	
0.1	0.4981	0.489	0.3919	-0.0973	0.1752	0.0262	0.1295	0.2127	0.2158	0.0706	0.0406	0.3198	0.0314	0.1558	0.0752	-0.0376	
0.12	0.4982	0.4796	0.3919	-0.0973	0.1763	0.0417	0.1295	0.2241	0.2415	0.0718	0.0427	0.3591	0.0317	0.1562	0.1027	-0.0416	
0.14	0.4986	0.472	0.3919	-0.0973	0.1782	0.0587	0.1295	0.2365	0.2691	0.0736	0.046	0.4007	0.0324	0.1571	0.1355	-0.0464	
0.16	0.4993	0.4653	0.3919	-0.0975	0.181	0.0777	0.1296	0.2492	0.2994	0.0762	0.0505	0.4443	0.0336	0.1587	0.1726	-0.052	
0.18	0.5005	0.4589	0.3919	-0.0978	0.1848	0.0989	0.1298	0.2617	0.3328	0.0796	0.0563	0.4897	0.0355	0.1613	0.2128	-0.0583	
0.2	0.5023	0.4522	0.3919	-0.0983	0.1898	0.1221	0.1302	0.2734	0.3693	0.0836	0.0635	0.5361	0.0381	0.1649	0.255	-0.0651	
0.22	0.5047	0.4446	0.3919	-0.0992	0.1959	0.1473	0.131	0.284	0.4089	0.0882	0.0721	0.5829	0.0414	0.1696	0.2986	-0.0721	
0.24	0.5078	0.4364	0.3919	-0.1004	0.203	0.1748	0.132	0.2935	0.451	0.094	0.082	0.6298	0.0456	0.1754	0.3437	-0.079	
0.26	0.5115	0.4276	0.3919	-0.1021	0.2109	0.2056	0.1333	0.3021	0.4955	0.1019	0.0933	0.6767	0.051	0.1826	0.391	-0.0853	
0.28	0.5158	0.4186	0.3919	-0.1043	0.2193	0.2411	0.1349	0.3098	0.5425	0.1135	0.1061	0.724	0.0584	0.1913	0.4411	-0.0908	
0.3	0.5205	0.4098	0.3919	-0.107	0.228	0.283	0.1371	0.3169	0.5928	0.1302	0.1204	0.7722	0.0684	0.202	0.4941	-0.095	
0.32	0.5257	0.4016	0.3919	-0.1102	0.2366	0.3319	0.1403	0.3233	0.6465	0.153	0.1366	0.8218	0.0819	0.2152	0.55	-0.0977	
0.34	0.5309	0.3942	0.3919	-0.1138	0.2446	0.3876	0.1452	0.3292	0.7035	0.1819	0.1547	0.873	0.0994	0.231	0.6083	-0.0986	
0.36	0.5358	0.3878	0.3919	-0.1179	0.2517	0.4487	0.1524	0.3346	0.7627	0.2164	0.1749	0.9254	0.1211	0.2494	0.6685	-0.0972	
0.38	0.5401	0.3825	0.3919	-0.1227	0.2573	0.5135	0.1625	0.3398	0.8226	0.2554	0.1973	0.9787	0.1468	0.2703	0.73	-0.0935	
0.4	0.543	0.3784	0.3919	-0.1283	0.2612	0.5802	0.1758	0.3449	0.8824	0.298	0.2217	1.0321	0.1761	0.2941	0.792	-0.0872	
0.42	0.5441	0.3757	0.3919	-0.1349	0.2631	0.6472	0.1923	0.35	0.9413	0.3434	0.2485	1.0848	0.2081	0.3219	0.8529	-0.0786	
0.44	0.5431	0.3741	0.3919	-0.1425	0.2625	0.7127	0.2118	0.3552	0.999	0.3908	0.2777	1.1356	0.2418	0.3551	0.9111	-0.0682	
0.46	0.5397	0.3735	0.3919	-0.1509	0.2594	0.7744	0.234	0.3605	1.0545	0.4383	0.3095	1.1834	0.2758	0.3951	0.9649	-0.0565	
0.48	0.5335	0.3734	0.3919	-0.1596	0.2536	0.83	0.2581	0.3661	1.1064	0.4838	0.3437	1.2272	0.3088	0.4422	1.0129	-0.0442	
0.5	0.5244	0.3736	0.3919	-0.1681	0.2449	0.8779	0.2835	0.3721	1.1533	0.5254	0.3801	1.2663	0.3394	0.4951	1.0544	-0.0316	
0.52	0.512	0.3738	0.3919	-0.1761	0.2335	0.9177	0.309	0.3784	1.1944	0.5621	0.4179	1.3006	0.3667	0.5518	1.0901	-0.0191	
0.54	0.4961	0.3738	0.3919	-0.1832	0.22	0.9507	0.3336	0.3849	1.2301	0.5938	0.4563	1.3303	0.3906	0.6099	1.1209	-0.0068	
0.56	0.4767	0.3738	0.3919	-0.1894	0.2051	0.9783	0.3565	0.3917	1.2612	0.6216	0.4942	1.3559	0.4114	0.6679	1.1483	0.0049	
0.58	0.4548	0.3737	0.3919	-0.1943	0.1899	1.0021	0.3774	0.3984	1.2886	0.6462	0.5304	1.3778	0.4294	0.7248	1.1736	0.0157	
0.6	0.4315	0.3737	0.3919	-0.1979	0.1752	1.0227	0.396	0.4048	1.3127	0.6681	0.5638	1.3967	0.4453	0.7795	1.1973	0.0251	
0.62	0.4085	0.3737	0.3919	-0.2	0.1618	1.0404	0.4126	0.4106	1.3333	0.6872	0.5934	1.4127	0.4593	0.8304	1.2192	0.0332	
0.64	0.3871	0.3737	0.3919	-0.201	0.1502	1.0552	0.4276	0.4157	1.3504	0.7035	0.6182	1.4262	0.4716	0.8758	1.239	0.0398	
0.66	0.3681	0.3737	0.3919	-0.2011	0.1407	1.0671	0.4414	0.4199	1.364	0.7172	0.6377	1.437	0.4822	0.9145	1.2562	0.0451	
0.68	0.3478	0.3737	0.3919	-0.2008	0.1329	1.0785	0.4542	0.4237	1.3767	0.729	0.6533	1.4453	0.4932	0.946	1.2747	0.0503	
0.7	0.3275	0.3737	0.3919	-0.2006	0.125	1.0898	0.467	0.4276	1.3893	0.7408	0.6689	1.4537	0.5042	0.9776	1.2932	0.0554	
0.72	0.3072	0.3737	0.3919	-0.2003	0.1172	1.1012	0.4798	0.4315	1.4019	0.7527	0.6845	1.462	0.5153	1.0091	1.3117	0.0606	
0.74	0.2869	0.3737	0.3919	-0.2	0.1093	1.1125	0.4926	0.4353	1.4146	0.7645	0.7001	1.4703	0.5263	1.0406	1.3302	0.0658	
