0	0.6756	-0.5877	0.2916	0.1764	0.0373	0.221	0.0729	0.1291	0.4088	0.0317	0.0322	0.3795	-0.1364	-0.0385	0.4795	-0.1399	
0.02	0.7092	-0.6025	0.2916	0.168	0.0373	0.221	0.0734	0.1314	0.4088	0.0317	0.0322	0.3795	-0.1364	-0.0385	0.4795	-0.1406	
0.04	0.7429	-0.6172	0.2916	0.1596	0.0374	0.221	0.074	0.1338	0.4088	0.0317	0.0321	0.3795	-0.1364	-0.0385	0.4796	-0.1414	
0.06	0.7765	-0.6319	0.2916	0.1512	0.0375	0.221	0.0746	0.1361	0.4088	0.0317	0.0321	0.3795	-0.1364	-0.0385	0.4796	-0.1421	
0.08	0.8101	-0.6467	0.2916	0.1429	0.0376	0.221	0.0752	0.1385	0.4088	0.0317	0.032	0.3795	-0.1364	-0.0385	0.4796	-0.1428	
0.1	0.8426	-0.6616	0.2916	0.1344	0.0381	0.2213	0.0763	0.1419	0.4088	0.0317	0.0321	0.3795	-0.1364	-0.0386	0.4796	-0.1439	
0.12	0.8748	-0.6754	0.2916	0.1246	0.0392	0.2221	0.078	0.1464	0.4088	0.0317	0.0323	0.3795	-0.1364	-0.0385	0.4796	-0.1453	
0.14	0.9063	-0.6885	0.2916	0.1137	0.041	0.2235	0.0803	0.152	0.4088	0.0317	0.033	0.3795	-0.1364	-0.0382	0.4795	-0.1471	
0.16	0.9366	-0.7008	0.2916	0.1021	0.0437	0.2257	0.0833	0.1587	0.4088	0.0317	0.0342	0.3795	-0.1364	-0.0376	0.4791	-0.1493	
0.18	0.9654	-0.7126	0.2916	0.0903	0.0475	0.2286	0.0869	0.1666	0.4088	0.0317	0.036	0.3795	-0.1364	-0.0363	0.4785	-0.1517	
0.2	0.9931	-0.7239	0.2916	0.0788	0.0524	0.2323	0.0911	0.1758	0.4088	0.0317	0.0383	0.3795	-0.1364	-0.0343	0.4773	-0.1544	
0.22	1.0201	-0.7347	0.2916	0.0677	0.0583	0.2371	0.0959	0.1865	0.4088	0.0317	0.0413	0.3795	-0.1364	-0.0317	0.4757	-0.1572	
0.24	1.047	-0.7448	0.2916	0.0572	0.0653	0.2437	0.1013	0.1988	0.4088	0.0317	0.0451	0.3795	-0.1364	-0.0283	0.4733	-0.16	
0.26	1.0742	-0.7542	0.2916	0.0473	0.0732	0.253	0.1073	0.2127	0.4089	0.0317	0.0503	0.3795	-0.1364	-0.0239	0.4702	-0.1628	
0.28	1.1012	-0.7628	0.2916	0.0378	0.0817	0.2659	0.1138	0.2286	0.409	0.0317	0.0579	0.3797	-0.1364	-0.018	0.4665	-0.1656	
0.3	1.1279	-0.7703	0.2916	0.0286	0.0906	0.2832	0.1211	0.2465	0.4093	0.0317	0.0687	0.38	-0.1363	-0.0101	0.462	-0.1682	
0.32	1.154	-0.777	0.2916	0.0198	0.0997	0.3049	0.1291	0.2667	0.4099	0.0318	0.0835	0.3804	-0.1362	0.0006	0.4569	-0.1708	
0.34	1.1797	-0.783	0.2917	0.0113	0.1089	0.3306	0.1379	0.2893	0.4106	0.032	0.1023	0.381	-0.136	0.0145	0.4514	-0.1732	
0.36	1.205	-0.7884	0.2919	0.0033	0.1181	0.3595	0.1476	0.3142	0.4116	0.0323	0.1248	0.3817	-0.1356	0.0317	0.4456	-0.1756	
0.38	1.2302	-0.7934	0.2923	-0.0044	0.1273	0.3911	0.1581	0.3411	0.413	0.0327	0.1509	0.3826	-0.135	0.0522	0.4397	-0.1779	
0.4	1.2553	-0.7983	0.2927	-0.0116	0.1366	0.425	0.1694	0.3702	0.4147	0.0332	0.1808	0.3839	-0.1342	0.0762	0.4338	-0.1802	
0.42	1.28	-0.803	0.2934	-0.0183	0.146	0.4606	0.1814	0.4014	0.417	0.0339	0.2149	0.3858	-0.1331	0.1044	0.4282	-0.1824	
0.44	1.3043	-0.8077	0.2943	-0.0243	0.1553	0.4971	0.1939	0.4351	0.42	0.0348	0.2541	0.3885	-0.1318	0.1379	0.423	-0.1845	
0.46	1.3282	-0.8123	0.2955	-0.0295	0.1645	0.5332	0.2064	0.4713	0.4237	0.036	0.2987	0.3921	-0.1301	0.1771	0.4186	-0.1861	
0.48	1.3516	-0.8169	0.2969	-0.0338	0.1735	0.5677	0.2187	0.5095	0.4281	0.0376	0.3483	0.396	-0.1279	0.2217	0.4154	-0.187	
0.5	1.3745	-0.8214	0.2987	-0.0369	0.1824	0.5994	0.2305	0.549	0.4327	0.0395	0.4019	0.3997	-0.125	0.2705	0.4136	-0.187	
0.52	1.3968	-0.8259	0.3007	-0.0388	0.1919	0.6281	0.2416	0.5894	0.4376	0.0419	0.4582	0.4028	-0.1215	0.3218	0.4137	-0.186	
0.54	1.4186	-0.8304	0.3033	-0.0394	0.203	0.6545	0.2522	0.6306	0.4427	0.0445	0.5164	0.4061	-0.1177	0.3741	0.4159	-0.184	
0.56	1.4395	-0.8348	0.3062	-0.0386	0.2168	0.6801	0.2623	0.6732	0.4493	0.0471	0.576	0.4119	-0.1138	0.4267	0.4208	-0.1806	
0.58	1.4593	-0.8393	0.3097	-0.0366	0.2343	0.7065	0.2722	0.7177	0.459	0.0499	0.6365	0.4235	-0.11	0.4793	0.4287	-0.175	
0.6	1.478	-0.8438	0.3134	-0.0332	0.2559	0.7348	0.2823	0.7641	0.4741	0.0532	0.697	0.4444	-0.1056	0.5317	0.4404	-0.1651	
0.62	1.4953	-0.8485	0.3174	-0.0279	0.2813	0.7653	0.2932	0.8113	0.4966	0.0579	0.756	0.4762	-0.0988	0.583	0.456	-0.1486	
0.64	1.5111	-0.8533	0.3216	-0.0195	0.3099	0.7978	0.3053	0.858	0.5276	0.0654	0.8116	0.5183	-0.0873	0.6322	0.4752	-0.1232	
0.66	1.5251	-0.8583	0.3262	-0.0064	0.3407	0.8316	0.3189	0.903	0.5668	0.077	0.862	0.568	-0.0685	0.6781	0.4971	-0.0878	
0.68	1.5371	-0.8637	0.332	0.0141	0.3731	0.866	0.3343	0.9458	0.613	0.0937	0.9067	0.6219	-0.0403	0.7203	0.5203	-0.0422	
0.7	1.5468	-0.8694	0.3396	0.0445	0.4062	0.9	0.3514	0.9865	0.6638	0.1158	0.9462	0.6771	-0.0023	0.7589	0.5431	0.0126	
0.72	1.5537	-0.8754	0.35	0.0873	0.4396	0.9324	0.3701	1.0249	0.7166	0.1432	0.9812	0.731	0.0451	0.7943	0.5643	0.0757	
0.74	1.5575	-0.8817	0.3636	0.1438	0.4725	0.9618	0.39	1.0604	0.7686	0.1751	1.0125	0.781	0.0997	0.8271	0.5831	0.1457	
0.76	1.5575	-0.8879	0.3805	0.2134	0.5041	0.9868	0.4108	1.0919	0.817	0.2106	1.0399	0.824	0.1591	0.8574	0.599	0.221	
0.78	1.5535	-0.894	0.4004	0.2936	0.5336	1.0064	0.4319	1.1182	0.8591	0.2485	1.0629	0.8573	0.2197	0.8853	0.6115	0.299	
0.8	1.5452	-0.8994	0.423	0.381	0.5608	1.0202	0.4525	1.139	0.893	0.2872	1.0814	0.8793	0.278	0.9108	0.6204	0.3765	
0.82	1.5326	-0.9042	0.4483	0.4724	0.5858	1.0286	0.472	1.1547	0.9178	0.3249	1.0954	0.8907	0.3301	0.9343	0.6259	0.4505	
0.84	1.5173	-0.9091	0.4775	0.5768	0.612	1.0311	0.4913	1.1694	0.932	0.3628	1.1076	0.8909	0.3816	0.9541	0.6269	0.5215	
0.86	1.5019	-0.914	0.5067	0.6812	0.6382	1.0336	0.5106	1.184	0.9461	0.4006	1.1199	0.891	0.4331	0.974	0.628	0.5924	
0.88	1.4866	-0.9188	0.5359	0.7855	0.6643	1.0361	0.5299	1.1987	0.9603	0.4385	1.1321	0.8912	0.4846	0.9939	0.6291	0.6634	
0.9	1.4713	-0.9237	0.5651	0.8899	0.6905	1.0386	0.5492	1.2133	0.9745	0.4764	1.1444	0.8913	0.5361	1.0137	0.6302	0.7344	
