0	0.4073	0.272	0.0591	0.018	0.0064	-0.0178	0.0437	0.1464	0.1596	-0.1907	0.053	-0.0897	-0.251	0.04	-0.1304	-0.2806	
0.02	0.4485	0.2484	0.0553	0.0143	-0.0128	-0.0008	0.0565	0.12	0.1871	-0.1782	0.0411	-0.0608	-0.2386	0.0317	-0.1189	-0.2776	
0.04	0.4897	0.2249	0.0516	0.0106	-0.032	0.0162	0.0693	0.0937	0.2146	-0.1656	0.0292	-0.0319	-0.2262	0.0234	-0.1074	-0.2746	
0.06	0.5308	0.2014	0.0478	0.0069	-0.0511	0.0331	0.082	0.0674	0.2421	-0.1531	0.0174	-0.003	-0.2139	0.015	-0.0959	-0.2716	
0.08	0.572	0.1779	0.0441	0.0032	-0.0703	0.0501	0.0948	0.041	0.2695	-0.1405	0.0055	0.0259	-0.2015	0.0067	-0.0843	-0.2686	
0.1	0.6118	0.1551	0.0403	-0.0006	-0.089	0.0656	0.1075	0.0153	0.2968	-0.1291	-0.0063	0.0535	-0.1898	-0.0007	-0.0733	-0.2657	
0.12	0.6481	0.1357	0.0366	-0.0074	-0.1073	0.0815	0.1188	-0.0124	0.3209	-0.1172	-0.0178	0.0828	-0.1792	-0.0067	-0.0607	-0.2624	
0.14	0.6809	0.1194	0.0329	-0.0165	-0.1252	0.0975	0.129	-0.041	0.3422	-0.1051	-0.029	0.1125	-0.1697	-0.0112	-0.0472	-0.2589	
0.16	0.7105	0.1054	0.0292	-0.0271	-0.1425	0.1131	0.1381	-0.0693	0.3615	-0.0933	-0.0396	0.1412	-0.1612	-0.014	-0.0332	-0.2552	
0.18	0.7373	0.0932	0.0255	-0.038	-0.159	0.1277	0.1465	-0.0958	0.379	-0.0823	-0.0495	0.1678	-0.1535	-0.0151	-0.0194	-0.2517	
0.2	0.7621	0.0823	0.0218	-0.0485	-0.1745	0.1413	0.1544	-0.1194	0.3949	-0.0722	-0.0581	0.1914	-0.1467	-0.0147	-0.0061	-0.2482	
0.22	0.785	0.0725	0.0181	-0.0582	-0.1885	0.1539	0.1617	-0.1387	0.409	-0.063	-0.0649	0.2115	-0.1405	-0.0129	0.0062	-0.2451	
0.24	0.8063	0.0636	0.0145	-0.0672	-0.2006	0.166	0.1688	-0.1525	0.4211	-0.0544	-0.0695	0.2283	-0.1347	-0.01	0.0176	-0.2421	
0.26	0.8265	0.0554	0.0109	-0.0758	-0.2102	0.1781	0.1755	-0.1593	0.4312	-0.0465	-0.0719	0.2423	-0.1293	-0.0059	0.0284	-0.2393	
0.28	0.8458	0.0478	0.0074	-0.0844	-0.2168	0.1908	0.1823	-0.158	0.4391	-0.039	-0.072	0.2539	-0.1242	-0.0003	0.0386	-0.2366	
0.3	0.8645	0.0406	0.0039	-0.0931	-0.22	0.2045	0.1893	-0.1478	0.4449	-0.0319	-0.0699	0.2638	-0.1192	0.0077	0.0484	-0.2338	
0.32	0.8832	0.0338	0.0006	-0.1015	-0.2195	0.2195	0.1967	-0.1283	0.4487	-0.0252	-0.0649	0.2724	-0.1143	0.0196	0.0578	-0.231	
0.34	0.9021	0.0272	-0.0025	-0.1093	-0.215	0.236	0.2049	-0.0996	0.4508	-0.019	-0.0554	0.2801	-0.1096	0.037	0.0667	-0.2282	
0.36	0.9213	0.0209	-0.0056	-0.1156	-0.2065	0.2541	0.2139	-0.0614	0.4515	-0.0131	-0.039	0.2869	-0.1052	0.0611	0.0752	-0.2256	
0.38	0.9404	0.0148	-0.0084	-0.1198	-0.1942	0.2738	0.2239	-0.0139	0.4515	-0.0074	-0.0138	0.293	-0.1011	0.0924	0.0836	-0.2233	
0.4	0.9591	0.0088	-0.0111	-0.1207	-0.1785	0.295	0.2349	0.0423	0.4513	-0.0016	0.0213	0.2989	-0.0971	0.1304	0.0926	-0.221	
0.42	0.977	0.003	-0.0137	-0.1174	-0.1601	0.3178	0.2472	0.1053	0.4511	0.0045	0.0653	0.3051	-0.0928	0.174	0.1031	-0.2182	
0.44	0.9936	-0.0026	-0.0162	-0.1086	-0.1399	0.3419	0.2608	0.1727	0.451	0.0115	0.1162	0.3128	-0.0874	0.2212	0.1156	-0.2137	
0.46	1.0087	-0.0079	-0.0188	-0.0934	-0.1187	0.367	0.2757	0.2414	0.4511	0.0197	0.1714	0.3229	-0.0798	0.2701	0.1305	-0.2062	
0.48	1.0221	-0.013	-0.0215	-0.0712	-0.0972	0.3927	0.2916	0.3092	0.4512	0.0294	0.2288	0.3358	-0.0689	0.3192	0.1473	-0.1946	
0.5	1.0339	-0.0177	-0.0244	-0.0423	-0.0756	0.4181	0.3079	0.3745	0.4512	0.0408	0.2864	0.3517	-0.054	0.3669	0.1652	-0.1779	
0.52	1.0439	-0.0222	-0.0275	-0.0075	-0.054	0.4425	0.324	0.4363	0.4512	0.0541	0.3425	0.3702	-0.035	0.4124	0.1831	-0.1554	
0.54	1.0522	-0.0267	-0.0308	0.0316	-0.0323	0.4649	0.3395	0.4937	0.4512	0.0692	0.3946	0.3903	-0.012	0.455	0.2002	-0.1269	
0.56	1.0591	-0.0313	-0.0343	0.0736	-0.0107	0.4848	0.354	0.5455	0.4512	0.086	0.4405	0.411	0.0148	0.4946	0.2159	-0.0919	
0.58	1.065	-0.0361	-0.0385	0.1172	0.0106	0.5019	0.3672	0.591	0.4512	0.1044	0.4792	0.4309	0.0446	0.5313	0.2297	-0.0508	
0.6	1.0702	-0.0413	-0.0439	0.1619	0.0317	0.5159	0.3788	0.6301	0.4512	0.1239	0.5112	0.4484	0.0767	0.5657	0.2408	-0.0042	
0.62	1.0753	-0.0467	-0.0514	0.2067	0.0525	0.527	0.3888	0.6641	0.4512	0.1439	0.5387	0.4618	0.11	0.5985	0.2487	0.0463	
0.64	1.0804	-0.0522	-0.0617	0.2509	0.0729	0.535	0.3971	0.6945	0.4512	0.1637	0.5648	0.4695	0.1432	0.6302	0.2535	0.0986	
0.66	1.0857	-0.0575	-0.0753	0.2933	0.0934	0.5402	0.4041	0.7226	0.4512	0.1823	0.5917	0.4707	0.175	0.6609	0.2555	0.1506	
0.68	1.0912	-0.0625	-0.0921	0.3327	0.1141	0.5429	0.4102	0.7488	0.4512	0.1991	0.6199	0.4657	0.2045	0.6904	0.2557	0.2005	
0.7	1.0967	-0.0669	-0.1115	0.3683	0.1354	0.5439	0.4159	0.7728	0.4512	0.2135	0.6487	0.4557	0.2312	0.7185	0.2552	0.2472	
0.72	1.102	-0.0708	-0.1326	0.3995	0.1576	0.5439	0.4217	0.7936	0.4512	0.2254	0.6764	0.4427	0.2551	0.7447	0.2546	0.2897	
0.74	1.1071	-0.0739	-0.1546	0.4262	0.1811	0.5436	0.4278	0.8109	0.4512	0.2347	0.7018	0.4281	0.2764	0.7689	0.2544	0.3275	
0.76	1.1123	-0.0764	-0.1806	0.4531	0.2039	0.5435	0.4342	0.8285	0.4512	0.242	0.7288	0.41	0.2965	0.789	0.2546	0.3626	
0.78	1.1174	-0.079	-0.2067	0.4799	0.2267	0.5434	0.4405	0.8461	0.4512	0.2493	0.7559	0.3919	0.3165	0.8092	0.2549	0.3978	
0.8	1.1226	-0.0815	-0.2328	0.5067	0.2495	0.5433	0.4469	0.8636	0.4512	0.2566	0.783	0.3737	0.3366	0.8294	0.2551	0.4329	
0.82	1.1278	-0.084	-0.2588	0.5336	0.2723	0.5432	0.4533	0.8812	0.4512	0.2639	0.81	0.3556	0.3566	0.8495	0.2553	0.468	
