0	0.3626	0.4035	0.3378	0.1477	0.1512	-0.1474	0.1726	0.1428	0.0568	0.055	0.0892	0.1077	0.0055	0.17	0.052	-0.0441	
0.02	0.386	0.3831	0.3493	0.1491	0.1511	-0.1074	0.1711	0.1349	0.1154	0.0467	0.0824	0.1858	-0.0011	0.17	0.1174	-0.039	
0.04	0.4094	0.3626	0.3608	0.1504	0.1511	-0.0673	0.1696	0.1269	0.1741	0.0385	0.0756	0.2639	-0.0077	0.17	0.1827	-0.034	
0.06	0.4328	0.3422	0.3723	0.1518	0.1511	-0.0273	0.1682	0.119	0.2328	0.0302	0.0689	0.3421	-0.0142	0.17	0.2481	-0.0289	
0.08	0.4562	0.3218	0.3838	0.1531	0.1511	0.0128	0.1667	0.1111	0.2914	0.022	0.0621	0.4202	-0.0208	0.17	0.3134	-0.0238	
0.1	0.4809	0.3035	0.3953	0.1547	0.1512	0.0538	0.1649	0.1044	0.3491	0.0149	0.0548	0.4924	-0.0271	0.17	0.3771	-0.0186	
0.12	0.5079	0.2876	0.404	0.1568	0.1516	0.095	0.164	0.0978	0.407	0.0081	0.0462	0.5602	-0.033	0.17	0.4361	-0.0126	
0.14	0.536	0.2743	0.41	0.1593	0.1523	0.1368	0.1638	0.092	0.464	0.0022	0.0367	0.6223	-0.0384	0.17	0.4898	-0.0057	
0.16	0.5642	0.2635	0.4142	0.1622	0.1536	0.1796	0.164	0.0873	0.5187	-0.0019	0.0269	0.6777	-0.0433	0.17	0.5375	0.0019	
0.18	0.5915	0.2551	0.417	0.1654	0.1557	0.2236	0.1642	0.0842	0.57	-0.0034	0.0175	0.726	-0.0478	0.1701	0.5795	0.0099	
0.2	0.6175	0.2488	0.4188	0.169	0.1585	0.2682	0.1643	0.083	0.6174	-0.0019	0.009	0.767	-0.0517	0.1703	0.6157	0.0179	
0.22	0.6416	0.244	0.4196	0.1727	0.1623	0.3126	0.1643	0.0839	0.6607	0.0026	0.002	0.8013	-0.0553	0.1706	0.6465	0.0258	
0.24	0.6634	0.2403	0.4193	0.1767	0.167	0.3556	0.1642	0.0871	0.6999	0.0094	-0.0029	0.8296	-0.0583	0.1712	0.6719	0.0334	
0.26	0.6826	0.2373	0.4178	0.1807	0.1727	0.3968	0.1642	0.0926	0.735	0.0178	-0.0055	0.8532	-0.0609	0.1723	0.6922	0.0405	
0.28	0.6994	0.2348	0.4149	0.1848	0.1794	0.4357	0.1642	0.1002	0.7663	0.0269	-0.0059	0.8736	-0.063	0.174	0.708	0.0471	
0.3	0.7142	0.2325	0.411	0.1889	0.1871	0.4721	0.1642	0.1098	0.7938	0.0357	-0.004	0.8918	-0.0646	0.1764	0.7202	0.0529	
0.32	0.7276	0.2304	0.406	0.1928	0.1959	0.5056	0.1642	0.1209	0.8176	0.0439	0	0.9081	-0.0658	0.1797	0.7299	0.0579	
0.34	0.7401	0.2284	0.4003	0.1966	0.206	0.536	0.1642	0.1332	0.8379	0.0507	0.0061	0.9224	-0.0665	0.1838	0.7379	0.062	
0.36	0.7517	0.2265	0.3942	0.2001	0.2175	0.563	0.1642	0.1468	0.8549	0.0561	0.0146	0.9345	-0.0667	0.1884	0.7449	0.0655	
0.38	0.7624	0.2246	0.3881	0.2034	0.2306	0.5868	0.1642	0.1623	0.8685	0.0597	0.0258	0.9439	-0.0665	0.1936	0.7513	0.0686	
0.4	0.7722	0.2229	0.3824	0.2065	0.2453	0.6078	0.1642	0.1806	0.8791	0.0618	0.0406	0.9506	-0.0658	0.1998	0.7572	0.0716	
0.42	0.7811	0.2212	0.3778	0.2094	0.2618	0.627	0.1642	0.2027	0.8867	0.0626	0.0593	0.9544	-0.0646	0.2079	0.7627	0.0747	
0.44	0.7894	0.2195	0.375	0.2124	0.2801	0.6452	0.1642	0.2291	0.8916	0.0627	0.0824	0.9555	-0.063	0.219	0.768	0.0781	
0.46	0.7973	0.2179	0.3747	0.2154	0.3002	0.6628	0.1642	0.2593	0.8941	0.0624	0.1097	0.954	-0.0609	0.2341	0.7732	0.0819	
0.48	0.8051	0.2164	0.3771	0.2184	0.3219	0.6798	0.1642	0.2927	0.895	0.0622	0.1407	0.9504	-0.0583	0.2532	0.7784	0.0859	
0.5	0.8127	0.2149	0.3823	0.2215	0.3451	0.6959	0.1642	0.3282	0.895	0.0621	0.1746	0.9451	-0.0553	0.2755	0.7839	0.0902	
0.52	0.8201	0.2134	0.3898	0.2246	0.3697	0.7107	0.1642	0.3647	0.8947	0.0622	0.2104	0.9389	-0.0518	0.2994	0.7896	0.0945	
0.54	0.8269	0.2117	0.3989	0.2279	0.3954	0.7237	0.1642	0.4012	0.8944	0.0623	0.2469	0.9326	-0.0478	0.3236	0.7957	0.0987	
0.56	0.8332	0.2098	0.4088	0.2324	0.4222	0.7346	0.1642	0.4368	0.8944	0.0623	0.2833	0.9274	-0.0434	0.3469	0.8021	0.1026	
0.58	0.8385	0.2074	0.4187	0.2389	0.4498	0.7434	0.1642	0.4703	0.8945	0.0623	0.3187	0.9239	-0.0384	0.3685	0.8089	0.106	
0.6	0.8429	0.2043	0.428	0.2488	0.4777	0.7501	0.1642	0.5008	0.8946	0.0623	0.3525	0.9227	-0.0329	0.3876	0.8161	0.1089	
0.62	0.8462	0.2006	0.4361	0.2629	0.5053	0.7545	0.1642	0.5276	0.8946	0.0623	0.3841	0.924	-0.027	0.403	0.8238	0.1112	
0.64	0.8484	0.1965	0.4425	0.2816	0.5316	0.757	0.1642	0.5508	0.8946	0.0623	0.413	0.9273	-0.021	0.4141	0.8318	0.1129	
0.66	0.8496	0.1921	0.4471	0.3048	0.5559	0.7579	0.1642	0.571	0.8946	0.0623	0.4385	0.9324	-0.0152	0.4205	0.8402	0.114	
0.68	0.8501	0.1878	0.4497	0.3323	0.5774	0.758	0.1642	0.5891	0.8946	0.0623	0.4605	0.9384	-0.0098	0.423	0.8488	0.1146	
0.7	0.8501	0.1837	0.4507	0.3636	0.5955	0.7577	0.1642	0.6061	0.8945	0.0623	0.4791	0.9449	-0.0049	0.423	0.8572	0.1149	
0.72	0.8499	0.18	0.4508	0.3979	0.6102	0.7575	0.1642	0.6223	0.8946	0.0623	0.4946	0.9513	-0.0009	0.4221	0.8651	0.1149	
0.74	0.8498	0.1768	0.4505	0.4338	0.6213	0.7574	0.1642	0.6374	0.8946	0.0623	0.5071	0.9571	0.0024	0.4214	0.8723	0.1148	
0.76	0.8498	0.1742	0.4502	0.4692	0.629	0.7574	0.1642	0.6512	0.8946	0.0623	0.5167	0.9618	0.0049	0.4212	0.8786	0.1147	
0.78	0.8498	0.1725	0.4501	0.5015	0.6339	0.7575	0.1642	0.663	0.8946	0.0623	0.5234	0.9652	0.0065	0.4214	0.8838	0.1147	
0.8	0.8499	0.1714	0.4502	0.5291	0.6364	0.7576	0.1642	0.6726	0.8946	0.0623	0.5273	0.9671	0.0074	0.4217	0.888	0.1147	
0.82	0.8499	0.1713	0.4503	0.5553	0.6367	0.7576	0.1642	0.6808	0.8946	0.0623	0.5279	0.9674	0.0075	0.4217	0.8912	0.1147	
0.84	0.8499	0.1711	0.4504	0.5815	0.6369	0.7576	0.1642	0.689	0.8946	0.0623	0.5285	0.9677	0.0077	0.4218	0.8945	0.1148	
0.86	0.8499	0.171	0.4505	0.6077	0.6372	0.7575	0.1642	0.6971	0.8946	0.0623	0.5291	0.968	0.0078	0.4218	0.8977	0.1148	
0.88	0.8499	0.1708	0.4506	0.6338	0.6375	0.7575	0.1642	0.7053	0.8946	0.0623	0.5297	0.9682	0.0079	0.4218	0.9009	0.1148	
