0	0.7225	0.3459	0.2263	0.1465	0.3055	0.0979	0.1212	0.3129	0.0976	0.0171	0.0103	0.281	-0.0233	0.1246	0.2506	0.0185	
0.02	0.7067	0.3456	0.2136	0.1393	0.3062	0.1277	0.1332	0.3251	0.1337	0.0346	0.0301	0.3282	-0.0131	0.1301	0.3138	0.0264	
0.04	0.6909	0.3452	0.2008	0.1321	0.307	0.1574	0.1452	0.3373	0.1698	0.052	0.05	0.3754	-0.003	0.1357	0.377	0.0342	
0.06	0.6751	0.3449	0.188	0.125	0.3077	0.1872	0.1572	0.3495	0.2058	0.0695	0.0699	0.4225	0.0072	0.1412	0.4402	0.0421	
0.08	0.6593	0.3445	0.1753	0.1178	0.3085	0.217	0.1692	0.3617	0.2419	0.087	0.0897	0.4697	0.0173	0.1468	0.5034	0.0499	
0.1	0.6468	0.344	0.1625	0.1127	0.3107	0.2456	0.1803	0.3752	0.2766	0.1049	0.1061	0.5215	0.0266	0.1544	0.5722	0.0581	
0.12	0.6378	0.3433	0.1531	0.1078	0.3142	0.2734	0.1918	0.3913	0.306	0.1191	0.1309	0.5597	0.0368	0.1653	0.6277	0.0645	
0.14	0.6329	0.3422	0.1465	0.1034	0.3192	0.3003	0.2037	0.4097	0.3309	0.1306	0.1629	0.5876	0.0475	0.1809	0.6718	0.0694	
0.16	0.6327	0.3405	0.1422	0.0998	0.326	0.3263	0.2157	0.4304	0.3525	0.1404	0.2001	0.6098	0.0581	0.2034	0.7084	0.0734	
0.18	0.6373	0.3377	0.1396	0.0975	0.3347	0.3519	0.2279	0.4532	0.3724	0.1499	0.2407	0.6304	0.068	0.2353	0.7409	0.0767	
0.2	0.6468	0.3334	0.1385	0.0964	0.3453	0.3777	0.2404	0.4781	0.3919	0.1598	0.284	0.6517	0.0769	0.2783	0.7713	0.0796	
0.22	0.6609	0.327	0.139	0.0962	0.3578	0.4044	0.2537	0.5048	0.412	0.1705	0.3305	0.6737	0.0846	0.3334	0.7999	0.0822	
0.24	0.6792	0.3188	0.141	0.0964	0.3721	0.4327	0.2678	0.533	0.4331	0.1818	0.3811	0.6951	0.0913	0.4001	0.8254	0.0843	
0.26	0.701	0.3087	0.1447	0.0967	0.3876	0.4625	0.2826	0.5624	0.4553	0.1933	0.4367	0.7142	0.0973	0.4772	0.846	0.0858	
0.28	0.7253	0.2972	0.1496	0.0969	0.4041	0.4934	0.2976	0.5932	0.4778	0.2044	0.4971	0.73	0.103	0.563	0.8609	0.0866	
0.3	0.7515	0.2847	0.1553	0.0968	0.4208	0.5244	0.3125	0.6256	0.4999	0.2147	0.5616	0.7422	0.1088	0.6556	0.8701	0.0867	
0.32	0.7791	0.2717	0.1614	0.0967	0.4375	0.5543	0.3266	0.6594	0.5205	0.2239	0.6286	0.7509	0.1148	0.7525	0.8746	0.0862	
0.34	0.8077	0.2584	0.1673	0.0966	0.4538	0.5821	0.3396	0.6939	0.5389	0.2317	0.6957	0.7568	0.1214	0.8501	0.8758	0.0852	
0.36	0.837	0.2455	0.1726	0.0966	0.4696	0.6065	0.3513	0.7277	0.5546	0.2381	0.7602	0.7602	0.1284	0.9441	0.8747	0.0837	
0.38	0.8663	0.2335	0.1772	0.0966	0.4847	0.6269	0.3615	0.7596	0.5675	0.2428	0.8196	0.762	0.1361	1.0305	0.8721	0.0819	
0.4	0.8949	0.2226	0.1807	0.0967	0.4993	0.6428	0.3701	0.7886	0.5775	0.246	0.872	0.7626	0.1443	1.1062	0.8683	0.0797	
0.42	0.9224	0.2132	0.1831	0.0967	0.5131	0.6541	0.3772	0.8142	0.5848	0.2478	0.9165	0.7626	0.1529	1.1698	0.8633	0.0773	
0.44	0.9485	0.2051	0.1845	0.0967	0.5264	0.6611	0.383	0.8363	0.5896	0.2485	0.9532	0.7624	0.1615	1.2218	0.8573	0.0748	
0.46	0.9733	0.1982	0.185	0.0967	0.5392	0.6645	0.3881	0.8553	0.5921	0.2485	0.9829	0.7623	0.1699	1.2634	0.8505	0.0721	
0.48	0.9968	0.1924	0.185	0.0967	0.5518	0.6655	0.3927	0.8712	0.593	0.2483	1.0069	0.7622	0.1776	1.2962	0.843	0.0693	
0.5	1.0187	0.1874	0.1849	0.0967	0.5644	0.6653	0.3971	0.8844	0.593	0.2481	1.0262	0.7623	0.1843	1.3219	0.835	0.0664	
0.52	1.0386	0.1832	0.1847	0.0967	0.577	0.6648	0.4015	0.8956	0.5927	0.2481	1.0422	0.7623	0.19	1.342	0.8264	0.0635	
0.54	1.0562	0.1798	0.1847	0.0967	0.59	0.6645	0.406	0.9056	0.5925	0.2481	1.056	0.7624	0.1945	1.358	0.817	0.0604	
0.56	1.0711	0.1772	0.1847	0.0967	0.6034	0.6645	0.4105	0.9149	0.5924	0.2482	1.0685	0.7624	0.1978	1.3713	0.8067	0.0573	
0.58	1.0835	0.1755	0.1848	0.0967	0.6173	0.6646	0.4151	0.924	0.5925	0.2482	1.0804	0.7624	0.2	1.3831	0.7955	0.054	
0.6	1.0938	0.1744	0.1848	0.0967	0.6314	0.6648	0.4195	0.9329	0.5926	0.2483	1.0916	0.7623	0.2012	1.3939	0.7836	0.0506	
0.62	1.1021	0.1738	0.1848	0.0967	0.6456	0.6648	0.4237	0.9414	0.5927	0.2482	1.1021	0.7623	0.2016	1.4041	0.7714	0.0473	
0.64	1.1084	0.1736	0.1848	0.0967	0.6593	0.6648	0.4276	0.949	0.5927	0.2482	1.1115	0.7623	0.2016	1.4134	0.7594	0.0441	
0.66	1.1128	0.1737	0.1848	0.0967	0.6721	0.6648	0.431	0.9555	0.5926	0.2482	1.1196	0.7623	0.2015	1.4215	0.7483	0.0412	
0.68	1.1154	0.1737	0.1848	0.0967	0.6836	0.6647	0.4338	0.9607	0.5926	0.2482	1.126	0.7623	0.2013	1.428	0.7385	0.0387	
0.7	1.1158	0.1737	0.1848	0.0967	0.6956	0.6647	0.4366	0.9646	0.5926	0.2482	1.1309	0.7623	0.2014	1.432	0.7281	0.0362	
0.72	1.1162	0.1737	0.1848	0.0967	0.7077	0.6647	0.4393	0.9686	0.5926	0.2482	1.1359	0.7623	0.2014	1.4361	0.7177	0.0336	
0.74	1.1166	0.1737	0.1848	0.0967	0.7197	0.6648	0.4421	0.9725	0.5926	0.2482	1.1408	0.7623	0.2014	1.4402	0.7073	0.031	
0.76	1.117	0.1738	0.1848	0.0967	0.7317	0.6648	0.4448	0.9764	0.5926	0.2482	1.1458	0.7623	0.2015	1.4443	0.697	0.0285	
