0	0.5581	0.449	0.2363	0.2656	0.4607	0.0483	0.1	0.7381	0.1856	-0.0529	0.5444	0.1482	0.0881	0.2588	0.1264	-0.0476	
0.02	0.5584	0.4489	0.2365	0.2656	0.4645	0.0483	0.1	0.7453	0.1856	-0.0529	0.5473	0.1482	0.0881	0.2599	0.1264	-0.0476	
0.04	0.5587	0.4487	0.2368	0.2656	0.4684	0.0483	0.1	0.7525	0.1856	-0.0529	0.5501	0.1482	0.0881	0.261	0.1264	-0.0476	
0.06	0.559	0.4486	0.237	0.2656	0.4722	0.0483	0.1	0.7598	0.1856	-0.0529	0.5529	0.1482	0.0881	0.2621	0.1264	-0.0476	
0.08	0.5593	0.4484	0.2372	0.2656	0.4761	0.0483	0.1	0.767	0.1856	-0.0529	0.5558	0.1482	0.0881	0.2632	0.1264	-0.0476	
0.1	0.5597	0.4482	0.2375	0.2656	0.4804	0.0483	0.1	0.7742	0.1856	-0.0529	0.559	0.1482	0.0881	0.2642	0.1264	-0.0476	
0.12	0.5601	0.448	0.2379	0.2656	0.4857	0.0483	0.1	0.7825	0.1856	-0.0529	0.5631	0.1482	0.0881	0.2653	0.1264	-0.0476	
0.14	0.5607	0.4476	0.2384	0.2656	0.4918	0.0483	0.1	0.7917	0.1856	-0.0529	0.568	0.1482	0.0881	0.2665	0.1264	-0.0476	
0.16	0.5613	0.4472	0.239	0.2656	0.4985	0.0483	0.1	0.8014	0.1856	-0.0529	0.5736	0.1482	0.0881	0.2676	0.1264	-0.0476	
0.18	0.562	0.4467	0.2397	0.2656	0.5055	0.0483	0.1	0.8115	0.1856	-0.0529	0.5796	0.1482	0.0881	0.2687	0.1264	-0.0476	
0.2	0.5628	0.4461	0.2406	0.2656	0.5125	0.0483	0.1	0.8216	0.1856	-0.0529	0.586	0.1482	0.0881	0.2699	0.1265	-0.0476	
0.22	0.5637	0.4455	0.2415	0.2656	0.5192	0.0483	0.1	0.8318	0.1856	-0.0529	0.5926	0.1482	0.0881	0.2711	0.1266	-0.0476	
0.24	0.5646	0.4448	0.2426	0.2656	0.5254	0.0483	0.1	0.8416	0.1856	-0.0529	0.599	0.1482	0.0881	0.2722	0.1268	-0.0476	
0.26	0.5656	0.444	0.2437	0.2656	0.5311	0.0483	0.1	0.8511	0.1856	-0.0529	0.6052	0.1482	0.0881	0.2734	0.1272	-0.0476	
0.28	0.5667	0.4431	0.245	0.2656	0.5363	0.0483	0.1	0.8601	0.1856	-0.0529	0.6111	0.1482	0.0881	0.2746	0.1276	-0.0476	
0.3	0.5679	0.4423	0.2463	0.2656	0.5408	0.0483	0.1	0.8685	0.1856	-0.0529	0.6166	0.1482	0.0881	0.2759	0.1283	-0.0476	
0.32	0.5691	0.4413	0.2476	0.2656	0.545	0.0483	0.1	0.876	0.1856	-0.0529	0.6216	0.1482	0.0881	0.2771	0.1291	-0.0476	
0.34	0.5704	0.4404	0.249	0.2656	0.5487	0.0483	0.1	0.8828	0.1856	-0.0529	0.6262	0.1482	0.0881	0.2783	0.1301	-0.0476	
0.36	0.5717	0.4394	0.2505	0.2656	0.5522	0.0483	0.1	0.8886	0.1856	-0.0529	0.6304	0.1482	0.0881	0.2796	0.1314	-0.0476	
0.38	0.5731	0.4383	0.252	0.2656	0.5555	0.0483	0.1	0.8934	0.1856	-0.0529	0.6343	0.1482	0.0881	0.2809	0.1328	-0.0476	
0.4	0.5746	0.4373	0.2536	0.2656	0.5587	0.0483	0.1	0.8974	0.1856	-0.0529	0.6379	0.1482	0.0881	0.2821	0.1344	-0.0476	
0.42	0.5761	0.4362	0.2551	0.2656	0.5618	0.0483	0.1	0.9005	0.1856	-0.0529	0.6414	0.1482	0.0881	0.2834	0.1361	-0.0475	
0.44	0.5776	0.4351	0.2567	0.2656	0.565	0.0483	0.1	0.9031	0.1856	-0.0529	0.6447	0.1482	0.0881	0.2847	0.1381	-0.0475	
0.46	0.5792	0.434	0.2583	0.2656	0.568	0.0483	0.1	0.9052	0.1856	-0.0529	0.648	0.1482	0.0881	0.286	0.1401	-0.0474	
0.48	0.5808	0.4329	0.2599	0.2656	0.571	0.0483	0.1	0.907	0.1856	-0.0529	0.6513	0.1482	0.0881	0.2874	0.1423	-0.0473	
0.5	0.5824	0.4318	0.2615	0.2656	0.574	0.0483	0.1	0.9087	0.1856	-0.0529	0.6546	0.1482	0.0881	0.2887	0.1445	-0.0472	
0.52	0.5841	0.4307	0.263	0.2656	0.5768	0.0483	0.1	0.9103	0.1856	-0.0529	0.6578	0.1482	0.0881	0.2901	0.1469	-0.047	
0.54	0.5858	0.4296	0.2646	0.2656	0.5796	0.0483	0.1	0.9119	0.1856	-0.0529	0.661	0.1482	0.0881	0.2914	0.1494	-0.0468	
0.56	0.5875	0.4286	0.2661	0.2656	0.5823	0.0483	0.1	0.9134	0.1856	-0.0529	0.6641	0.1482	0.0881	0.2928	0.1519	-0.0466	
0.58	0.5893	0.4276	0.2675	0.2656	0.5849	0.0483	0.1	0.9149	0.1856	-0.0529	0.6672	0.1482	0.0881	0.2942	0.1545	-0.0464	
0.6	0.591	0.4265	0.269	0.2656	0.5873	0.0483	0.1	0.9162	0.1856	-0.0529	0.6702	0.1482	0.0881	0.2956	0.1571	-0.0462	
0.62	0.5928	0.4256	0.2703	0.2656	0.5897	0.0483	0.1	0.9175	0.1856	-0.0529	0.6731	0.1482	0.0881	0.297	0.1598	-0.0459	
0.64	0.5946	0.4246	0.2716	0.2656	0.592	0.0483	0.1	0.9186	0.1856	-0.0529	0.6759	0.1482	0.0881	0.2984	0.1625	-0.0456	
0.66	0.5964	0.4238	0.2728	0.2656	0.5942	0.0483	0.1	0.9197	0.1856	-0.0529	0.6787	0.1482	0.0881	0.2998	0.1652	-0.0453	
0.68	0.5982	0.4229	0.274	0.2656	0.5963	0.0483	0.1	0.9208	0.1856	-0.0529	0.6813	0.1482	0.0881	0.3012	0.1679	-0.045	
0.7	0.6	0.4222	0.275	0.2656	0.5982	0.0483	0.1	0.9217	0.1856	-0.0529	0.6839	0.1482	0.0881	0.3027	0.1706	-0.0446	
0.72	0.6018	0.4214	0.276	0.2656	0.6	0.0483	0.1	0.9226	0.1856	-0.0529	0.6863	0.1482	0.0881	0.3041	0.1732	-0.0442	
0.74	0.6036	0.4208	0.2769	0.2656	0.6017	0.0483	0.1	0.9234	0.1856	-0.0529	0.6887	0.1482	0.0881	0.3056	0.1758	-0.0438	
0.76	0.6054	0.4202	0.2776	0.2656	0.6032	0.0483	0.1	0.9241	0.1856	-0.0529	0.6909	0.1482	0.0881	0.3071	0.1783	-0.0434	
0.78	0.6072	0.4197	0.2782	0.2656	0.6046	0.0483	0.1	0.9247	0.1856	-0.0529	0.693	0.1482	0.0881	0.3086	0.1808	-0.043	
0.8	0.6089	0.4193	0.2787	0.2656	0.6058	0.0483	0.1	0.9253	0.1856	-0.0529	0.695	0.1482	0.0881	0.3101	0.1832	-0.0426	
0.82	0.6107	0.419	0.2791	0.2656	0.6069	0.0483	0.1	0.9258	0.1856	-0.0529	0.6968	0.1482	0.0881	0.3116	0.1854	-0.0421	
0.84	0.6124	0.4187	0.2793	0.2656	0.6079	0.0483	0.1	0.9262	0.1856	-0.0529	0.6985	0.1482	0.0881	0.3131	0.1876	-0.0416	
0.86	0.6141	0.4186	0.2794	0.2656	0.6087	0.0483	0.1	0.9265	0.1856	-0.0529	0.7	0.1482	0.0881	0.3146	0.1896	-0.0411	
0.88	0.6157	0.4185	0.2795	0.2656	0.6093	0.0483	0.1	0.9268	0.1856	-0.0529	0.7014	0.1482	0.0881	0.3161	0.1916	-0.0406	
0.9	0.6174	0.4185	0.2794	0.2656	0.6097	0.0483	0.1	0.927	0.1856	-0.0529	0.7026	0.1482	0.0881	0.3177	0.1933	-0.0401	
0.92	0.619	0.4186	0.2792	0.2656	0.6099	0.0483	0.1	0.9271	0.1856	-0.0529	0.7036	0.1482	0.0881	0.3192	0.1949	-0.0395	
0.94	0.6205	0.4188	0.2789	0.2656	0.61	0.0483	0.1	0.9271	0.1856	-0.0529	0.7045	0.1482	0.0881	0.3208	0.1963	-0.039	
0.96	0.6221	0.4191	0.2785	0.2656	0.6099	0.0484	0.1	0.927	0.1857	-0.0529	0.7051	0.1482	0.0881	0.3223	0.1976	-0.0384	
0.98	0.6235	0.4195	0.2781	0.2656	0.6095	0.0484	0.1	0.9268	0.1857	-0.0529	0.7056	0.1483	0.0881	0.3239	0.1986	-0.0379	
1	0.6249	0.4199	0.2776	0.2656	0.609	0.0485	0.1	0.9265	0.1858	-0.0529	0.7059	0.1484	0.0881	0.3255	0.1994	-0.0373	
1.02	0.6263	0.4204	0.277	0.2656	0.6082	0.0485	0.1	0.926	0.1859	-0.0529	0.7059	0.1485	0.0881	0.3271	0.2	-0.0367	
1.04	0.6276	0.4209	0.2763	0.2656	0.6071	0.0486	0.1	0.9254	0.186	-0.0529	0.7057	0.1486	0.0881	0.3287	0.2003	-0.0361	
1.06	0.6289	0.4215	0.2756	0.2656	0.6058	0.0487	0.1	0.9246	0.1862	-0.0529	0.7053	0.1488	0.0881	0.3303	0.2004	-0.0354	
1.08	0.63	0.4222	0.2749	0.2656	0.6043	0.0489	0.1	0.9236	0.1864	-0.0529	0.7045	0.149	0.0881	0.3319	0.2002	-0.0348	
1.1	0.6312	0.4229	0.2741	0.2656	0.6024	0.0491	0.1	0.9224	0.1867	-0.0529	0.7035	0.1493	0.0881	0.3335	0.1997	-0.0342	
1.12	0.6322	0.4237	0.2733	0.2656	0.6003	0.0493	0.1	0.921	0.187	-0.0529	0.7021	0.1496	0.0881	0.3351	0.199	-0.0335	
1.14	0.6332	0.4245	0.2724	0.2656	0.598	0.0495	0.1001	0.9193	0.1874	-0.0529	0.7004	0.1499	0.0881	0.3366	0.198	-0.0329	
1.16	0.6342	0.4253	0.2714	0.2656	0.5953	0.0498	0.1001	0.9175	0.1878	-0.0529	0.6984	0.1503	0.0881	0.3381	0.1968	-0.0322	
1.18	0.6351	0.4262	0.2705	0.2655	0.5923	0.0501	0.1001	0.9154	0.1882	-0.0528	0.696	0.1508	0.0882	0.3396	0.1953	-0.0316	
1.2	0.636	0.4271	0.2695	0.2655	0.589	0.0504	0.1001	0.9128	0.1887	-0.0528	0.6931	0.1513	0.0882	0.341	0.1936	-0.0309	
1.22	0.6368	0.428	0.2685	0.2654	0.5852	0.0508	0.1001	0.9097	0.1893	-0.0528	0.6897	0.1518	0.0882	0.3424	0.1917	-0.0302	
1.24	0.6376	0.429	0.2674	0.2653	0.581	0.0512	0.1002	0.9061	0.1899	-0.0527	0.6857	0.1525	0.0883	0.3437	0.1896	-0.0296	
1.26	0.6384	0.43	0.2664	0.2652	0.5764	0.0517	0.1002	0.9022	0.1906	-0.0526	0.6812	0.1531	0.0884	0.3449	0.1873	-0.0289	
1.28	0.6391	0.431	0.2653	0.2651	0.5718	0.0522	0.1003	0.8985	0.1913	-0.0526	0.6763	0.1539	0.0885	0.3461	0.1849	-0.0282	
1.3	0.6399	0.4319	0.2642	0.2649	0.5671	0.0527	0.1004	0.8949	0.1921	-0.0525	0.6712	0.1546	0.0886	0.3472	0.1824	-0.0275	
1.32	0.6406	0.433	0.2631	0.2647	0.562	0.0532	0.1005	0.891	0.1929	-0.0523	0.6659	0.1555	0.0888	0.3482	0.1797	-0.0268	
1.34	0.6413	0.434	0.2621	0.2645	0.5561	0.0538	0.1006	0.8857	0.1938	-0.0522	0.6599	0.1564	0.0889	0.3492	0.177	-0.0261	
1.36	0.642	0.435	0.261	0.2643	0.5484	0.0545	0.1007	0.877	0.1948	-0.0521	0.6522	0.1574	0.0891	0.3502	0.1741	-0.0255	
1.38	0.6427	0.436	0.2599	0.264	0.5384	0.0552	0.1008	0.8631	0.1959	-0.0519	0.6419	0.1584	0.0894	0.3512	0.1712	-0.0248	
1.4	0.6434	0.4369	0.2588	0.2637	0.5256	0.0559	0.1009	0.8426	0.197	-0.0517	0.6281	0.1595	0.0896	0.3521	0.1683	-0.0241	
1.42	0.6441	0.4379	0.2578	0.2634	0.5103	0.0566	0.1011	0.8154	0.1982	-0.0515	0.6111	0.1607	0.0899	0.353	0.1653	-0.0234	
1.44	0.6449	0.4389	0.2567	0.263	0.4933	0.0574	0.1013	0.7824	0.1994	-0.0512	0.5915	0.162	0.0902	0.3539	0.1624	-0.0227	
1.46	0.6457	0.4398	0.2557	0.2626	0.4752	0.0583	0.1015	0.7449	0.2007	-0.0509	0.5705	0.1633	0.0905	0.3548	0.1594	-0.022	
1.48	0.6464	0.4407	0.2547	0.2621	0.4568	0.0592	0.1017	0.7046	0.2021	-0.0506	0.5489	0.1647	0.0909	0.3556	0.1565	-0.0214	
1.5	0.6473	0.4416	0.2538	0.2617	0.4385	0.0601	0.1019	0.663	0.2036	-0.0503	0.5274	0.1662	0.0913	0.3565	0.1536	-0.0207	
1.52	0.6481	0.4424	0.2528	0.2611	0.421	0.0611	0.1022	0.6221	0.2052	-0.0499	0.5067	0.1677	0.0918	0.3574	0.1507	-0.0201	
1.54	0.649	0.4432	0.2519	0.2606	0.4051	0.0621	0.1024	0.5839	0.2068	-0.0496	0.4877	0.1694	0.0923	0.3583	0.148	-0.0195	
1.56	0.65	0.444	0.2511	0.26	0.3916	0.0632	0.1027	0.5505	0.2085	-0.0491	0.4716	0.1711	0.0928	0.3592	0.1453	-0.0189	
1.58	0.6509	0.4447	0.2503	0.2593	0.381	0.0644	0.1031	0.5232	0.2103	-0.0487	0.4589	0.1729	0.0934	0.3602	0.1428	-0.0183	
1.6	0.652	0.4454	0.2495	0.2586	0.373	0.0655	0.1034	0.5024	0.2122	-0.0482	0.4498	0.1748	0.094	0.3611	0.1404	-0.0178	
1.62	0.6531	0.446	0.2489	0.2579	0.367	0.0668	0.1038	0.4873	0.2142	-0.0476	0.4437	0.1768	0.0947	0.3622	0.1381	-0.0173	
1.64	0.6543	0.4465	0.2482	0.2571	0.3621	0.068	0.1042	0.4765	0.2162	-0.0471	0.4394	0.1788	0.0954	0.3632	0.136	-0.0168	
1.66	0.6555	0.447	0.2476	0.2563	0.3577	0.0694	0.1046	0.4685	0.2184	-0.0464	0.4358	0.181	0.0962	0.3643	0.1341	-0.0164	
1.68	0.6568	0.4475	0.2471	0.2554	0.3535	0.0708	0.105	0.4623	0.2206	-0.0458	0.4323	0.1832	0.097	0.3655	0.1324	-0.0159	
1.7	0.6582	0.4478	0.2467	0.2545	0.3494	0.0722	0.1055	0.4575	0.2229	-0.0451	0.4288	0.1855	0.0979	0.3667	0.1309	-0.0155	
1.72	0.6597	0.448	0.2463	0.2535	0.3455	0.0737	0.106	0.4541	0.2253	-0.0444	0.4251	0.1879	0.0988	0.368	0.1297	-0.0151	
1.74	0.6612	0.448	0.2461	0.2525	0.3417	0.0752	0.1065	0.4523	0.2279	-0.0436	0.4213	0.1904	0.0998	0.3694	0.1288	-0.0146	
1.76	0.6629	0.4476	0.2459	0.2514	0.3379	0.0768	0.1071	0.4521	0.2305	-0.0427	0.4176	0.1931	0.1008	0.3708	0.1282	-0.0142	
1.78	0.6646	0.4468	0.246	0.2502	0.3343	0.0785	0.1077	0.4536	0.2333	-0.0419	0.4137	0.1959	0.1019	0.3723	0.1281	-0.0137	
1.8	0.6665	0.4455	0.2463	0.249	0.3305	0.0802	0.1083	0.4564	0.2362	-0.0409	0.4096	0.1988	0.103	0.374	0.1286	-0.0132	
1.82	0.6685	0.4437	0.2468	0.2478	0.3268	0.0821	0.1089	0.4605	0.239	-0.0399	0.4051	0.2016	0.1043	0.3757	0.1296	-0.0127	
1.84	0.6706	0.4414	0.2477	0.2464	0.323	0.0839	0.1096	0.4655	0.2418	-0.0389	0.4004	0.2044	0.1055	0.3775	0.1314	-0.0121	
1.86	0.6728	0.4385	0.2488	0.245	0.3192	0.0858	0.1103	0.4713	0.2448	-0.0378	0.3953	0.2073	0.1069	0.3794	0.1338	-0.0116	
1.88	0.6751	0.4351	0.2503	0.2436	0.3155	0.0876	0.1111	0.4776	0.2482	-0.0367	0.3901	0.2108	0.1083	0.3814	0.137	-0.0109	
1.9	0.6773	0.4312	0.2521	0.2421	0.3119	0.0896	0.1119	0.4845	0.2527	-0.0355	0.3848	0.2153	0.1097	0.3835	0.1409	-0.0102	
1.92	0.6798	0.4268	0.2541	0.2405	0.3085	0.0917	0.1127	0.4916	0.2587	-0.0342	0.3794	0.2215	0.1113	0.3858	0.1455	-0.0094	
1.94	0.6828	0.4219	0.2565	0.2388	0.3052	0.0943	0.1136	0.499	0.2667	-0.0329	0.3741	0.2297	0.1129	0.3883	0.1509	-0.0086	
1.96	0.6867	0.4167	0.2591	0.2371	0.302	0.0975	0.1145	0.5063	0.2769	-0.0315	0.3688	0.2398	0.1146	0.3908	0.1569	-0.0078	
1.98	0.6922	0.4112	0.2618	0.2353	0.2987	0.1017	0.1154	0.5135	0.2892	-0.0301	0.3638	0.2516	0.1164	0.3934	0.1635	-0.0069	
2	0.6995	0.4054	0.2647	0.2335	0.2954	0.1069	0.1164	0.5204	0.3033	-0.0287	0.3589	0.2647	0.1182	0.3962	0.1707	-0.0059	
2.02	0.709	0.3993	0.2676	0.2316	0.292	0.1135	0.1173	0.5268	0.3188	-0.0272	0.3544	0.2789	0.1201	0.399	0.1782	-0.0048	
2.04	0.7208	0.393	0.2706	0.2296	0.2884	0.1219	0.1183	0.5325	0.3358	-0.0256	0.3501	0.2943	0.1221	0.4021	0.186	-0.0035	
2.06	0.7348	0.3864	0.2737	0.2275	0.2846	0.1326	0.1195	0.5375	0.3543	-0.0238	0.3463	0.3117	0.1241	0.4056	0.1944	-0.002	
2.08	0.7508	0.3798	0.2769	0.2253	0.2802	0.1463	0.1208	0.5416	0.3749	-0.0217	0.3428	0.3322	0.1262	0.4094	0.2041	-0.0004	
2.1	0.7685	0.3731	0.2801	0.223	0.275	0.1637	0.1222	0.5447	0.3987	-0.0196	0.34	0.3572	0.1285	0.4133	0.2167	0.0011	
2.12	0.7872	0.3668	0.2834	0.2207	0.2683	0.1851	0.1235	0.5468	0.4266	-0.0178	0.3378	0.388	0.1309	0.4171	0.2338	0.0023	
2.14	0.8066	0.3611	0.2868	0.2183	0.2598	0.2108	0.1246	0.5479	0.4594	-0.0166	0.3363	0.4257	0.1334	0.4204	0.2567	0.0035	
2.16	0.826	0.3563	0.2904	0.2161	0.249	0.2407	0.1253	0.5481	0.4977	-0.0155	0.3359	0.4705	0.1359	0.4235	0.2864	0.0053	
2.18	0.8452	0.3526	0.2941	0.2138	0.2359	0.2751	0.1262	0.5473	0.5415	-0.0136	0.3364	0.523	0.1384	0.4275	0.3226	0.009	
2.2	0.864	0.3502	0.2979	0.2111	0.2205	0.3142	0.128	0.5456	0.5909	-0.0091	0.3381	0.5833	0.1408	0.4341	0.3645	0.0161	
2.22	0.8823	0.3493	0.3018	0.2077	0.2031	0.3581	0.132	0.5431	0.6455	-0.0001	0.341	0.6514	0.1433	0.445	0.4107	0.0277	
2.24	0.8999	0.3499	0.3059	0.2031	0.1837	0.406	0.1392	0.5399	0.7041	0.0148	0.3451	0.7259	0.1464	0.4615	0.4596	0.0442	
2.26	0.9164	0.3521	0.3101	0.1968	0.1626	0.4568	0.1501	0.5361	0.7646	0.0359	0.3504	0.8041	0.1507	0.4835	0.5094	0.0653	
2.28	0.9312	0.356	0.3144	0.1889	0.1404	0.5086	0.1647	0.5318	0.8247	0.063	0.3568	0.8827	0.1571	0.5101	0.5585	0.0905	
2.3	0.9436	0.3612	0.3188	0.1793	0.1173	0.5598	0.1826	0.5272	0.8825	0.0955	0.3642	0.9587	0.1667	0.5405	0.6054	0.1196	
2.32	0.9528	0.3676	0.3233	0.1684	0.0936	0.6089	0.2032	0.5221	0.9368	0.1328	0.3726	1.0302	0.1805	0.5745	0.6492	0.1531	
2.34	0.958	0.3746	0.328	0.1564	0.0694	0.6551	0.2261	0.5164	0.9873	0.1742	0.3818	1.0973	0.1996	0.6131	0.6894	0.1918	
2.36	0.9588	0.3817	0.3327	0.1436	0.0446	0.6976	0.2512	0.5098	1.0337	0.219	0.3918	1.1602	0.2246	0.6574	0.7269	0.2357	
2.38	0.9545	0.3884	0.3373	0.1306	0.0189	0.7356	0.2775	0.5022	1.076	0.2653	0.4024	1.2189	0.2553	0.7077	0.7627	0.2842	
2.4	0.9452	0.3944	0.3416	0.1179	-0.0077	0.7685	0.3041	0.4934	1.1138	0.3109	0.4138	1.2734	0.2904	0.7632	0.7984	0.3358	
2.42	0.9311	0.3995	0.3455	0.1062	-0.0348	0.7961	0.3297	0.4836	1.1472	0.354	0.4263	1.3233	0.3279	0.8219	0.8353	0.389	
2.44	0.913	0.4037	0.3489	0.0956	-0.0617	0.8191	0.3534	0.4731	1.1767	0.3933	0.4408	1.3691	0.3658	0.8819	0.8743	0.4428	
2.46	0.8918	0.4069	0.3518	0.086	-0.0872	0.8387	0.3751	0.4626	1.2031	0.4291	0.4581	1.4119	0.4024	0.9417	0.9158	0.4968	
2.48	0.8688	0.409	0.354	0.077	-0.1105	0.856	0.395	0.4526	1.2271	0.4622	0.4793	1.4529	0.4368	1.0007	0.9598	0.5507	
2.5	0.8448	0.4103	0.3557	0.0679	-0.1308	0.8718	0.4133	0.4438	1.249	0.493	0.5049	1.4924	0.4683	1.0585	1.0053	0.6033	
2.52	0.8205	0.4107	0.3568	0.0584	-0.1477	0.8866	0.4302	0.4371	1.269	0.5217	0.5346	1.5299	0.4962	1.1141	1.0504	0.6529	
2.54	0.7965	0.4108	0.3573	0.0481	-0.161	0.9	0.4453	0.4331	1.2871	0.5477	0.5675	1.564	0.5201	1.1662	1.0932	0.6974	
2.56	0.7727	0.4106	0.3576	0.0374	-0.1707	0.9118	0.458	0.4324	1.3036	0.5701	0.6024	1.5934	0.54	1.2135	1.1315	0.7353	
2.58	0.7495	0.4105	0.3576	0.0261	-0.177	0.9219	0.4682	0.4354	1.3189	0.5887	0.6381	1.6175	0.5567	1.2553	1.1642	0.7664	
2.6	0.7272	0.4105	0.3575	0.0134	-0.1794	0.9325	0.4766	0.4411	1.3345	0.6059	0.6788	1.6404	0.5719	1.2881	1.1977	0.7934	
2.62	0.7049	0.4105	0.3574	0.0008	-0.1817	0.9432	0.4851	0.4468	1.3501	0.6232	0.7195	1.6632	0.5872	1.3209	1.2311	0.8205	
2.64	0.6826	0.4106	0.3574	-0.0119	-0.1841	0.9539	0.4936	0.4525	1.3657	0.6405	0.7601	1.6861	0.6025	1.3537	1.2645	0.8475	
2.66	0.6603	0.4106	0.3573	-0.0246	-0.1864	0.9646	0.5021	0.4582	1.3813	0.6578	0.8008	1.709	0.6177	1.3865	1.2979	0.8746	
