0	0.6485	0.6277	0.3802	0.3887	0.1661	-0.0633	0.0025	0.205	-0.0158	-0.0282	0.2916	-0.103	-0.1194	0.2991	-0.1667	-0.1503	
0.02	0.6485	0.6277	0.3802	0.3891	0.1661	-0.0633	0.0025	0.205	-0.0158	-0.0282	0.2916	-0.103	-0.1194	0.2991	-0.1667	-0.1496	
0.04	0.6485	0.6277	0.3802	0.3895	0.1661	-0.0633	0.0025	0.205	-0.0158	-0.0282	0.2916	-0.103	-0.1194	0.2991	-0.1667	-0.1488	
0.06	0.6484	0.6277	0.3802	0.39	0.1661	-0.0633	0.0025	0.205	-0.0158	-0.0282	0.2916	-0.103	-0.1194	0.2991	-0.1666	-0.1481	
0.08	0.6484	0.6277	0.3802	0.3904	0.1661	-0.0633	0.0025	0.205	-0.0158	-0.0282	0.2916	-0.103	-0.1194	0.2991	-0.1666	-0.1474	
0.1	0.6484	0.6277	0.3802	0.3911	0.1661	-0.0633	0.0025	0.205	-0.0158	-0.0282	0.2916	-0.103	-0.1194	0.2991	-0.1666	-0.1466	
0.12	0.6485	0.6277	0.3802	0.392	0.1661	-0.0633	0.0025	0.205	-0.0158	-0.0282	0.2916	-0.103	-0.1194	0.2991	-0.1666	-0.1456	
0.14	0.6485	0.6277	0.3802	0.3933	0.1661	-0.0633	0.0025	0.205	-0.0158	-0.0282	0.2916	-0.103	-0.1194	0.2991	-0.1667	-0.1444	
0.16	0.6485	0.6277	0.3802	0.3948	0.1661	-0.0633	0.0025	0.205	-0.0158	-0.0282	0.2916	-0.103	-0.1194	0.2991	-0.1667	-0.1431	
0.18	0.6485	0.6277	0.3802	0.3967	0.1661	-0.0633	0.0025	0.205	-0.0158	-0.0282	0.2916	-0.103	-0.1194	0.2991	-0.1667	-0.1417	
0.2	0.6484	0.6277	0.3802	0.3989	0.1661	-0.0633	0.0025	0.205	-0.0158	-0.0282	0.2916	-0.103	-0.1194	0.2991	-0.1667	-0.1401	
0.22	0.6484	0.6277	0.3802	0.4014	0.1661	-0.0633	0.0025	0.205	-0.0158	-0.0282	0.2916	-0.103	-0.1194	0.2991	-0.1666	-0.1385	
0.24	0.6484	0.6277	0.3802	0.4041	0.1661	-0.0633	0.0025	0.205	-0.0158	-0.0282	0.2916	-0.103	-0.1194	0.2991	-0.1666	-0.1369	
0.26	0.6485	0.6277	0.3802	0.407	0.1661	-0.0633	0.0025	0.205	-0.0158	-0.0282	0.2916	-0.103	-0.1194	0.2991	-0.1666	-0.1352	
0.28	0.6485	0.6277	0.3802	0.41	0.1661	-0.0633	0.0025	0.205	-0.0158	-0.0282	0.2916	-0.103	-0.1194	0.2991	-0.1667	-0.1336	
0.3	0.6485	0.6277	0.3802	0.4131	0.1661	-0.0633	0.0025	0.205	-0.0158	-0.0282	0.2916	-0.103	-0.1194	0.2991	-0.1667	-0.1319	
0.32	0.6484	0.6276	0.3802	0.4162	0.1661	-0.0633	0.0025	0.205	-0.0158	-0.0282	0.2916	-0.1029	-0.1194	0.2991	-0.1667	-0.1303	
0.34	0.6483	0.6275	0.3802	0.4193	0.1661	-0.0633	0.0025	0.2049	-0.0157	-0.0282	0.2915	-0.1029	-0.1194	0.2991	-0.1666	-0.1288	
0.36	0.648	0.6273	0.3802	0.4223	0.166	-0.0631	0.0027	0.2047	-0.0155	-0.0282	0.2914	-0.1028	-0.1194	0.299	-0.1666	-0.1274	
0.38	0.6475	0.627	0.3801	0.4252	0.1658	-0.0629	0.0029	0.2045	-0.0152	-0.0281	0.2913	-0.1025	-0.1194	0.2989	-0.1664	-0.126	
0.4	0.6469	0.6264	0.3799	0.4279	0.1656	-0.0625	0.0032	0.2041	-0.0148	-0.0281	0.291	-0.1021	-0.1194	0.2986	-0.1662	-0.1247	
0.42	0.6459	0.6256	0.3795	0.4304	0.1652	-0.062	0.0037	0.2034	-0.0142	-0.0279	0.2905	-0.1015	-0.1193	0.2982	-0.1658	-0.1235	
0.44	0.6446	0.6246	0.379	0.4327	0.1646	-0.0612	0.0044	0.2026	-0.0133	-0.0277	0.2898	-0.1007	-0.1193	0.2977	-0.1652	-0.1223	
0.46	0.643	0.6234	0.3784	0.4346	0.1638	-0.0603	0.0052	0.2016	-0.0122	-0.0273	0.2889	-0.0997	-0.1192	0.2969	-0.1644	-0.1212	
0.48	0.6411	0.622	0.3775	0.436	0.1628	-0.0591	0.0063	0.2002	-0.0108	-0.0269	0.2878	-0.0983	-0.119	0.2958	-0.1634	-0.1201	
0.5	0.6388	0.6203	0.3763	0.4369	0.1615	-0.0577	0.0075	0.1987	-0.0091	-0.0263	0.2864	-0.0966	-0.1187	0.2945	-0.1621	-0.1191	
0.52	0.6363	0.6181	0.3749	0.4372	0.1601	-0.0561	0.009	0.1968	-0.0071	-0.0255	0.2846	-0.0946	-0.1183	0.2929	-0.1606	-0.1181	
0.54	0.6337	0.6154	0.3733	0.4368	0.1583	-0.0543	0.0107	0.1947	-0.0049	-0.0246	0.2823	-0.0921	-0.1178	0.2911	-0.1588	-0.1171	
0.56	0.631	0.612	0.3713	0.4356	0.1564	-0.0522	0.0125	0.1924	-0.0024	-0.0235	0.2795	-0.0892	-0.1172	0.2889	-0.1568	-0.1161	
0.58	0.6283	0.6081	0.3691	0.4335	0.1543	-0.0499	0.0146	0.1899	0.0003	-0.0222	0.276	-0.0858	-0.1165	0.2864	-0.1544	-0.1151	
0.6	0.6255	0.6044	0.3665	0.4305	0.1521	-0.0475	0.0167	0.1871	0.0033	-0.0208	0.272	-0.0819	-0.1156	0.2835	-0.1518	-0.114	
0.62	0.6225	0.601	0.3635	0.4267	0.1497	-0.0448	0.0191	0.1841	0.0065	-0.0192	0.2676	-0.0778	-0.1146	0.2803	-0.149	-0.113	
0.64	0.6195	0.5978	0.3602	0.422	0.1471	-0.042	0.0216	0.1809	0.01	-0.0174	0.2632	-0.0735	-0.1135	0.2767	-0.146	-0.1119	
0.66	0.6168	0.5935	0.3566	0.4165	0.1444	-0.039	0.0242	0.1775	0.0136	-0.0155	0.2587	-0.0688	-0.1122	0.2729	-0.1427	-0.1108	
0.68	0.6149	0.5855	0.3527	0.4103	0.1417	-0.0359	0.0269	0.174	0.0175	-0.0135	0.2532	-0.0631	-0.1108	0.2691	-0.1391	-0.1097	
0.7	0.6146	0.5709	0.3486	0.4036	0.1388	-0.0326	0.0297	0.1704	0.0216	-0.0112	0.2455	-0.0557	-0.1093	0.265	-0.1354	-0.1084	
0.72	0.6164	0.5475	0.3442	0.3964	0.1359	-0.0291	0.0327	0.1667	0.0258	-0.0088	0.2341	-0.0459	-0.1076	0.2604	-0.1314	-0.1072	
0.74	0.6211	0.5146	0.3393	0.389	0.133	-0.0255	0.0357	0.1627	0.0302	-0.0063	0.2179	-0.0333	-0.1059	0.2548	-0.1271	-0.1058	
0.76	0.6293	0.4732	0.3333	0.3814	0.13	-0.0219	0.0388	0.1582	0.0347	-0.0035	0.1973	-0.0178	-0.104	0.2474	-0.1227	-0.1044	
0.78	0.6425	0.4251	0.3256	0.3738	0.127	-0.0181	0.042	0.1532	0.0395	-0.0007	0.1734	0.0004	-0.102	0.2381	-0.1182	-0.1029	
0.8	0.6624	0.3724	0.3157	0.3663	0.124	-0.0143	0.0454	0.1473	0.0445	0.0023	0.1478	0.0205	-0.0998	0.2272	-0.1134	-0.1012	
0.82	0.6906	0.3168	0.3033	0.359	0.1211	-0.0102	0.049	0.1407	0.0499	0.0054	0.1219	0.042	-0.0976	0.2154	-0.1083	-0.0994	
0.84	0.7276	0.2604	0.2884	0.352	0.1182	-0.006	0.0529	0.1334	0.0559	0.0087	0.0969	0.0641	-0.0952	0.2039	-0.1028	-0.0973	
0.86	0.7724	0.2059	0.2715	0.3454	0.1153	-0.0013	0.057	0.1258	0.0624	0.0125	0.0738	0.0859	-0.0927	0.1938	-0.0966	-0.0951	
0.88	0.8229	0.1565	0.2529	0.3391	0.1126	0.0036	0.0616	0.1181	0.0698	0.0169	0.0535	0.1069	-0.0901	0.1859	-0.0895	-0.0926	
0.9	0.8767	0.1151	0.2336	0.3332	0.1099	0.009	0.0668	0.1109	0.0783	0.0222	0.0376	0.1263	-0.0874	0.1811	-0.0813	-0.0898	
0.92	0.9311	0.0829	0.2144	0.3277	0.1074	0.0149	0.0728	0.1046	0.0881	0.0284	0.0268	0.1443	-0.0846	0.1798	-0.0719	-0.0866	
0.94	0.9845	0.0591	0.1965	0.3227	0.1049	0.0215	0.0798	0.0996	0.0995	0.0357	0.0211	0.1612	-0.0817	0.1825	-0.0611	-0.0831	
0.96	1.0349	0.0417	0.1808	0.3182	0.1027	0.0292	0.0877	0.0964	0.1123	0.0441	0.0194	0.1775	-0.0784	0.1894	-0.0488	-0.079	
0.98	1.0807	0.0285	0.1679	0.3142	0.1006	0.0386	0.0966	0.0951	0.1263	0.0535	0.0199	0.1938	-0.0747	0.2	-0.0348	-0.0744	
1	1.1203	0.0179	0.1582	0.3108	0.0987	0.0502	0.1063	0.0956	0.1414	0.064	0.0209	0.2104	-0.0704	0.2132	-0.0193	-0.0692	
1.02	1.1529	0.009	0.1515	0.3081	0.097	0.0644	0.1166	0.0975	0.1573	0.0754	0.0216	0.2275	-0.0654	0.2275	-0.0024	-0.0637	
1.04	1.1787	0.0015	0.1473	0.3061	0.0955	0.081	0.1273	0.1003	0.1745	0.0875	0.0216	0.2453	-0.0597	0.2413	0.0153	-0.0578	
1.06	1.1988	-0.0048	0.1452	0.3048	0.0942	0.0994	0.138	0.1035	0.1933	0.1	0.0213	0.2635	-0.0529	0.2535	0.0335	-0.0518	
1.08	1.2147	-0.0102	0.1444	0.3043	0.0933	0.119	0.1485	0.1067	0.2142	0.1126	0.021	0.282	-0.0452	0.2635	0.0519	-0.0459	
1.1	1.2279	-0.0151	0.1443	0.3045	0.0926	0.1389	0.1583	0.1096	0.2375	0.1249	0.0208	0.3006	-0.0363	0.2714	0.0701	-0.0401	
1.12	1.2394	-0.0199	0.1445	0.3053	0.0924	0.1585	0.1673	0.1119	0.2629	0.1368	0.0209	0.3189	-0.0265	0.2772	0.088	-0.0346	
1.14	1.2496	-0.0245	0.1447	0.3068	0.0925	0.177	0.1753	0.1135	0.2896	0.1483	0.021	0.3367	-0.0158	0.2814	0.1053	-0.0296	
1.16	1.2585	-0.029	0.1447	0.3087	0.0931	0.1938	0.1822	0.1144	0.3169	0.1596	0.0211	0.3538	-0.0046	0.284	0.1218	-0.0251	
1.18	1.266	-0.0331	0.1447	0.311	0.0942	0.2085	0.1883	0.1148	0.344	0.171	0.0211	0.3704	0.0067	0.2855	0.1374	-0.0212	
1.2	1.2722	-0.0367	0.1446	0.3137	0.0958	0.2206	0.1936	0.1148	0.3707	0.1829	0.0211	0.3865	0.0178	0.2861	0.1523	-0.0178	
1.22	1.2772	-0.0396	0.1446	0.317	0.098	0.2303	0.1983	0.1147	0.3965	0.1955	0.021	0.4022	0.0286	0.2861	0.1664	-0.0147	
1.24	1.2814	-0.0418	0.1446	0.3209	0.1006	0.2381	0.2028	0.1146	0.4214	0.2088	0.021	0.4173	0.0387	0.286	0.1799	-0.0119	
1.26	1.2851	-0.0433	0.1446	0.3256	0.1037	0.2449	0.207	0.1146	0.4449	0.2223	0.021	0.4315	0.0482	0.2858	0.1929	-0.0093	
1.28	1.2886	-0.0441	0.1446	0.3311	0.1072	0.2514	0.2112	0.1146	0.4665	0.2356	0.021	0.4446	0.0571	0.2858	0.2054	-0.0067	
1.3	1.2922	-0.0444	0.1446	0.3377	0.1112	0.2583	0.2154	0.1147	0.486	0.2483	0.021	0.4565	0.0654	0.2858	0.2174	-0.0043	
1.32	1.2958	-0.0444	0.1446	0.3457	0.1157	0.2657	0.2197	0.1147	0.5032	0.2599	0.021	0.4673	0.0732	0.2859	0.2291	-0.002	
1.34	1.2996	-0.0443	0.1446	0.3559	0.1205	0.2735	0.2242	0.1147	0.5183	0.27	0.021	0.4773	0.0809	0.2859	0.2403	0.0003	
1.36	1.3034	-0.0442	0.1446	0.3687	0.1256	0.2815	0.2292	0.1147	0.5316	0.2784	0.021	0.4868	0.0885	0.2859	0.2512	0.0025	
1.38	1.3073	-0.0442	0.1446	0.3847	0.1309	0.2891	0.2348	0.1147	0.5432	0.2848	0.021	0.4961	0.0966	0.2859	0.2617	0.0048	
1.4	1.3111	-0.0442	0.1446	0.4038	0.1362	0.2962	0.2412	0.1147	0.5531	0.2892	0.021	0.5053	0.1052	0.2859	0.2718	0.0073	
1.42	1.3147	-0.0442	0.1446	0.4254	0.1413	0.3025	0.2485	0.1147	0.561	0.2916	0.021	0.5145	0.1146	0.2859	0.2814	0.0101	
1.44	1.3179	-0.0443	0.1446	0.4487	0.1459	0.3078	0.2567	0.1147	0.5665	0.2925	0.021	0.5234	0.125	0.2859	0.2903	0.0132	
1.46	1.3206	-0.0443	0.1446	0.4729	0.1498	0.312	0.2657	0.1147	0.5698	0.2926	0.021	0.5319	0.1364	0.2859	0.2984	0.0166	
1.48	1.3234	-0.0442	0.1446	0.5005	0.1539	0.3153	0.2756	0.1147	0.5702	0.2923	0.021	0.5409	0.1481	0.2859	0.3065	0.0204	
1.5	1.3261	-0.0442	0.1446	0.5281	0.1579	0.3186	0.2855	0.1147	0.5707	0.292	0.021	0.5498	0.1598	0.2859	0.3146	0.0241	
1.52	1.3288	-0.0442	0.1446	0.5557	0.1619	0.3219	0.2954	0.1147	0.5712	0.2917	0.021	0.5588	0.1715	0.2859	0.3227	0.0278	
1.54	1.3315	-0.0442	0.1446	0.5833	0.1659	0.3252	0.3053	0.1147	0.5716	0.2915	0.021	0.5677	0.1833	0.2859	0.3307	0.0315	
