0	0.6873	0.2775	0.4003	0.2399	0.295	0.2121	0.1391	0.3145	0.3952	0.0623	0.1348	0.4585	-0.0683	0.207	0.5881	0.0786	
0.02	0.672	0.3169	0.3856	0.2397	0.2766	0.1922	0.1391	0.3025	0.363	0.0623	0.1348	0.4276	-0.0683	0.207	0.5479	0.0743	
0.04	0.6567	0.3564	0.3708	0.2395	0.2581	0.1723	0.1391	0.2905	0.3308	0.0623	0.1348	0.3967	-0.0683	0.207	0.5076	0.07	
0.06	0.6414	0.3958	0.3561	0.2393	0.2396	0.1524	0.1391	0.2785	0.2985	0.0623	0.1348	0.3658	-0.0683	0.207	0.4674	0.0657	
0.08	0.6261	0.4353	0.3414	0.239	0.2211	0.1325	0.1391	0.2666	0.2663	0.0623	0.1348	0.3349	-0.0683	0.207	0.4272	0.0614	
0.1	0.6121	0.4702	0.3264	0.2388	0.2064	0.1126	0.1391	0.2574	0.237	0.0623	0.1348	0.3056	-0.0683	0.207	0.3863	0.057	
0.12	0.5998	0.5038	0.3159	0.2385	0.1913	0.095	0.1391	0.2482	0.2078	0.0623	0.1348	0.2794	-0.0683	0.207	0.3469	0.0519	
0.14	0.5892	0.5347	0.3089	0.2381	0.1763	0.0791	0.1391	0.2395	0.1795	0.0623	0.1348	0.2562	-0.0683	0.207	0.3094	0.0464	
0.16	0.5803	0.5617	0.3044	0.2377	0.1627	0.0642	0.1391	0.2318	0.153	0.0623	0.1348	0.2353	-0.0682	0.207	0.2743	0.0407	
0.18	0.5728	0.5839	0.3011	0.2371	0.1512	0.0497	0.1392	0.2257	0.1288	0.0623	0.1348	0.2163	-0.0681	0.207	0.242	0.0351	
0.2	0.5665	0.6012	0.2981	0.2366	0.1421	0.0353	0.1392	0.2214	0.1073	0.0623	0.1348	0.1987	-0.0679	0.207	0.213	0.0299	
0.22	0.5612	0.6139	0.2951	0.236	0.1352	0.021	0.1394	0.2186	0.0884	0.0623	0.1348	0.1822	-0.0676	0.207	0.1878	0.0252	
0.24	0.5567	0.6231	0.292	0.2353	0.1296	0.0073	0.1395	0.2166	0.0715	0.0623	0.1348	0.1667	-0.0672	0.207	0.1668	0.0211	
0.26	0.5526	0.6297	0.2891	0.2346	0.1247	-0.0054	0.1397	0.2149	0.0561	0.0623	0.1348	0.1525	-0.0667	0.207	0.1501	0.0176	
0.28	0.5489	0.6347	0.2865	0.2338	0.1199	-0.0169	0.1399	0.2132	0.0421	0.0623	0.1348	0.1398	-0.0661	0.207	0.1375	0.0148	
0.3	0.5454	0.6387	0.2841	0.233	0.1152	-0.027	0.1402	0.2114	0.0293	0.0623	0.1348	0.1289	-0.0654	0.207	0.1283	0.0125	
0.32	0.5422	0.6422	0.2819	0.2321	0.1106	-0.0356	0.1406	0.2095	0.0178	0.0623	0.1348	0.1197	-0.0646	0.207	0.1218	0.0108	
0.34	0.5391	0.6455	0.2799	0.2312	0.1064	-0.0427	0.141	0.2077	0.0076	0.0623	0.1348	0.1124	-0.0636	0.207	0.1169	0.0094	
0.36	0.5361	0.6486	0.2781	0.2302	0.1025	-0.0482	0.1414	0.2061	-0.0013	0.0623	0.1348	0.1067	-0.0625	0.207	0.1132	0.0083	
0.38	0.5333	0.6515	0.2764	0.2292	0.099	-0.0524	0.1418	0.2046	-0.0088	0.0623	0.1348	0.1025	-0.0614	0.207	0.1099	0.0073	
0.4	0.5305	0.6541	0.2749	0.2282	0.0959	-0.0556	0.1424	0.2032	-0.015	0.0623	0.1348	0.0992	-0.0601	0.207	0.107	0.0063	
0.42	0.5278	0.6563	0.2735	0.2271	0.0931	-0.058	0.1429	0.2019	-0.0201	0.0623	0.1348	0.0966	-0.0588	0.207	0.1041	0.0053	
0.44	0.5252	0.6579	0.2723	0.226	0.0906	-0.0602	0.1435	0.2006	-0.0244	0.0623	0.1348	0.0942	-0.0573	0.207	0.1012	0.0043	
0.46	0.5226	0.6587	0.2712	0.2249	0.0883	-0.0622	0.1441	0.1994	-0.028	0.0623	0.1348	0.092	-0.0558	0.207	0.0985	0.0033	
0.48	0.5201	0.6588	0.2703	0.2237	0.0863	-0.0643	0.1447	0.1983	-0.0311	0.0623	0.1348	0.0897	-0.0542	0.207	0.0958	0.0024	
0.5	0.5177	0.6582	0.2696	0.2225	0.0846	-0.0664	0.1454	0.1972	-0.0341	0.0623	0.1348	0.0875	-0.0526	0.207	0.0932	0.0015	
0.52	0.5153	0.6568	0.269	0.2213	0.0832	-0.0684	0.1461	0.1962	-0.037	0.0623	0.1348	0.0853	-0.0508	0.207	0.0908	0.0006	
0.54	0.513	0.6547	0.2685	0.2201	0.082	-0.0703	0.1468	0.1952	-0.0398	0.0623	0.1348	0.0833	-0.0491	0.207	0.0884	-0.0003	
0.56	0.5108	0.6522	0.2681	0.2188	0.0811	-0.0722	0.1476	0.1943	-0.0426	0.0623	0.1348	0.0813	-0.0472	0.207	0.0861	-0.0011	
0.58	0.5087	0.6491	0.2679	0.2175	0.0804	-0.0739	0.1483	0.1935	-0.0452	0.0623	0.1348	0.0794	-0.0454	0.207	0.084	-0.0019	
0.6	0.5066	0.6458	0.2678	0.2162	0.08	-0.0756	0.1491	0.1927	-0.0478	0.0623	0.1348	0.0776	-0.0434	0.207	0.0819	-0.0027	
0.62	0.5046	0.6422	0.2678	0.2149	0.0798	-0.0772	0.1499	0.1919	-0.0503	0.0623	0.1348	0.0759	-0.0415	0.207	0.0798	-0.0035	
0.64	0.5026	0.6385	0.2678	0.2136	0.0798	-0.0788	0.1507	0.1912	-0.0526	0.0623	0.1348	0.0743	-0.0395	0.207	0.0779	-0.0042	
0.66	0.5007	0.6347	0.268	0.2123	0.08	-0.0803	0.1516	0.1905	-0.0549	0.0623	0.1348	0.0727	-0.0375	0.207	0.076	-0.005	
0.68	0.4989	0.6309	0.2682	0.2109	0.0804	-0.0817	0.1524	0.1898	-0.057	0.0623	0.1348	0.0712	-0.0355	0.207	0.0743	-0.0057	
0.7	0.4971	0.6272	0.2685	0.2096	0.0809	-0.0831	0.1533	0.1891	-0.0591	0.0623	0.1348	0.0698	-0.0334	0.207	0.0726	-0.0063	
0.72	0.4954	0.6235	0.2689	0.2082	0.0816	-0.0844	0.1541	0.1885	-0.0611	0.0623	0.1348	0.0684	-0.0314	0.207	0.071	-0.007	
0.74	0.4938	0.6198	0.2693	0.2069	0.0824	-0.0856	0.155	0.1879	-0.063	0.0623	0.1348	0.0671	-0.0293	0.207	0.0694	-0.0076	
0.76	0.4922	0.6163	0.2698	0.2056	0.0833	-0.0868	0.1558	0.1874	-0.0648	0.0623	0.1348	0.0659	-0.0273	0.207	0.068	-0.0083	
0.78	0.4906	0.6128	0.2703	0.2042	0.0844	-0.0879	0.1567	0.1868	-0.0665	0.0623	0.1348	0.0647	-0.0252	0.207	0.0666	-0.0089	
0.8	0.4892	0.6095	0.2709	0.2029	0.0855	-0.089	0.1575	0.1862	-0.0681	0.0623	0.1348	0.0636	-0.0232	0.207	0.0653	-0.0094	
0.82	0.4877	0.6062	0.2716	0.2015	0.0868	-0.09	0.1584	0.1857	-0.0697	0.0623	0.1348	0.0626	-0.0212	0.207	0.0641	-0.01	
0.84	0.4863	0.6031	0.2723	0.2002	0.0882	-0.091	0.1592	0.1851	-0.0711	0.0623	0.1348	0.0616	-0.0192	0.207	0.0629	-0.0105	
0.86	0.485	0.6002	0.273	0.1989	0.0897	-0.0919	0.1601	0.1846	-0.0725	0.0623	0.1348	0.0607	-0.0173	0.207	0.0618	-0.0111	
0.88	0.4836	0.5974	0.2738	0.1976	0.0913	-0.0928	0.1609	0.184	-0.0738	0.0623	0.1348	0.0598	-0.0154	0.207	0.0607	-0.0116	
0.9	0.4824	0.5947	0.2747	0.1963	0.093	-0.0936	0.1617	0.1835	-0.075	0.0623	0.1348	0.059	-0.0135	0.207	0.0598	-0.0121	
0.92	0.4811	0.5921	0.2755	0.1951	0.0948	-0.0943	0.1625	0.1829	-0.0761	0.0623	0.1348	0.0583	-0.0116	0.207	0.0589	-0.0125	
0.94	0.4799	0.5896	0.2765	0.1938	0.0967	-0.095	0.1633	0.1823	-0.0771	0.0623	0.1348	0.0576	-0.0099	0.207	0.058	-0.013	
0.96	0.4787	0.5873	0.2774	0.1926	0.0986	-0.0957	0.1641	0.1817	-0.0781	0.0623	0.1348	0.057	-0.0082	0.207	0.0572	-0.0134	
0.98	0.4776	0.5852	0.2785	0.1914	0.1006	-0.0963	0.1648	0.1811	-0.0789	0.0623	0.1348	0.0564	-0.0065	0.207	0.0565	-0.0138	
1	0.4765	0.5832	0.2795	0.1903	0.1026	-0.0969	0.1656	0.1804	-0.0797	0.0623	0.1348	0.0559	-0.0049	0.207	0.0558	-0.0142	
1.02	0.4754	0.5815	0.2806	0.1891	0.1048	-0.0974	0.1663	0.1798	-0.0804	0.0623	0.1348	0.0554	-0.0034	0.207	0.0552	-0.0146	
1.04	0.4743	0.5798	0.2817	0.188	0.1069	-0.0979	0.1669	0.179	-0.0811	0.0623	0.1348	0.0549	-0.002	0.207	0.0546	-0.0149	
1.06	0.4733	0.5783	0.2828	0.187	0.1091	-0.0983	0.1676	0.1783	-0.0816	0.0622	0.1348	0.0546	-0.0006	0.2069	0.0541	-0.0153	
1.08	0.4722	0.577	0.284	0.1859	0.1114	-0.0987	0.1682	0.1775	-0.0821	0.0621	0.1348	0.0542	0.0007	0.2069	0.0537	-0.0156	
1.1	0.4712	0.5758	0.2852	0.1849	0.1136	-0.099	0.1688	0.1767	-0.0825	0.062	0.1347	0.0539	0.0018	0.2068	0.0533	-0.0159	
1.12	0.4702	0.5746	0.2864	0.184	0.1159	-0.0994	0.1693	0.1758	-0.0828	0.0618	0.1346	0.0537	0.0029	0.2067	0.0529	-0.0162	
1.14	0.4692	0.5736	0.2877	0.1831	0.1183	-0.0996	0.1698	0.1749	-0.0831	0.0616	0.1345	0.0535	0.0038	0.2065	0.0526	-0.0165	
1.16	0.4683	0.5726	0.2889	0.1822	0.1206	-0.0999	0.1703	0.1739	-0.0833	0.0613	0.1344	0.0533	0.0047	0.2062	0.0523	-0.0168	
1.18	0.4673	0.5716	0.2902	0.1814	0.1229	-0.1001	0.1707	0.1729	-0.0834	0.0609	0.1342	0.0532	0.0054	0.2059	0.0521	-0.017	
1.2	0.4664	0.5708	0.2915	0.1806	0.1253	-0.1003	0.1711	0.1719	-0.0834	0.0604	0.1339	0.0531	0.006	0.2054	0.0519	-0.0172	
1.22	0.4654	0.5699	0.2928	0.1799	0.1276	-0.1004	0.1714	0.1708	-0.0834	0.0599	0.1337	0.053	0.0065	0.2049	0.0518	-0.0175	
1.24	0.4645	0.5691	0.2942	0.1792	0.13	-0.1005	0.1717	0.1698	-0.0833	0.0593	0.1333	0.053	0.0068	0.2043	0.0517	-0.0177	
1.26	0.4636	0.5683	0.2955	0.1786	0.1323	-0.1006	0.172	0.1687	-0.0831	0.0586	0.133	0.053	0.0071	0.2036	0.0516	-0.0179	
1.28	0.4626	0.5675	0.2968	0.178	0.1346	-0.1006	0.1722	0.1677	-0.0829	0.0578	0.1326	0.0531	0.0072	0.2029	0.0516	-0.018	
1.3	0.4617	0.5668	0.2982	0.1775	0.1369	-0.1006	0.1723	0.1667	-0.0826	0.057	0.1321	0.0532	0.0071	0.202	0.0516	-0.0182	
1.32	0.4608	0.5661	0.2996	0.177	0.1391	-0.1005	0.1724	0.1657	-0.0822	0.0561	0.1316	0.0533	0.007	0.2011	0.0517	-0.0184	
1.34	0.4598	0.5654	0.3009	0.1767	0.1413	-0.1004	0.1724	0.1648	-0.0817	0.0551	0.1311	0.0535	0.0067	0.2001	0.0517	-0.0185	
1.36	0.4589	0.5647	0.3023	0.1764	0.1435	-0.1002	0.1724	0.1638	-0.0812	0.0541	0.1305	0.0538	0.0064	0.1991	0.0519	-0.0186	
1.38	0.4579	0.5639	0.3037	0.1761	0.1456	-0.0999	0.1724	0.163	-0.0806	0.053	0.1299	0.0541	0.0059	0.198	0.052	-0.0187	
1.4	0.457	0.5632	0.305	0.1759	0.1476	-0.0996	0.1723	0.1621	-0.08	0.0519	0.1292	0.0544	0.0053	0.1968	0.0522	-0.0188	
1.42	0.456	0.5625	0.3064	0.1758	0.1496	-0.0993	0.1722	0.1613	-0.0792	0.0507	0.1285	0.0548	0.0046	0.1956	0.0524	-0.0189	
1.44	0.455	0.5617	0.3078	0.1757	0.1516	-0.0988	0.1721	0.1605	-0.0784	0.0495	0.1277	0.0552	0.0039	0.1943	0.0527	-0.019	
1.46	0.454	0.561	0.3091	0.1756	0.1534	-0.0983	0.1719	0.1597	-0.0775	0.0482	0.1269	0.0557	0.003	0.193	0.053	-0.0191	
1.48	0.453	0.5601	0.3104	0.1756	0.1552	-0.0977	0.1717	0.159	-0.0765	0.0469	0.126	0.0563	0.0021	0.1916	0.0534	-0.0191	
1.5	0.4519	0.5593	0.3118	0.1756	0.1569	-0.0971	0.1715	0.1583	-0.0755	0.0455	0.1251	0.0569	0.001	0.1902	0.0538	-0.0192	
1.52	0.4508	0.5584	0.3131	0.1757	0.1585	-0.0964	0.1712	0.1575	-0.0743	0.0442	0.1242	0.0576	-0.0001	0.1887	0.0543	-0.0192	
1.54	0.4497	0.5575	0.3143	0.1757	0.16	-0.0956	0.1709	0.1568	-0.0731	0.0427	0.1232	0.0583	-0.0013	0.1872	0.0548	-0.0192	
1.56	0.4486	0.5566	0.3156	0.1758	0.1614	-0.0948	0.1706	0.1561	-0.0718	0.0413	0.1221	0.0592	-0.0025	0.1857	0.0554	-0.0192	
1.58	0.4474	0.5556	0.3167	0.1759	0.1627	-0.0939	0.1702	0.1554	-0.0705	0.0398	0.121	0.06	-0.0038	0.1841	0.056	-0.0193	
1.6	0.4462	0.5547	0.3179	0.176	0.1639	-0.0929	0.1699	0.1547	-0.069	0.0382	0.1199	0.061	-0.0052	0.1825	0.0567	-0.0192	
1.62	0.4449	0.5538	0.3189	0.1761	0.1649	-0.0919	0.1695	0.1539	-0.0675	0.0367	0.1187	0.062	-0.0067	0.1809	0.0575	-0.0192	
1.64	0.4436	0.5529	0.32	0.1763	0.1659	-0.0908	0.169	0.1532	-0.0659	0.0351	0.1175	0.0631	-0.0082	0.1793	0.0583	-0.0192	
1.66	0.4422	0.552	0.321	0.1764	0.1667	-0.0896	0.1685	0.1525	-0.0641	0.0335	0.1162	0.0643	-0.0098	0.1776	0.0593	-0.0191	
1.68	0.4407	0.5512	0.3219	0.1766	0.1673	-0.0884	0.1681	0.1518	-0.0624	0.0319	0.1149	0.0656	-0.0114	0.1759	0.0602	-0.0191	
1.7	0.4392	0.5503	0.3228	0.1768	0.1679	-0.0871	0.1675	0.151	-0.0605	0.0303	0.1135	0.0669	-0.0131	0.1742	0.0613	-0.019	
1.72	0.4377	0.5494	0.3237	0.177	0.1683	-0.0858	0.167	0.1502	-0.0585	0.0286	0.1121	0.0683	-0.0148	0.1726	0.0624	-0.0189	
1.74	0.4361	0.5486	0.3247	0.1772	0.1685	-0.0844	0.1664	0.1494	-0.0564	0.027	0.1106	0.0698	-0.0165	0.1709	0.0636	-0.0188	
1.76	0.4345	0.5477	0.3256	0.1775	0.1686	-0.0829	0.1658	0.1486	-0.0543	0.0253	0.1091	0.0714	-0.0183	0.1692	0.0649	-0.0187	
1.78	0.4328	0.5467	0.3266	0.1777	0.1687	-0.0814	0.1652	0.1477	-0.0521	0.0237	0.1075	0.0731	-0.0202	0.1675	0.0663	-0.0185	
1.8	0.4312	0.5457	0.3276	0.178	0.1685	-0.0799	0.1645	0.1469	-0.0497	0.022	0.1058	0.0749	-0.0221	0.1658	0.0678	-0.0184	
1.82	0.4296	0.5446	0.3286	0.1784	0.1683	-0.0782	0.1638	0.146	-0.0473	0.0204	0.1042	0.0768	-0.024	0.1641	0.0693	-0.0182	
1.84	0.4279	0.5433	0.3298	0.1787	0.1679	-0.0766	0.1631	0.145	-0.0448	0.0187	0.1024	0.0787	-0.0259	0.1624	0.071	-0.0181	
1.86	0.4263	0.542	0.331	0.1791	0.1675	-0.0748	0.1624	0.144	-0.0422	0.0171	0.1007	0.0808	-0.0278	0.1608	0.0727	-0.0179	
1.88	0.4246	0.5405	0.3323	0.1795	0.1669	-0.073	0.1616	0.143	-0.0394	0.0154	0.0988	0.083	-0.0298	0.1591	0.0746	-0.0177	
1.9	0.4231	0.5389	0.3337	0.1799	0.1662	-0.0712	0.1608	0.1419	-0.0367	0.0138	0.097	0.0852	-0.0318	0.1575	0.0765	-0.0174	
1.92	0.4215	0.5372	0.3353	0.1803	0.1654	-0.0692	0.16	0.1408	-0.0338	0.0122	0.095	0.0875	-0.0338	0.1559	0.0786	-0.0172	
1.94	0.42	0.5352	0.3371	0.1808	0.1645	-0.0673	0.1592	0.1396	-0.0309	0.0106	0.093	0.09	-0.0358	0.1544	0.0807	-0.017	
1.96	0.4185	0.5326	0.3391	0.1813	0.1635	-0.0653	0.1583	0.1384	-0.0278	0.0091	0.091	0.0926	-0.0378	0.1528	0.0829	-0.0167	
1.98	0.417	0.5292	0.3411	0.1818	0.1624	-0.0632	0.1574	0.1371	-0.0243	0.0075	0.0889	0.0954	-0.0398	0.1513	0.0852	-0.0164	
2	0.4156	0.5245	0.3431	0.1824	0.1611	-0.0611	0.1565	0.1358	-0.0202	0.006	0.0868	0.0983	-0.0419	0.1499	0.0877	-0.0161	
2.02	0.4143	0.5182	0.3453	0.1829	0.1597	-0.0589	0.1556	0.1344	-0.0154	0.0045	0.0846	0.1012	-0.0439	0.1485	0.0903	-0.0158	
2.04	0.4132	0.5101	0.3478	0.1835	0.1582	-0.0567	0.1547	0.1329	-0.0096	0.003	0.0823	0.1041	-0.0459	0.1471	0.0932	-0.0155	
2.06	0.4121	0.4998	0.3512	0.1842	0.1566	-0.0544	0.1537	0.1313	-0.0026	0.0016	0.08	0.107	-0.0479	0.1458	0.0961	-0.0151	
2.08	0.411	0.4875	0.3559	0.1849	0.1548	-0.052	0.1527	0.1297	0.0061	0.0002	0.0777	0.1102	-0.0499	0.1445	0.099	-0.0147	
2.1	0.41	0.4729	0.3623	0.1856	0.1529	-0.0496	0.1517	0.1281	0.0168	-0.0012	0.0753	0.1144	-0.0519	0.1432	0.1017	-0.0144	
2.12	0.409	0.4564	0.3706	0.1863	0.1509	-0.0472	0.1506	0.1263	0.0298	-0.0025	0.0729	0.1206	-0.0538	0.1421	0.1044	-0.014	
2.14	0.4082	0.438	0.3805	0.1871	0.1487	-0.0448	0.1496	0.1245	0.0455	-0.0038	0.0704	0.1298	-0.0557	0.141	0.1076	-0.0136	
2.16	0.4077	0.4181	0.3918	0.1879	0.1464	-0.0422	0.1484	0.1225	0.0637	-0.005	0.0676	0.1426	-0.0576	0.1399	0.1121	-0.0131	
2.18	0.408	0.3975	0.4042	0.1887	0.1439	-0.0395	0.1473	0.1205	0.0842	-0.0062	0.0645	0.1595	-0.0595	0.1389	0.1188	-0.0127	
2.2	0.4093	0.377	0.4175	0.1896	0.1413	-0.0366	0.1462	0.1183	0.1067	-0.0073	0.061	0.1801	-0.0613	0.138	0.1279	-0.0122	
2.22	0.4119	0.3572	0.4314	0.1905	0.1386	-0.0333	0.1451	0.1162	0.1308	-0.0084	0.0567	0.2039	-0.0632	0.1372	0.1395	-0.0118	
2.24	0.416	0.3388	0.4454	0.1914	0.1357	-0.0295	0.1441	0.114	0.1559	-0.0094	0.0516	0.2301	-0.0649	0.1364	0.1531	-0.0113	
2.26	0.4218	0.3218	0.4591	0.1924	0.1327	-0.0252	0.1431	0.1117	0.1817	-0.0104	0.0457	0.2576	-0.0666	0.1357	0.1681	-0.0108	
2.28	0.4298	0.3064	0.472	0.1934	0.1295	-0.0204	0.1423	0.1092	0.2077	-0.0113	0.039	0.2852	-0.0683	0.1351	0.184	-0.0102	
2.3	0.4404	0.2925	0.4837	0.1945	0.1262	-0.015	0.1416	0.1061	0.2332	-0.0121	0.0314	0.3118	-0.0699	0.1346	0.2004	-0.0097	
2.32	0.4543	0.2802	0.4941	0.1956	0.1226	-0.0092	0.1411	0.1021	0.2577	-0.0128	0.0231	0.3362	-0.0715	0.1342	0.2164	-0.0091	
2.34	0.4717	0.2692	0.5031	0.1967	0.1189	-0.0031	0.1407	0.097	0.2808	-0.0135	0.0142	0.3575	-0.073	0.1339	0.2315	-0.0085	
2.36	0.4924	0.2595	0.5104	0.1979	0.1151	0.0032	0.1405	0.0905	0.3023	-0.0142	0.0049	0.3755	-0.0745	0.134	0.2448	-0.0079	
2.38	0.5157	0.2508	0.5159	0.1991	0.1112	0.0095	0.1403	0.0826	0.3223	-0.0147	-0.0047	0.3903	-0.0759	0.1344	0.2558	-0.0073	
2.4	0.5407	0.2429	0.5192	0.2004	0.1072	0.0157	0.1403	0.0733	0.3408	-0.0152	-0.0144	0.4024	-0.0772	0.1354	0.2645	-0.0067	
2.42	0.566	0.2355	0.5199	0.2017	0.1031	0.0217	0.1403	0.0626	0.358	-0.0156	-0.0242	0.4126	-0.0784	0.1369	0.2713	-0.006	
2.44	0.5907	0.2287	0.5177	0.203	0.0983	0.0273	0.1403	0.0505	0.3739	-0.0158	-0.034	0.4214	-0.0796	0.1392	0.2771	-0.0054	
2.46	0.6137	0.2226	0.5126	0.2044	0.0925	0.0326	0.1403	0.0365	0.3888	-0.016	-0.0439	0.4294	-0.0807	0.1423	0.2824	-0.0047	
2.48	0.6345	0.2172	0.5048	0.2058	0.0854	0.0377	0.1403	0.0207	0.4029	-0.016	-0.054	0.4368	-0.0817	0.1462	0.2877	-0.004	
2.5	0.6522	0.2126	0.4949	0.2073	0.0766	0.0425	0.1403	0.0029	0.4162	-0.0158	-0.0644	0.4437	-0.0827	0.1509	0.2929	-0.0033	
2.52	0.6665	0.2089	0.4836	0.2088	0.0663	0.0473	0.1403	-0.0167	0.429	-0.0154	-0.0755	0.4503	-0.0835	0.1563	0.2982	-0.0025	
2.54	0.6771	0.2059	0.4719	0.2104	0.0546	0.0521	0.1403	-0.0375	0.4416	-0.0148	-0.0872	0.4566	-0.0843	0.1624	0.3034	-0.0018	
2.56	0.6844	0.2035	0.4607	0.212	0.0417	0.0571	0.1403	-0.0587	0.454	-0.0138	-0.0998	0.463	-0.085	0.1691	0.3084	-0.001	
2.58	0.6891	0.2015	0.4506	0.2136	0.0279	0.0624	0.1403	-0.0797	0.4662	-0.0126	-0.1132	0.4696	-0.0856	0.1762	0.3133	-0.0002	
2.6	0.6923	0.1998	0.4421	0.2153	0.0135	0.0682	0.1403	-0.1	0.4782	-0.0112	-0.1271	0.4765	-0.0861	0.1837	0.3181	0.0006	
2.62	0.6947	0.1982	0.4352	0.2171	-0.0011	0.0745	0.1403	-0.1192	0.4899	-0.0094	-0.1414	0.4838	-0.0864	0.1915	0.323	0.0015	
2.64	0.697	0.1967	0.4301	0.219	-0.0153	0.0814	0.1403	-0.1368	0.5014	-0.0073	-0.1557	0.4918	-0.0866	0.1996	0.3277	0.0023	
2.66	0.6994	0.1952	0.4268	0.2209	-0.0288	0.0891	0.1403	-0.1524	0.5128	-0.005	-0.1697	0.5004	-0.0865	0.2078	0.3325	0.0032	
2.68	0.7018	0.1936	0.4249	0.2228	-0.0411	0.0974	0.1403	-0.1654	0.5246	-0.0024	-0.1832	0.5098	-0.0862	0.2164	0.337	0.0041	
2.7	0.7043	0.192	0.4241	0.2246	-0.0522	0.1065	0.1403	-0.1759	0.5369	0.0004	-0.1957	0.5203	-0.0856	0.2255	0.3415	0.005	
2.72	0.7067	0.1903	0.4241	0.2264	-0.0623	0.1162	0.1403	-0.184	0.5503	0.0034	-0.2073	0.5322	-0.0847	0.2356	0.3461	0.0059	
2.74	0.7091	0.1885	0.4243	0.2283	-0.0715	0.1266	0.1403	-0.1905	0.5648	0.0066	-0.2178	0.5458	-0.0834	0.2474	0.3516	0.0069	
2.76	0.7115	0.1867	0.4245	0.2307	-0.0799	0.1379	0.1403	-0.1961	0.5809	0.0099	-0.2273	0.5614	-0.0817	0.2611	0.3585	0.0078	
2.78	0.7139	0.1848	0.4245	0.2342	-0.0878	0.15	0.1403	-0.2014	0.5985	0.0135	-0.2361	0.579	-0.0796	0.2767	0.3677	0.0088	
2.8	0.7163	0.1828	0.4245	0.2391	-0.0952	0.1631	0.1403	-0.2067	0.6176	0.0172	-0.2445	0.5984	-0.0772	0.2937	0.3795	0.0098	
2.82	0.7186	0.1807	0.4244	0.2455	-0.102	0.177	0.1403	-0.2122	0.6377	0.021	-0.2529	0.6194	-0.0743	0.3113	0.3939	0.0109	
2.84	0.721	0.1785	0.4244	0.2534	-0.1084	0.1916	0.1403	-0.2177	0.6583	0.0249	-0.2614	0.6413	-0.071	0.3283	0.4105	0.0121	
2.86	0.7233	0.1764	0.4244	0.2626	-0.1145	0.2066	0.1403	-0.2233	0.6787	0.0289	-0.2704	0.6635	-0.0674	0.3443	0.4287	0.0136	
2.88	0.7256	0.1743	0.4244	0.2727	-0.1206	0.2215	0.1403	-0.2291	0.6983	0.0329	-0.2799	0.6854	-0.0636	0.3585	0.4478	0.0153	
2.9	0.7279	0.1723	0.4244	0.2834	-0.1269	0.2361	0.1403	-0.2353	0.7165	0.0371	-0.2902	0.7062	-0.0594	0.3706	0.4675	0.0174	
2.92	0.7303	0.1706	0.4244	0.2943	-0.1339	0.25	0.1403	-0.2424	0.7329	0.0412	-0.3016	0.7254	-0.055	0.3801	0.487	0.0198	
2.94	0.7329	0.169	0.4244	0.3051	-0.1418	0.263	0.1403	-0.2508	0.7474	0.0454	-0.3144	0.7425	-0.0504	0.3868	0.5057	0.0225	
2.96	0.7356	0.1678	0.4244	0.3153	-0.1508	0.275	0.1403	-0.2608	0.7599	0.0497	-0.3287	0.7574	-0.0456	0.3908	0.523	0.0256	
2.98	0.7385	0.1668	0.4244	0.3244	-0.1607	0.2858	0.1403	-0.2724	0.7708	0.054	-0.3443	0.7702	-0.0407	0.3924	0.5385	0.029	
3	0.7418	0.1661	0.4244	0.3322	-0.1713	0.2955	0.1403	-0.2851	0.7804	0.0583	-0.3606	0.7813	-0.0355	0.3925	0.5522	0.0327	
3.02	0.7455	0.1656	0.4244	0.3391	-0.1818	0.3042	0.1403	-0.2983	0.7894	0.0628	-0.3769	0.791	-0.0302	0.3921	0.5646	0.0367	
3.04	0.7496	0.1654	0.4244	0.3451	-0.192	0.3124	0.1403	-0.3112	0.7981	0.0675	-0.3923	0.8	-0.0249	0.3916	0.5762	0.041	
3.06	0.7541	0.1653	0.4244	0.3509	-0.2012	0.3205	0.1403	-0.3234	0.8071	0.0724	-0.4063	0.8087	-0.0197	0.3915	0.5872	0.0453	
3.08	0.7588	0.1653	0.4244	0.3565	-0.2093	0.3292	0.1403	-0.3343	0.8163	0.0775	-0.4186	0.8175	-0.0149	0.3916	0.5978	0.0495	
3.1	0.7634	0.1653	0.4244	0.3624	-0.216	0.3387	0.1403	-0.3437	0.8256	0.083	-0.4287	0.8265	-0.0105	0.3917	0.6076	0.0536	
3.12	0.7678	0.1653	0.4244	0.3684	-0.221	0.3491	0.1403	-0.3512	0.8346	0.0885	-0.4365	0.8357	-0.0068	0.3919	0.6163	0.0572	
3.14	0.7717	0.1653	0.4244	0.3746	-0.2244	0.3602	0.1403	-0.3565	0.843	0.094	-0.4419	0.8448	-0.0038	0.3919	0.6238	0.0604	
3.16	0.7751	0.1653	0.4244	0.3809	-0.2263	0.3713	0.1403	-0.3596	0.8504	0.0993	-0.4449	0.8534	-0.0013	0.3918	0.6298	0.0631	
3.18	0.7778	0.1653	0.4244	0.3872	-0.227	0.3819	0.1403	-0.3609	0.8567	0.1041	-0.4462	0.8613	0.0004	0.3918	0.6345	0.0652	
3.2	0.7799	0.1653	0.4244	0.3933	-0.227	0.3917	0.1403	-0.361	0.8618	0.1083	-0.4462	0.8682	0.0015	0.3918	0.6377	0.0668	
3.22	0.7813	0.1653	0.4244	0.3989	-0.2267	0.4004	0.1403	-0.3606	0.8656	0.1119	-0.4459	0.874	0.0021	0.3918	0.6398	0.0678	
3.24	0.7821	0.1653	0.4244	0.4039	-0.2265	0.4076	0.1403	-0.3603	0.8681	0.1147	-0.4456	0.8786	0.0023	0.3918	0.641	0.0684	
3.26	0.7822	0.1653	0.4244	0.4091	-0.2266	0.4139	0.1403	-0.3604	0.8691	0.1169	-0.4456	0.8821	0.0023	0.3918	0.6411	0.0685	
3.28	0.7823	0.1653	0.4244	0.4143	-0.2266	0.4203	0.1403	-0.3604	0.8701	0.119	-0.4457	0.8856	0.0022	0.3918	0.6413	0.0686	
3.3	0.7824	0.1653	0.4244	0.4194	-0.2267	0.4266	0.1403	-0.3605	0.871	0.1212	-0.4457	0.8892	0.0022	0.3918	0.6414	0.0686	
3.32	0.7825	0.1653	0.4244	0.4246	-0.2267	0.433	0.1403	-0.3605	0.872	0.1234	-0.4458	0.8927	0.0021	0.3918	0.6416	0.0687	
