0	0.2271	0.2673	0.3519	0.2663	0.3814	0.0119	0.1636	0.2503	0.0807	-0.007	0.2191	0.01	0.1129	0.2454	-0.1328	0.1376	
0.02	0.233	0.2621	0.359	0.2649	0.4016	0.0218	0.1639	0.2706	0.1025	-0.0069	0.2191	0.057	0.113	0.2539	-0.0949	0.1377	
0.04	0.2389	0.257	0.3661	0.2635	0.4217	0.0317	0.1641	0.291	0.1243	-0.0069	0.2192	0.1041	0.113	0.2624	-0.0569	0.1379	
0.06	0.2448	0.2518	0.3732	0.2621	0.4419	0.0416	0.1643	0.3113	0.1461	-0.0068	0.2192	0.1512	0.1131	0.2709	-0.019	0.138	
0.08	0.2507	0.2467	0.3803	0.2607	0.462	0.0514	0.1645	0.3316	0.168	-0.0068	0.2193	0.1983	0.1132	0.2793	0.019	0.1381	
0.1	0.2567	0.2417	0.3883	0.2592	0.4797	0.0619	0.1651	0.3507	0.1904	-0.0063	0.22	0.2438	0.1139	0.2883	0.0531	0.1388	
0.12	0.2633	0.2368	0.3927	0.2574	0.4969	0.0735	0.1661	0.3679	0.2095	-0.0053	0.2214	0.2839	0.1153	0.2993	0.0884	0.1399	
0.14	0.27	0.2322	0.3942	0.2555	0.5134	0.0854	0.1676	0.3833	0.2256	-0.0034	0.2238	0.3194	0.1175	0.3128	0.1245	0.1414	
0.16	0.2761	0.2277	0.3941	0.2533	0.5285	0.0968	0.1696	0.3969	0.2397	-0.0006	0.2273	0.3526	0.1207	0.3292	0.1614	0.1433	
0.18	0.2809	0.2233	0.3934	0.2508	0.5418	0.1079	0.1723	0.409	0.2543	0.0032	0.2321	0.3862	0.1253	0.3491	0.2003	0.1461	
0.2	0.2837	0.219	0.393	0.248	0.5535	0.1204	0.1758	0.42	0.2734	0.0083	0.2385	0.4241	0.1318	0.373	0.2428	0.1508	
0.22	0.2841	0.2147	0.3929	0.245	0.5638	0.1377	0.1801	0.4301	0.3016	0.0146	0.2469	0.4698	0.1409	0.4011	0.2908	0.1593	
0.24	0.2818	0.2105	0.393	0.2417	0.5736	0.1635	0.1852	0.4399	0.343	0.0225	0.2581	0.526	0.1533	0.4336	0.345	0.1741	
0.26	0.2766	0.2064	0.3933	0.2381	0.5831	0.2011	0.1909	0.4495	0.4002	0.0322	0.2727	0.5939	0.169	0.4712	0.4048	0.1981	
0.28	0.2687	0.2021	0.3934	0.2342	0.5927	0.2522	0.197	0.4592	0.4731	0.0441	0.2908	0.6728	0.1874	0.5144	0.4689	0.2334	
0.3	0.2582	0.1977	0.3934	0.2299	0.6025	0.3173	0.2035	0.4692	0.56	0.0586	0.3124	0.7608	0.2073	0.5636	0.5356	0.2809	
0.32	0.2456	0.1929	0.3933	0.225	0.6128	0.3954	0.2111	0.4795	0.6578	0.0758	0.337	0.8552	0.2273	0.6186	0.6033	0.3396	
0.34	0.2318	0.1875	0.3932	0.2195	0.6235	0.4851	0.2213	0.4904	0.7626	0.0956	0.3642	0.9533	0.2464	0.6783	0.6698	0.4067	
0.36	0.218	0.181	0.3932	0.2135	0.6348	0.5838	0.236	0.502	0.8699	0.1177	0.3936	1.0519	0.2638	0.7413	0.7328	0.4785	
0.38	0.2052	0.1735	0.3932	0.2067	0.6473	0.6879	0.2569	0.5147	0.9749	0.1412	0.4253	1.1469	0.279	0.8062	0.7895	0.5505	
0.4	0.1942	0.1649	0.3932	0.1995	0.6616	0.792	0.2851	0.5289	1.072	0.1656	0.4598	1.2339	0.2914	0.8722	0.8377	0.6188	
0.42	0.1857	0.1556	0.3933	0.1917	0.6786	0.8903	0.3202	0.5448	1.1564	0.1901	0.4975	1.3089	0.3006	0.939	0.8764	0.6798	
0.44	0.1802	0.146	0.3933	0.1835	0.6993	0.9779	0.3607	0.5628	1.2247	0.2139	0.5386	1.3697	0.3062	1.0059	0.9062	0.7308	
0.46	0.1778	0.1366	0.3933	0.1752	0.7246	1.0525	0.4046	0.5831	1.276	0.2362	0.5829	1.4164	0.3088	1.0717	0.9287	0.7698	
0.48	0.1786	0.1279	0.3933	0.1668	0.7545	1.1137	0.4498	0.6057	1.3121	0.2565	0.6301	1.4508	0.3093	1.1346	0.9456	0.7964	
0.5	0.1828	0.1202	0.3932	0.1588	0.788	1.1632	0.4944	0.6304	1.3362	0.2745	0.6795	1.4756	0.3087	1.1932	0.9583	0.8117	
0.52	0.19	0.1137	0.3932	0.1516	0.8236	1.2027	0.5366	0.6569	1.3518	0.2902	0.7303	1.4928	0.3081	1.2465	0.9675	0.8182	
0.54	0.1997	0.1087	0.3932	0.1456	0.8594	1.2334	0.5746	0.6848	1.3619	0.3039	0.7813	1.5038	0.3078	1.2948	0.9735	0.8195	
0.56	0.2111	0.1053	0.3933	0.141	0.8935	1.2565	0.6067	0.7131	1.3684	0.3162	0.8309	1.5097	0.3078	1.3383	0.9766	0.8184	
0.58	0.223	0.1033	0.3933	0.1382	0.9247	1.2732	0.6317	0.7409	1.3722	0.3278	0.8773	1.512	0.3081	1.3776	0.9777	0.8173	
0.6	0.2347	0.1025	0.3933	0.1375	0.9519	1.2851	0.6495	0.7668	1.3741	0.339	0.9182	1.5121	0.3082	1.413	0.9776	0.8169	
0.62	0.2454	0.1024	0.3933	0.1389	0.9742	1.2936	0.6612	0.7898	1.3746	0.3502	0.9523	1.5113	0.3083	1.4449	0.9771	0.8171	
0.64	0.2546	0.1027	0.3932	0.1426	0.991	1.2997	0.6689	0.8089	1.3744	0.3615	0.9787	1.5107	0.3082	1.4739	0.9768	0.8175	
0.66	0.2643	0.1028	0.3932	0.1476	1.0007	1.3042	0.6756	0.8268	1.3741	0.373	0.9995	1.5108	0.3082	1.4996	0.9769	0.8176	
0.68	0.274	0.1029	0.3932	0.1526	1.0103	1.3087	0.6823	0.8447	1.3738	0.3845	1.0202	1.5109	0.3081	1.5253	0.977	0.8177	
0.7	0.2837	0.103	0.3933	0.1576	1.0199	1.3132	0.6891	0.8626	1.3735	0.396	1.0409	1.5111	0.3081	1.551	0.9771	0.8178	
0.72	0.2934	0.103	0.3933	0.1626	1.0296	1.3177	0.6958	0.8805	1.3732	0.4075	1.0617	1.5112	0.308	1.5767	0.9772	0.8179	
