0	0.5074	0.4689	0.1112	0.1605	0.0685	0.0452	-0.0399	-0.0321	0.0897	-0.3541	-0.1462	-0.0013	-0.2163	-0.1742	-0.139	-0.2211	
0.02	0.5537	0.4344	0.1164	0.1833	0.1157	0.0565	-0.04	0.0186	0.1112	-0.3497	-0.126	0.0323	-0.214	-0.1373	-0.0963	-0.1812	
0.04	0.6	0.4	0.1216	0.2061	0.1628	0.0678	-0.04	0.0694	0.1326	-0.3454	-0.1058	0.0658	-0.2116	-0.1003	-0.0536	-0.1413	
0.06	0.6463	0.3655	0.1268	0.2289	0.2099	0.079	-0.04	0.1201	0.154	-0.341	-0.0857	0.0994	-0.2093	-0.0634	-0.011	-0.1014	
0.08	0.6926	0.331	0.132	0.2517	0.2571	0.0903	-0.04	0.1708	0.1754	-0.3367	-0.0655	0.133	-0.2069	-0.0264	0.0317	-0.0615	
0.1	0.7381	0.2973	0.1361	0.272	0.3001	0.1013	-0.0399	0.2184	0.1942	-0.3313	-0.0463	0.1609	-0.2039	0.0087	0.0694	-0.0253	
0.12	0.7772	0.2671	0.1382	0.2902	0.3351	0.1103	-0.0397	0.2609	0.2144	-0.3246	-0.0254	0.188	-0.1999	0.0471	0.1087	0.0135	
0.14	0.8109	0.2399	0.1382	0.3061	0.3625	0.1177	-0.0393	0.2977	0.2352	-0.3168	-0.0039	0.2131	-0.1948	0.0871	0.1474	0.0529	
0.16	0.8412	0.2146	0.1362	0.3191	0.3836	0.1238	-0.0385	0.3286	0.2554	-0.3081	0.017	0.2351	-0.1888	0.127	0.1832	0.0907	
0.18	0.8698	0.1904	0.1328	0.3289	0.3994	0.1293	-0.0373	0.3535	0.274	-0.2988	0.0362	0.253	-0.182	0.1651	0.2137	0.1246	
0.2	0.8981	0.167	0.1284	0.3353	0.4112	0.1345	-0.0356	0.3723	0.2904	-0.2893	0.0529	0.2666	-0.1744	0.1997	0.2373	0.1522	
0.22	0.9262	0.1447	0.1235	0.3384	0.4198	0.1396	-0.0332	0.3845	0.3048	-0.28	0.0663	0.2762	-0.1663	0.2299	0.2528	0.1718	
0.24	0.9542	0.1236	0.1186	0.3385	0.4263	0.1449	-0.0303	0.3907	0.3177	-0.2711	0.0765	0.2831	-0.158	0.2556	0.2609	0.1833	
0.26	0.9819	0.104	0.114	0.336	0.4316	0.1504	-0.0268	0.3916	0.3298	-0.2628	0.0841	0.2886	-0.1495	0.2777	0.2633	0.1878	
0.28	1.0096	0.0854	0.11	0.3315	0.4365	0.156	-0.0227	0.3885	0.3414	-0.2551	0.0903	0.2938	-0.1411	0.2974	0.2628	0.1874	
0.3	1.0374	0.068	0.1067	0.3256	0.4414	0.1616	-0.0179	0.3829	0.3527	-0.248	0.0961	0.2992	-0.1329	0.316	0.2614	0.184	
0.32	1.0658	0.0516	0.1044	0.3188	0.4465	0.167	-0.0121	0.3762	0.3638	-0.2411	0.1023	0.305	-0.1247	0.3339	0.2605	0.1786	
0.34	1.0949	0.0367	0.1031	0.3119	0.4517	0.1726	-0.0051	0.3692	0.3747	-0.234	0.1091	0.3111	-0.1167	0.3512	0.2605	0.1716	
0.36	1.1245	0.0238	0.1026	0.3053	0.4571	0.179	0.0031	0.3627	0.3855	-0.2263	0.1164	0.3174	-0.1088	0.368	0.2609	0.1634	
0.38	1.1541	0.013	0.1025	0.2995	0.4624	0.1874	0.0127	0.3574	0.3965	-0.2177	0.1242	0.3236	-0.1009	0.3844	0.2613	0.1543	
0.4	1.1831	0.0042	0.1027	0.2949	0.4678	0.1994	0.0235	0.3538	0.4081	-0.2079	0.132	0.3299	-0.0931	0.4006	0.2615	0.1452	
0.42	1.2112	-0.003	0.1028	0.2916	0.4732	0.2163	0.0354	0.3524	0.4212	-0.197	0.1395	0.3367	-0.085	0.4174	0.2615	0.1372	
0.44	1.2382	-0.0092	0.1029	0.2898	0.4786	0.2391	0.0487	0.3536	0.4366	-0.1852	0.1465	0.3444	-0.0762	0.4351	0.2613	0.1314	
0.46	1.2643	-0.015	0.1028	0.289	0.4841	0.2677	0.0637	0.3578	0.4552	-0.1724	0.1528	0.3537	-0.0659	0.4537	0.2612	0.1287	
0.48	1.2896	-0.0209	0.1028	0.289	0.4896	0.3014	0.0808	0.365	0.4775	-0.1586	0.1581	0.3653	-0.0533	0.4728	0.2611	0.1299	
0.5	1.3142	-0.0269	0.1027	0.2892	0.4952	0.3387	0.1002	0.3748	0.5036	-0.1434	0.1626	0.3795	-0.0379	0.4918	0.2612	0.1349	
0.52	1.3381	-0.0331	0.1027	0.2894	0.501	0.3778	0.1216	0.3865	0.5325	-0.1266	0.166	0.3959	-0.0196	0.5097	0.2612	0.1436	
0.54	1.3612	-0.0391	0.1028	0.2895	0.5071	0.4168	0.1441	0.3989	0.5631	-0.1082	0.1685	0.4138	0.0008	0.5261	0.2613	0.1553	
0.56	1.3834	-0.0448	0.1028	0.2894	0.5137	0.4533	0.167	0.4113	0.5936	-0.089	0.1702	0.4323	0.0222	0.5405	0.2613	0.1689	
0.58	1.4049	-0.0501	0.1028	0.2893	0.521	0.4853	0.19	0.4227	0.6225	-0.0699	0.171	0.4504	0.0433	0.5525	0.2612	0.1833	
0.6	1.426	-0.0547	0.1028	0.2893	0.5292	0.5115	0.2131	0.4328	0.6486	-0.0516	0.1713	0.4673	0.0634	0.5619	0.2612	0.1975	
0.62	1.4473	-0.0586	0.1028	0.2893	0.5385	0.5311	0.2363	0.4414	0.6709	-0.0348	0.1713	0.4823	0.0816	0.5683	0.2612	0.2105	
0.64	1.4692	-0.0616	0.1028	0.2893	0.5489	0.5443	0.2596	0.4481	0.6887	-0.0198	0.1712	0.4949	0.0974	0.572	0.2612	0.2217	
0.66	1.4916	-0.0637	0.1028	0.2893	0.5606	0.5522	0.2827	0.4528	0.7018	-0.007	0.1712	0.5046	0.1101	0.5735	0.2612	0.2305	
0.68	1.5142	-0.0645	0.1028	0.2893	0.573	0.5546	0.3034	0.4549	0.7088	0.005	0.1712	0.5105	0.1186	0.5731	0.2612	0.2366	
0.7	1.5368	-0.0654	0.1028	0.2893	0.5853	0.5571	0.3242	0.457	0.7158	0.0169	0.1712	0.5163	0.1272	0.5728	0.2612	0.2428	
0.72	1.5594	-0.0662	0.1028	0.2893	0.5976	0.5596	0.345	0.459	0.7229	0.0288	0.1712	0.5222	0.1357	0.5725	0.2612	0.2489	
0.74	1.5821	-0.0671	0.1028	0.2893	0.6099	0.562	0.3657	0.4611	0.7299	0.0408	0.1713	0.5281	0.1443	0.5721	0.2612	0.255	
