0	0.0312	0.4518	0.1281	0.1937	0.3428	0.154	-0.0602	0.4237	0.231	-0.2235	0.4481	0.165	-0.1343	0.2549	0.2184	-0.0408	
0.02	0.0312	0.4518	0.1279	0.1937	0.3538	0.1675	-0.0602	0.4453	0.2318	-0.2235	0.4578	0.1673	-0.1361	0.2633	0.2184	-0.0408	
0.04	0.0312	0.4518	0.1278	0.1937	0.3648	0.181	-0.0602	0.4669	0.2326	-0.2235	0.4675	0.1696	-0.138	0.2718	0.2184	-0.0408	
0.06	0.0312	0.4518	0.1276	0.1937	0.3759	0.1945	-0.0602	0.4885	0.2334	-0.2235	0.4772	0.1718	-0.1399	0.2802	0.2184	-0.0408	
0.08	0.0312	0.4518	0.1275	0.1937	0.3869	0.208	-0.0602	0.5101	0.2342	-0.2235	0.4869	0.1741	-0.1417	0.2886	0.2184	-0.0408	
0.1	0.0312	0.4518	0.127	0.1937	0.3987	0.2199	-0.0602	0.5298	0.2354	-0.2235	0.4967	0.1766	-0.1438	0.2961	0.2184	-0.0408	
0.12	0.0312	0.4518	0.1262	0.1937	0.4126	0.2319	-0.0602	0.5501	0.2371	-0.2235	0.508	0.1796	-0.1464	0.3043	0.2184	-0.0408	
0.14	0.0313	0.4518	0.125	0.1937	0.4279	0.2436	-0.0602	0.5701	0.2393	-0.2235	0.5204	0.183	-0.1494	0.3128	0.2184	-0.0408	
0.16	0.0315	0.4518	0.1234	0.1937	0.4438	0.2544	-0.0602	0.5889	0.2421	-0.2235	0.5335	0.1868	-0.1528	0.3211	0.2184	-0.0408	
0.18	0.0319	0.4517	0.1212	0.1937	0.4595	0.2637	-0.0602	0.6056	0.2454	-0.2235	0.5467	0.1908	-0.1566	0.3289	0.2184	-0.0408	
0.2	0.0327	0.4516	0.1186	0.1937	0.4742	0.2713	-0.0602	0.6198	0.2493	-0.2236	0.5595	0.195	-0.1605	0.3358	0.2184	-0.0408	
0.22	0.0339	0.4514	0.1155	0.1937	0.4875	0.277	-0.0602	0.6315	0.2537	-0.2237	0.5714	0.1993	-0.1645	0.3417	0.2184	-0.0408	
0.24	0.0355	0.4511	0.1122	0.1937	0.4991	0.2809	-0.0602	0.641	0.2584	-0.2241	0.5825	0.2036	-0.1685	0.3467	0.2184	-0.0408	
0.26	0.0377	0.4508	0.1088	0.1937	0.509	0.2829	-0.0602	0.6487	0.2635	-0.2248	0.5928	0.2078	-0.1724	0.3513	0.2186	-0.0408	
0.28	0.0404	0.4504	0.1053	0.1937	0.5173	0.2831	-0.0602	0.6552	0.2687	-0.2258	0.6026	0.2119	-0.1762	0.3557	0.2188	-0.0408	
0.3	0.0437	0.4499	0.102	0.1937	0.5245	0.2815	-0.0602	0.6609	0.2741	-0.2272	0.6121	0.2158	-0.1799	0.36	0.2193	-0.0408	
0.32	0.0474	0.4493	0.0988	0.1937	0.531	0.2781	-0.0602	0.6662	0.2796	-0.2291	0.6215	0.2195	-0.1835	0.3644	0.22	-0.0406	
0.34	0.0516	0.4486	0.096	0.1937	0.5373	0.2732	-0.0602	0.6714	0.2851	-0.2315	0.631	0.2232	-0.187	0.3688	0.221	-0.0404	
0.36	0.0561	0.4478	0.0934	0.1936	0.5436	0.2673	-0.0601	0.6765	0.2906	-0.2344	0.6405	0.2268	-0.1904	0.3731	0.2224	-0.04	
0.38	0.0608	0.447	0.0911	0.1936	0.55	0.2609	-0.0599	0.6816	0.2961	-0.2378	0.6502	0.2303	-0.1937	0.3774	0.2241	-0.0394	
0.4	0.0655	0.4461	0.0891	0.1934	0.5564	0.2549	-0.0597	0.6866	0.3016	-0.2416	0.6599	0.2339	-0.197	0.3816	0.2263	-0.0387	
0.42	0.0702	0.4452	0.0872	0.1932	0.563	0.2502	-0.0594	0.6913	0.3073	-0.2457	0.6699	0.2376	-0.2003	0.3859	0.229	-0.0377	
0.44	0.0747	0.4442	0.0855	0.1929	0.5699	0.2478	-0.059	0.6959	0.3139	-0.25	0.68	0.2415	-0.2036	0.3907	0.232	-0.0365	
0.46	0.0789	0.4431	0.0839	0.1925	0.5779	0.2487	-0.0584	0.7007	0.322	-0.2545	0.6904	0.246	-0.2069	0.3966	0.2356	-0.0351	
0.48	0.0827	0.442	0.0823	0.192	0.588	0.2542	-0.0578	0.7066	0.3325	-0.2589	0.7011	0.2513	-0.2102	0.4046	0.2397	-0.0334	
0.5	0.086	0.4409	0.0808	0.1914	0.601	0.2651	-0.0569	0.7148	0.3458	-0.2632	0.7123	0.258	-0.2134	0.4154	0.2441	-0.0315	
0.52	0.0885	0.4397	0.0794	0.1906	0.6172	0.2825	-0.0559	0.7265	0.362	-0.2673	0.7246	0.2664	-0.2164	0.4299	0.249	-0.0294	
0.54	0.0902	0.4385	0.078	0.1897	0.6365	0.3066	-0.0546	0.7428	0.381	-0.2712	0.7393	0.2769	-0.2193	0.449	0.2541	-0.0271	
0.56	0.0906	0.4373	0.0766	0.1886	0.6579	0.3377	-0.0532	0.7638	0.4026	-0.2746	0.7576	0.2894	-0.222	0.4736	0.2597	-0.0246	
0.58	0.0898	0.436	0.0752	0.1874	0.6804	0.3754	-0.0517	0.7896	0.4265	-0.2775	0.7808	0.3041	-0.2244	0.5042	0.2658	-0.022	
0.6	0.0874	0.4347	0.0739	0.1862	0.7029	0.419	-0.0501	0.8196	0.453	-0.2798	0.8099	0.3208	-0.2266	0.5411	0.2729	-0.0192	
0.62	0.0836	0.4335	0.0725	0.1848	0.7245	0.4672	-0.0483	0.8527	0.4821	-0.2813	0.8448	0.3397	-0.2285	0.5836	0.2814	-0.0163	
0.64	0.0784	0.4322	0.0712	0.1834	0.7443	0.5182	-0.0461	0.8878	0.5138	-0.2819	0.8847	0.3609	-0.2299	0.6304	0.2921	-0.0133	
0.66	0.0724	0.4309	0.0698	0.1818	0.7613	0.5697	-0.0432	0.9233	0.5474	-0.2816	0.9283	0.3845	-0.2309	0.6796	0.3051	-0.0102	
0.68	0.0659	0.4297	0.0684	0.1802	0.7748	0.6196	-0.0394	0.9573	0.5822	-0.2802	0.9738	0.4105	-0.2313	0.7295	0.3206	-0.007	
0.7	0.0594	0.4285	0.0669	0.1785	0.7845	0.6664	-0.0345	0.9881	0.6175	-0.2778	1.0194	0.438	-0.231	0.7784	0.3384	-0.0037	
0.72	0.0533	0.4273	0.0654	0.1767	0.7906	0.7086	-0.0286	1.0145	0.6525	-0.2743	1.0633	0.466	-0.2301	0.8247	0.3579	-0.0002	
0.74	0.048	0.4261	0.0639	0.1749	0.794	0.7457	-0.0221	1.036	0.6865	-0.2699	1.1036	0.4934	-0.2284	0.867	0.3785	0.0034	
0.76	0.0436	0.425	0.0623	0.1731	0.796	0.7771	-0.0152	1.0531	0.7189	-0.2646	1.1391	0.5193	-0.2259	0.9044	0.3995	0.0072	
0.78	0.0403	0.424	0.0606	0.1714	0.7977	0.8031	-0.0081	1.0662	0.7488	-0.2585	1.1689	0.5432	-0.2227	0.9361	0.4204	0.0114	
0.8	0.0381	0.4229	0.059	0.1699	0.7996	0.824	-0.001	1.0766	0.7755	-0.2518	1.193	0.5649	-0.2187	0.9621	0.4404	0.0159	
0.82	0.0369	0.4218	0.0572	0.1686	0.802	0.8405	0.0059	1.085	0.7985	-0.2445	1.2122	0.5841	-0.2141	0.983	0.4589	0.0208	
0.84	0.0365	0.4206	0.0554	0.1675	0.8051	0.8538	0.0123	1.0922	0.8176	-0.2366	1.2279	0.6006	-0.2091	0.9997	0.4754	0.0262	
0.86	0.0365	0.4194	0.0536	0.1667	0.8087	0.8649	0.0179	1.0987	0.8328	-0.2282	1.2415	0.6143	-0.2038	1.0131	0.4897	0.0321	
0.88	0.0366	0.4181	0.0518	0.166	0.8129	0.8746	0.0227	1.1047	0.845	-0.2191	1.2542	0.6258	-0.1982	1.0239	0.5021	0.0387	
0.9	0.0367	0.4167	0.0499	0.1656	0.8177	0.8838	0.0267	1.1104	0.8553	-0.2092	1.2669	0.6367	-0.1922	1.033	0.5136	0.0462	
0.92	0.0368	0.4152	0.048	0.1654	0.8234	0.893	0.0301	1.1161	0.8651	-0.1982	1.2801	0.6488	-0.1854	1.041	0.5252	0.0547	
0.94	0.0367	0.4133	0.0461	0.1653	0.8299	0.9026	0.0331	1.1227	0.8756	-0.1861	1.294	0.6636	-0.1775	1.0489	0.5377	0.0645	
0.96	0.0367	0.4109	0.0441	0.1653	0.8372	0.9126	0.0362	1.1314	0.8878	-0.1727	1.3086	0.6818	-0.1683	1.0579	0.5515	0.0758	
0.98	0.0366	0.4082	0.0421	0.1654	0.8454	0.9228	0.0396	1.1433	0.9017	-0.1578	1.3241	0.7029	-0.1581	1.0691	0.5662	0.0888	
1	0.0366	0.405	0.0401	0.1654	0.8545	0.9328	0.0438	1.1593	0.9169	-0.1415	1.3406	0.7256	-0.1473	1.0831	0.5813	0.1032	
1.02	0.0367	0.4017	0.0381	0.1654	0.8646	0.9424	0.0488	1.1792	0.9325	-0.1237	1.3582	0.7483	-0.1366	1.1001	0.5958	0.1185	
1.04	0.0367	0.3983	0.0361	0.1654	0.8759	0.9511	0.0548	1.2023	0.9477	-0.1049	1.377	0.7698	-0.1264	1.1195	0.6093	0.1341	
1.06	0.0367	0.3951	0.0343	0.1654	0.8886	0.9588	0.0616	1.2272	0.9619	-0.0858	1.3971	0.7894	-0.117	1.1404	0.6214	0.1493	
1.08	0.0367	0.3921	0.0326	0.1654	0.9032	0.9652	0.0686	1.2524	0.9747	-0.0674	1.4187	0.8063	-0.1087	1.1616	0.632	0.1634	
1.1	0.0367	0.3894	0.0312	0.1654	0.9197	0.9702	0.0756	1.2768	0.9859	-0.0506	1.4418	0.8201	-0.1018	1.1821	0.6406	0.1759	
1.12	0.0367	0.3872	0.03	0.1654	0.9382	0.9736	0.0821	1.2988	0.9949	-0.036	1.4662	0.8303	-0.0966	1.2007	0.6469	0.1863	
1.14	0.0367	0.3855	0.029	0.1654	0.9577	0.975	0.09	1.3222	1.001	-0.0211	1.491	0.8352	-0.094	1.2205	0.6498	0.1953	
1.16	0.0367	0.3839	0.0279	0.1654	0.9772	0.9764	0.0979	1.3456	1.0071	-0.0062	1.5159	0.8401	-0.0914	1.2402	0.6527	0.2044	
1.18	0.0367	0.3822	0.0269	0.1654	0.9968	0.9777	0.1059	1.3689	1.0132	0.0088	1.5407	0.845	-0.0888	1.26	0.6556	0.2135	
1.2	0.0367	0.3805	0.0258	0.1654	1.0163	0.9791	0.1138	1.3923	1.0193	0.0237	1.5656	0.8499	-0.0862	1.2797	0.6585	0.2226	
