0	0.5559	0.2934	0.4051	0.1209	0.2166	-0.1152	0.0121	0.1026	0.0312	-0.1199	-0.0026	0.0778	-0.1473	-0.0257	-0.0648	-0.0233	
0.02	0.607	0.2588	0.4049	0.1306	0.2509	-0.0713	0.0292	0.1279	0.0925	-0.1026	0.0054	0.1311	-0.1231	-0.0128	-0.0238	-0.0233	
0.04	0.6582	0.2242	0.4047	0.1403	0.2853	-0.0274	0.0462	0.1531	0.1537	-0.0852	0.0133	0.1845	-0.0989	0	0.0171	-0.0233	
0.06	0.7093	0.1895	0.4044	0.15	0.3196	0.0165	0.0633	0.1784	0.215	-0.0678	0.0213	0.2378	-0.0747	0.0128	0.0581	-0.0233	
0.08	0.7604	0.1549	0.4042	0.1597	0.3539	0.0604	0.0803	0.2037	0.2763	-0.0504	0.0292	0.2911	-0.0506	0.0257	0.0991	-0.0233	
0.1	0.8112	0.123	0.4035	0.1677	0.3786	0.0989	0.0946	0.2202	0.334	-0.0331	0.0322	0.338	-0.0301	0.0366	0.1342	-0.0233	
0.12	0.8593	0.0949	0.4024	0.1745	0.3979	0.1356	0.1085	0.2273	0.3881	-0.0151	0.0324	0.3817	-0.009	0.0447	0.1651	-0.0233	
0.14	0.904	0.0706	0.4008	0.1801	0.4101	0.1693	0.1216	0.2238	0.438	0.0029	0.0294	0.4212	0.0119	0.0501	0.1914	-0.0233	
0.16	0.9448	0.0499	0.3985	0.1844	0.4144	0.1987	0.1332	0.2088	0.4834	0.0205	0.0228	0.4554	0.0313	0.0529	0.2127	-0.0233	
0.18	0.9818	0.0323	0.3953	0.1872	0.4105	0.223	0.1428	0.1828	0.524	0.037	0.012	0.4837	0.0483	0.0538	0.2291	-0.0233	
0.2	1.0155	0.0173	0.3911	0.1891	0.3992	0.242	0.1502	0.1477	0.5592	0.0521	-0.0028	0.5069	0.0623	0.0536	0.2417	-0.0233	
0.22	1.0463	0.0044	0.3856	0.1905	0.3821	0.2559	0.1558	0.1065	0.5886	0.0657	-0.0214	0.526	0.0733	0.053	0.2518	-0.0233	
0.24	1.0743	-0.0067	0.3789	0.1918	0.3615	0.266	0.1603	0.0625	0.6126	0.0776	-0.0429	0.5422	0.0821	0.0527	0.2608	-0.0233	
0.26	1.0992	-0.0163	0.3713	0.1934	0.3395	0.2733	0.1641	0.0186	0.6323	0.0878	-0.0662	0.5567	0.0894	0.0526	0.2696	-0.0234	
0.28	1.1209	-0.0247	0.3633	0.1953	0.3179	0.2793	0.1677	-0.0234	0.6489	0.0964	-0.09	0.5699	0.0961	0.0527	0.2782	-0.0234	
0.3	1.1396	-0.0321	0.3554	0.1975	0.2982	0.2848	0.1712	-0.0617	0.6637	0.1038	-0.113	0.5823	0.1025	0.0529	0.2867	-0.0236	
0.32	1.1559	-0.0386	0.348	0.2001	0.281	0.2903	0.1747	-0.0954	0.6773	0.1102	-0.1343	0.5939	0.1088	0.053	0.2949	-0.0239	
0.34	1.1705	-0.0443	0.3414	0.2029	0.2665	0.296	0.1783	-0.1234	0.6897	0.1161	-0.1533	0.6047	0.1151	0.053	0.3029	-0.0242	
0.36	1.184	-0.0491	0.3357	0.2061	0.2547	0.3018	0.182	-0.1454	0.701	0.1218	-0.1698	0.6146	0.1212	0.0529	0.3106	-0.0248	
0.38	1.1965	-0.0532	0.3312	0.2096	0.2453	0.3077	0.1861	-0.1615	0.711	0.1273	-0.1834	0.6236	0.1273	0.0529	0.3182	-0.0254	
0.4	1.2079	-0.0568	0.3279	0.2136	0.2382	0.3138	0.1905	-0.1722	0.7198	0.1328	-0.194	0.6317	0.1335	0.0529	0.3261	-0.0263	
0.42	1.2181	-0.0602	0.3259	0.2179	0.2335	0.3199	0.1955	-0.1785	0.7277	0.1384	-0.2013	0.6392	0.1398	0.0529	0.3342	-0.0273	
0.44	1.227	-0.0635	0.3251	0.2225	0.231	0.3259	0.201	-0.1812	0.7347	0.144	-0.2056	0.6462	0.1463	0.0529	0.3428	-0.0286	
0.46	1.2347	-0.0668	0.3249	0.2276	0.231	0.3318	0.207	-0.1805	0.7412	0.1497	-0.2074	0.6529	0.1531	0.0529	0.3519	-0.0301	
0.48	1.2417	-0.0702	0.3251	0.2332	0.2335	0.3373	0.2135	-0.1766	0.7473	0.1556	-0.2076	0.6595	0.1601	0.0529	0.3616	-0.0319	
0.5	1.2483	-0.0736	0.3253	0.2393	0.2387	0.3421	0.2201	-0.1689	0.753	0.1616	-0.2071	0.666	0.1674	0.0529	0.3719	-0.0339	
0.52	1.2552	-0.0771	0.3254	0.246	0.2468	0.3462	0.227	-0.1571	0.7587	0.1679	-0.2067	0.6725	0.1751	0.0529	0.3829	-0.0361	
0.54	1.2628	-0.0807	0.3254	0.2536	0.2578	0.3496	0.2341	-0.1415	0.7646	0.1746	-0.2065	0.6791	0.1833	0.0529	0.3948	-0.0384	
0.56	1.2715	-0.0844	0.3253	0.2623	0.2715	0.3521	0.2422	-0.1228	0.771	0.1816	-0.2066	0.6859	0.1919	0.0529	0.4078	-0.0408	
0.58	1.281	-0.0882	0.3253	0.2723	0.2869	0.354	0.2517	-0.1023	0.778	0.1888	-0.2068	0.6933	0.2007	0.0529	0.4224	-0.0436	
0.6	1.2911	-0.0921	0.3252	0.284	0.3029	0.3552	0.2638	-0.0814	0.7861	0.196	-0.2069	0.7018	0.2095	0.0529	0.4389	-0.0471	
0.62	1.3013	-0.0959	0.3253	0.2976	0.3185	0.3559	0.279	-0.0616	0.7953	0.2029	-0.2069	0.7118	0.2179	0.0529	0.4577	-0.0516	
0.64	1.3112	-0.0996	0.3253	0.3133	0.3329	0.3561	0.2979	-0.044	0.8058	0.2091	-0.2069	0.7235	0.2256	0.0529	0.4789	-0.0573	
0.66	1.3227	-0.1035	0.3253	0.3298	0.3496	0.356	0.3176	-0.0252	0.8168	0.216	-0.2068	0.7352	0.2339	0.0529	0.501	-0.0628	
0.68	1.3343	-0.1075	0.3253	0.3463	0.3663	0.356	0.3372	-0.0065	0.8279	0.2228	-0.2068	0.7468	0.2422	0.0529	0.5231	-0.0683	
0.7	1.3458	-0.1114	0.3253	0.3629	0.383	0.3559	0.3568	0.0122	0.839	0.2296	-0.2067	0.7585	0.2506	0.0529	0.5453	-0.0738	
0.72	1.3574	-0.1153	0.3253	0.3794	0.3997	0.3559	0.3765	0.031	0.8501	0.2364	-0.2067	0.7702	0.2589	0.0529	0.5674	-0.0793	
