0	0.537	0.287	0.4375	0.0683	0.2868	-0.0811	0.1231	0.2247	-0.0269	0.0232	0.0802	0.0433	-0.0314	0.0981	-0.1175	0.0077	
0.02	0.5679	0.243	0.4273	0.0683	0.29	-0.066	0.1215	0.2259	0.0165	0.0237	0.0682	0.091	-0.0314	0.0981	-0.0911	0.0007	
0.04	0.5988	0.1991	0.4171	0.0683	0.2932	-0.0508	0.12	0.2271	0.0599	0.0243	0.0561	0.1386	-0.0314	0.098	-0.0646	-0.0064	
0.06	0.6297	0.1551	0.4068	0.0683	0.2965	-0.0356	0.1184	0.2283	0.1032	0.0249	0.0441	0.1862	-0.0314	0.098	-0.0382	-0.0134	
0.08	0.6607	0.1112	0.3966	0.0683	0.2997	-0.0204	0.1169	0.2295	0.1466	0.0254	0.0321	0.2339	-0.0314	0.098	-0.0118	-0.0204	
0.1	0.6913	0.0681	0.3878	0.0683	0.3038	-0.0059	0.1151	0.2317	0.1866	0.0265	0.0222	0.2785	-0.0314	0.0981	0.0138	-0.0272	
0.12	0.7212	0.0347	0.3783	0.0683	0.3092	0.0102	0.1129	0.235	0.2284	0.0282	0.0157	0.3184	-0.0314	0.0984	0.0368	-0.0329	
0.14	0.7503	0.0097	0.3686	0.0683	0.3157	0.028	0.1104	0.2395	0.2704	0.0305	0.0128	0.3535	-0.0314	0.099	0.0574	-0.0376	
0.16	0.7786	-0.009	0.3593	0.0683	0.3233	0.0473	0.1075	0.2454	0.3107	0.0334	0.0131	0.384	-0.0314	0.1	0.0759	-0.0415	
0.18	0.8059	-0.0236	0.3508	0.0683	0.3318	0.0676	0.1045	0.2528	0.3471	0.0371	0.0165	0.4105	-0.0314	0.1016	0.0929	-0.045	
0.2	0.8323	-0.036	0.3435	0.0683	0.3411	0.0885	0.1013	0.2621	0.3787	0.0415	0.0225	0.4331	-0.0314	0.1039	0.1087	-0.0483	
0.22	0.8582	-0.0471	0.3371	0.0683	0.3509	0.1097	0.0983	0.2732	0.405	0.0464	0.0307	0.4523	-0.0312	0.1069	0.1238	-0.0514	
0.24	0.8837	-0.0572	0.3312	0.0683	0.3612	0.1307	0.0954	0.2861	0.4265	0.0517	0.0411	0.4686	-0.0308	0.1108	0.1383	-0.0546	
0.26	0.9088	-0.0664	0.3255	0.0683	0.3719	0.151	0.0929	0.3005	0.444	0.0574	0.0532	0.4828	-0.0302	0.1155	0.1522	-0.0578	
0.28	0.9331	-0.0746	0.3195	0.0685	0.3829	0.1704	0.0907	0.316	0.4584	0.0631	0.0671	0.4954	-0.0293	0.121	0.1658	-0.061	
0.3	0.9561	-0.082	0.313	0.0687	0.3941	0.1884	0.089	0.3325	0.4703	0.0689	0.0824	0.5068	-0.028	0.1271	0.1792	-0.0643	
0.32	0.9776	-0.0889	0.3063	0.0692	0.4054	0.2046	0.0877	0.3495	0.4804	0.0747	0.0989	0.5173	-0.0263	0.1339	0.1923	-0.0677	
0.34	0.9977	-0.0956	0.2997	0.0699	0.4169	0.2188	0.087	0.3668	0.4891	0.0805	0.116	0.5272	-0.0241	0.1413	0.2055	-0.0711	
0.36	1.0169	-0.1023	0.2934	0.0709	0.429	0.231	0.0867	0.3841	0.4968	0.0863	0.1335	0.5364	-0.0214	0.1496	0.2188	-0.0746	
0.38	1.0361	-0.1092	0.2877	0.0722	0.4425	0.2413	0.0869	0.4009	0.5039	0.092	0.1509	0.545	-0.0182	0.1589	0.2325	-0.0782	
0.4	1.0561	-0.1164	0.2828	0.074	0.4581	0.2501	0.0876	0.4169	0.5106	0.0977	0.1682	0.5531	-0.0145	0.1693	0.2467	-0.0818	
0.42	1.0773	-0.1238	0.2789	0.0761	0.4762	0.258	0.0886	0.4322	0.5173	0.1031	0.1858	0.5608	-0.0104	0.1805	0.2614	-0.0852	
0.44	1.0998	-0.1313	0.2759	0.0786	0.4964	0.2657	0.09	0.4467	0.5238	0.1081	0.2038	0.5681	-0.006	0.1921	0.2764	-0.0883	
0.46	1.1234	-0.1388	0.274	0.0814	0.5177	0.274	0.0918	0.461	0.5304	0.1127	0.2226	0.5753	-0.0016	0.2036	0.2913	-0.0911	
0.48	1.1476	-0.1459	0.2729	0.0846	0.539	0.2833	0.0938	0.4754	0.5372	0.1166	0.2421	0.5823	0.0027	0.2145	0.3055	-0.0935	
0.5	1.1723	-0.1524	0.2725	0.0882	0.5592	0.2939	0.096	0.4903	0.5447	0.1199	0.2617	0.5895	0.0066	0.2245	0.3185	-0.0955	
0.52	1.1976	-0.1582	0.2725	0.092	0.5778	0.3056	0.0985	0.5058	0.5531	0.1225	0.281	0.5969	0.0101	0.2331	0.3299	-0.097	
0.54	1.2234	-0.1631	0.2726	0.0961	0.5941	0.318	0.1015	0.5217	0.5626	0.1244	0.2991	0.6049	0.013	0.2402	0.3396	-0.0982	
0.56	1.2495	-0.1669	0.2727	0.1004	0.6078	0.3306	0.1053	0.5376	0.5733	0.1256	0.3157	0.6136	0.0153	0.2457	0.3472	-0.0989	
0.58	1.2749	-0.1698	0.2728	0.1046	0.6182	0.3428	0.1099	0.5532	0.5846	0.1262	0.3304	0.6229	0.017	0.2493	0.3529	-0.0993	
0.6	1.2983	-0.1717	0.2727	0.1087	0.625	0.3542	0.1154	0.5678	0.5959	0.1265	0.343	0.6327	0.0181	0.2514	0.3566	-0.0994	
0.62	1.3185	-0.1727	0.2727	0.1123	0.6283	0.3645	0.1218	0.5811	0.6068	0.1265	0.3531	0.6427	0.0187	0.2521	0.3586	-0.0994	
0.64	1.3351	-0.1731	0.2727	0.1155	0.6291	0.3731	0.1289	0.5926	0.6166	0.1264	0.3603	0.6527	0.019	0.2521	0.3594	-0.0994	
0.66	1.352	-0.173	0.2727	0.1187	0.6283	0.3807	0.1369	0.6032	0.6273	0.1264	0.3633	0.6635	0.0189	0.2519	0.3592	-0.0993	
0.68	1.3688	-0.1729	0.2727	0.1219	0.6275	0.3883	0.1449	0.6139	0.6381	0.1264	0.3664	0.6743	0.0188	0.2517	0.359	-0.0993	
0.7	1.3857	-0.1728	0.2727	0.1251	0.6267	0.3959	0.1529	0.6246	0.6489	0.1263	0.3695	0.6852	0.0188	0.2514	0.3588	-0.0993	
0.72	1.4026	-0.1727	0.2727	0.1283	0.6259	0.4035	0.1609	0.6352	0.6597	0.1263	0.3725	0.696	0.0187	0.2512	0.3586	-0.0993	
