0	0.328	0.3851	-0.1052	0.1575	0.3173	-0.1398	0.1581	0.2934	-0.1933	0.1081	0.2786	-0.2412	0.1099	0.284	-0.0169	0.2953	
0.02	0.328	0.3851	-0.1052	0.1575	0.3173	-0.1398	0.1581	0.2934	-0.1933	0.1081	0.2786	-0.2412	0.1099	0.284	-0.0169	0.2953	
0.04	0.328	0.3851	-0.1052	0.1575	0.3173	-0.1398	0.1581	0.2934	-0.1933	0.1081	0.2786	-0.2412	0.1099	0.284	-0.0169	0.2953	
0.06	0.328	0.3851	-0.1052	0.1575	0.3173	-0.1398	0.1581	0.2934	-0.1933	0.1081	0.2786	-0.2412	0.1099	0.284	-0.0168	0.2953	
0.08	0.328	0.3851	-0.1052	0.1575	0.3173	-0.1398	0.1581	0.2934	-0.1933	0.1081	0.2786	-0.2412	0.1099	0.284	-0.0168	0.2953	
0.1	0.328	0.3851	-0.1052	0.1575	0.3173	-0.1398	0.1581	0.2934	-0.1933	0.1081	0.2786	-0.2412	0.1099	0.284	-0.0168	0.2953	
0.12	0.328	0.3851	-0.1052	0.1575	0.3173	-0.1398	0.1581	0.2934	-0.1933	0.1081	0.2786	-0.2412	0.1099	0.284	-0.0169	0.2953	
0.14	0.328	0.3851	-0.1052	0.1575	0.3173	-0.1398	0.1581	0.2934	-0.1933	0.1081	0.2786	-0.2412	0.1099	0.284	-0.0169	0.2953	
0.16	0.328	0.3851	-0.1052	0.1575	0.3173	-0.1398	0.1581	0.2934	-0.1933	0.1081	0.2786	-0.2412	0.1099	0.284	-0.0169	0.2953	
0.18	0.328	0.3851	-0.1052	0.1575	0.3173	-0.1398	0.1581	0.2934	-0.1933	0.1081	0.2786	-0.2412	0.1099	0.284	-0.0168	0.2953	
0.2	0.328	0.3851	-0.1052	0.1575	0.3173	-0.1398	0.1581	0.2934	-0.1933	0.1081	0.2786	-0.2412	0.1099	0.284	-0.0168	0.2953	
0.22	0.328	0.3851	-0.1052	0.1575	0.3173	-0.1398	0.1581	0.2934	-0.1933	0.1081	0.2786	-0.2412	0.1099	0.284	-0.0168	0.2953	
0.24	0.328	0.3851	-0.1052	0.1575	0.3173	-0.1398	0.1581	0.2934	-0.1933	0.1081	0.2786	-0.2412	0.1099	0.284	-0.0168	0.2953	
0.26	0.328	0.3851	-0.1052	0.1575	0.3173	-0.1398	0.1581	0.2934	-0.1933	0.1081	0.2786	-0.2412	0.1099	0.284	-0.0169	0.2953	
0.28	0.328	0.3851	-0.1052	0.1575	0.3173	-0.1398	0.1581	0.2934	-0.1933	0.1081	0.2786	-0.2412	0.1099	0.284	-0.0169	0.2953	
0.3	0.328	0.3851	-0.1052	0.1575	0.3173	-0.1398	0.1581	0.2934	-0.1933	0.1081	0.2786	-0.2412	0.1099	0.284	-0.0169	0.2953	
0.32	0.328	0.3851	-0.1052	0.1575	0.3173	-0.1398	0.1581	0.2934	-0.1933	0.1081	0.2786	-0.2412	0.1099	0.284	-0.0169	0.2953	
0.34	0.328	0.3851	-0.1052	0.1575	0.3173	-0.1398	0.1581	0.2934	-0.1933	0.1081	0.2786	-0.2412	0.1099	0.284	-0.0168	0.2953	
0.36	0.328	0.3851	-0.1052	0.1575	0.3173	-0.1398	0.1581	0.2934	-0.1933	0.1081	0.2786	-0.2412	0.1099	0.284	-0.0168	0.2953	
0.38	0.328	0.3851	-0.1052	0.1575	0.3173	-0.1398	0.1581	0.2934	-0.1933	0.1081	0.2786	-0.2412	0.1099	0.284	-0.0168	0.2953	
0.4	0.328	0.3851	-0.1052	0.1575	0.3173	-0.1398	0.1581	0.2934	-0.1933	0.1081	0.2786	-0.2412	0.1099	0.284	-0.0168	0.2953	
0.42	0.328	0.3851	-0.1052	0.1575	0.3173	-0.1398	0.1581	0.2934	-0.1933	0.1081	0.2786	-0.2412	0.1099	0.284	-0.0169	0.2953	
0.44	0.328	0.3851	-0.1052	0.1575	0.3173	-0.1398	0.1581	0.2934	-0.1932	0.1081	0.2786	-0.2412	0.1099	0.284	-0.0169	0.2953	
0.46	0.328	0.3851	-0.1052	0.1575	0.3173	-0.1398	0.1581	0.2934	-0.1931	0.1081	0.2786	-0.2412	0.1099	0.284	-0.0168	0.2953	
0.48	0.3281	0.3851	-0.1052	0.1575	0.3173	-0.1398	0.1581	0.2934	-0.1929	0.1081	0.2786	-0.2411	0.1099	0.284	-0.0168	0.2953	
0.5	0.3281	0.3851	-0.1052	0.1576	0.3174	-0.1398	0.1581	0.2934	-0.1926	0.1081	0.2786	-0.241	0.1099	0.284	-0.0167	0.2953	
0.52	0.3283	0.3851	-0.1052	0.1576	0.3175	-0.1398	0.1581	0.2934	-0.1921	0.1081	0.2786	-0.2409	0.1098	0.284	-0.0165	0.2953	
0.54	0.3285	0.3851	-0.1052	0.1577	0.3176	-0.1398	0.1581	0.2935	-0.1915	0.1081	0.2786	-0.2406	0.1097	0.284	-0.0163	0.2953	
0.56	0.3289	0.3851	-0.1052	0.1579	0.3179	-0.1398	0.1581	0.2935	-0.1906	0.1081	0.2786	-0.2403	0.1094	0.284	-0.0159	0.2954	
0.58	0.3293	0.385	-0.1052	0.1581	0.3182	-0.1398	0.1581	0.2936	-0.1896	0.1081	0.2786	-0.2398	0.1091	0.284	-0.0153	0.2954	
0.6	0.3299	0.3849	-0.1052	0.1585	0.3186	-0.1398	0.1581	0.2938	-0.1883	0.1081	0.2786	-0.2392	0.1087	0.284	-0.0146	0.2955	
0.62	0.3307	0.3848	-0.1052	0.159	0.3191	-0.1398	0.1581	0.294	-0.1868	0.1081	0.2786	-0.2385	0.1081	0.284	-0.0136	0.2955	
0.64	0.3316	0.3845	-0.1052	0.1597	0.3198	-0.1398	0.1581	0.2944	-0.185	0.1081	0.2786	-0.2375	0.1074	0.284	-0.0125	0.2957	
0.66	0.3326	0.3842	-0.1052	0.1605	0.3205	-0.1398	0.1581	0.2948	-0.183	0.1081	0.2786	-0.2364	0.1066	0.284	-0.0111	0.2958	
0.68	0.3338	0.3838	-0.1052	0.1615	0.3214	-0.1398	0.1581	0.2954	-0.1808	0.1081	0.2786	-0.2351	0.1057	0.284	-0.0095	0.296	
0.7	0.3352	0.3834	-0.1052	0.1627	0.3224	-0.1397	0.1581	0.2961	-0.1784	0.1081	0.2786	-0.2336	0.1046	0.2841	-0.0076	0.2962	
0.72	0.3367	0.3828	-0.1052	0.164	0.3235	-0.1396	0.1581	0.2969	-0.1758	0.1081	0.2786	-0.2318	0.1035	0.2841	-0.0054	0.2965	
0.74	0.3383	0.3821	-0.1052	0.1655	0.3247	-0.1395	0.1581	0.2978	-0.1729	0.1081	0.2786	-0.2299	0.1022	0.2842	-0.003	0.2968	
0.76	0.34	0.3813	-0.1052	0.167	0.3261	-0.1393	0.1582	0.2989	-0.1698	0.1081	0.2786	-0.2277	0.1009	0.2843	-0.0004	0.2972	
0.78	0.3419	0.3805	-0.1052	0.1688	0.3275	-0.1391	0.1582	0.3002	-0.1666	0.1081	0.2786	-0.2253	0.0995	0.2845	0.0026	0.2976	
0.8	0.3439	0.3796	-0.1052	0.1706	0.3291	-0.1388	0.1583	0.3016	-0.1631	0.1081	0.2787	-0.2226	0.098	0.2848	0.0058	0.2981	
0.82	0.346	0.3786	-0.1051	0.1725	0.3309	-0.1383	0.1583	0.3031	-0.1594	0.1081	0.2787	-0.2195	0.0964	0.2851	0.0093	0.2986	
0.84	0.3483	0.3776	-0.105	0.1746	0.3327	-0.1378	0.1584	0.3048	-0.1554	0.1082	0.2787	-0.216	0.0948	0.2855	0.0132	0.2991	
0.86	0.3506	0.3765	-0.1049	0.1767	0.3346	-0.1372	0.1585	0.3066	-0.1512	0.1082	0.2788	-0.2123	0.0932	0.2859	0.0175	0.2997	
0.88	0.353	0.3754	-0.1048	0.1789	0.3367	-0.1364	0.1587	0.3086	-0.1469	0.1083	0.2788	-0.2084	0.0915	0.2864	0.0221	0.3003	
0.9	0.3556	0.3742	-0.1046	0.1812	0.3389	-0.1356	0.1589	0.3108	-0.1424	0.1084	0.279	-0.2046	0.0898	0.287	0.0269	0.301	
0.92	0.3582	0.373	-0.1043	0.1836	0.3413	-0.1346	0.1591	0.3131	-0.1378	0.1086	0.2791	-0.2006	0.0881	0.2877	0.0318	0.3018	
0.94	0.361	0.3718	-0.104	0.186	0.3438	-0.1335	0.1593	0.3156	-0.1329	0.1087	0.2793	-0.1959	0.0864	0.2884	0.0369	0.3025	
0.96	0.3638	0.3705	-0.1037	0.1884	0.3464	-0.1323	0.1595	0.3182	-0.1277	0.1089	0.2796	-0.1893	0.0847	0.2892	0.0426	0.3033	
0.98	0.3667	0.3692	-0.1033	0.191	0.349	-0.1309	0.1598	0.321	-0.1219	0.1091	0.2799	-0.1796	0.083	0.29	0.0495	0.3042	
1	0.3696	0.3679	-0.1028	0.1935	0.3518	-0.1294	0.1602	0.3241	-0.1152	0.1094	0.2802	-0.1658	0.0813	0.291	0.0584	0.3051	
1.02	0.3727	0.3666	-0.1022	0.1961	0.3548	-0.1278	0.1605	0.3273	-0.1075	0.1097	0.2807	-0.1476	0.0797	0.2919	0.0697	0.306	
1.04	0.3757	0.3653	-0.1016	0.1987	0.3582	-0.126	0.1609	0.3307	-0.0986	0.11	0.2811	-0.1249	0.0781	0.293	0.0838	0.307	
1.06	0.3789	0.364	-0.1009	0.2012	0.3623	-0.1241	0.1614	0.3343	-0.0884	0.1104	0.2817	-0.0984	0.0766	0.2941	0.1006	0.3081	
1.08	0.3823	0.3628	-0.1001	0.2038	0.3673	-0.1221	0.1618	0.338	-0.077	0.1108	0.2823	-0.0686	0.0751	0.2954	0.12	0.3092	
1.1	0.3861	0.3615	-0.0992	0.2065	0.3733	-0.1198	0.1624	0.3417	-0.0645	0.1113	0.283	-0.0363	0.0736	0.2966	0.1417	0.3103	
1.12	0.3904	0.3603	-0.0983	0.2091	0.3803	-0.1175	0.1629	0.3457	-0.051	0.1118	0.2837	-0.0027	0.0723	0.298	0.1655	0.3115	
1.14	0.3952	0.3591	-0.0972	0.2118	0.3882	-0.1149	0.1635	0.3501	-0.0366	0.1124	0.2845	0.0308	0.0711	0.2994	0.1909	0.3127	
1.16	0.4007	0.3579	-0.0961	0.2145	0.3972	-0.1122	0.1642	0.3555	-0.0218	0.113	0.2854	0.0627	0.0699	0.3009	0.2172	0.314	
1.18	0.4068	0.3568	-0.0948	0.2173	0.4071	-0.1093	0.1649	0.3623	-0.0068	0.1137	0.2864	0.0916	0.0688	0.3024	0.2434	0.3153	
1.2	0.4134	0.3557	-0.0935	0.2203	0.4181	-0.1063	0.1656	0.371	0.0078	0.1144	0.2875	0.1171	0.0679	0.304	0.2689	0.3168	
1.22	0.4204	0.3546	-0.092	0.2234	0.4302	-0.103	0.1664	0.3815	0.0218	0.1152	0.2886	0.1397	0.0671	0.3057	0.2931	0.3186	
1.24	0.4273	0.3537	-0.0905	0.2266	0.443	-0.0997	0.1673	0.3938	0.035	0.1161	0.2899	0.1601	0.0664	0.3075	0.3158	0.3208	
1.26	0.4338	0.3528	-0.0888	0.23	0.4563	-0.0961	0.1682	0.4072	0.0477	0.117	0.2912	0.1793	0.0659	0.3093	0.3371	0.3234	
1.28	0.4396	0.3519	-0.087	0.2336	0.4695	-0.0922	0.1691	0.4211	0.0602	0.118	0.2926	0.1982	0.0656	0.3112	0.3568	0.3265	
1.3	0.4442	0.3512	-0.085	0.2372	0.4821	-0.0882	0.1701	0.4347	0.0729	0.119	0.2941	0.2172	0.0655	0.3132	0.3752	0.33	
1.32	0.4473	0.3505	-0.0829	0.241	0.4937	-0.0839	0.1711	0.4474	0.0864	0.1201	0.2957	0.2365	0.0658	0.3152	0.392	0.3338	
1.34	0.4488	0.3499	-0.0807	0.2448	0.5039	-0.0796	0.1723	0.4585	0.1014	0.1213	0.2974	0.2562	0.0664	0.3174	0.4073	0.338	
1.36	0.4485	0.3494	-0.0784	0.2489	0.5126	-0.0751	0.1735	0.4677	0.1186	0.1226	0.2992	0.2761	0.0674	0.3195	0.4213	0.3423	
1.38	0.4465	0.3491	-0.076	0.2532	0.5197	-0.0702	0.1748	0.4746	0.1388	0.1239	0.3012	0.2961	0.0689	0.3218	0.4341	0.3468	
1.4	0.4428	0.3489	-0.0735	0.2581	0.525	-0.0643	0.1761	0.4791	0.1623	0.1254	0.3032	0.3156	0.071	0.3241	0.446	0.3511	
1.42	0.4377	0.3488	-0.0708	0.2634	0.5285	-0.0562	0.1774	0.4815	0.1897	0.127	0.3053	0.3347	0.0736	0.3265	0.4574	0.3553	
1.44	0.4314	0.349	-0.0678	0.269	0.5305	-0.0446	0.1786	0.4823	0.2208	0.1286	0.3076	0.3538	0.0767	0.329	0.4684	0.3591	
1.46	0.4244	0.3494	-0.0643	0.2748	0.5312	-0.0277	0.18	0.4823	0.2556	0.1301	0.3099	0.3738	0.0803	0.3315	0.4793	0.3628	
1.48	0.4169	0.3502	-0.0608	0.2808	0.5313	-0.0042	0.182	0.482	0.2938	0.1317	0.3124	0.396	0.0844	0.3341	0.4907	0.3668	
1.5	0.4092	0.3514	-0.0574	0.2875	0.531	0.0267	0.1848	0.4818	0.335	0.1333	0.315	0.4215	0.0893	0.3367	0.503	0.3718	
1.52	0.4012	0.353	-0.0545	0.2966	0.5308	0.0647	0.1887	0.4817	0.3789	0.1353	0.3177	0.4511	0.0953	0.3395	0.5173	0.3787	
1.54	0.3925	0.3549	-0.0518	0.3105	0.5308	0.1088	0.1936	0.4818	0.4251	0.1381	0.3207	0.4847	0.1028	0.3425	0.5348	0.3883	
1.56	0.3824	0.357	-0.048	0.3317	0.5308	0.1571	0.1994	0.4819	0.4727	0.142	0.3238	0.5224	0.1123	0.3456	0.5565	0.4013	
1.58	0.3703	0.3596	-0.0409	0.3624	0.5309	0.2075	0.2059	0.482	0.5211	0.1471	0.3269	0.5642	0.124	0.349	0.5835	0.418	
1.6	0.3557	0.3627	-0.0276	0.4031	0.531	0.2578	0.2129	0.482	0.569	0.1534	0.33	0.6102	0.1377	0.3528	0.616	0.4389	
1.62	0.3385	0.367	-0.0052	0.4529	0.531	0.3059	0.2201	0.4819	0.6154	0.1607	0.3331	0.66	0.1534	0.3571	0.654	0.4638	
1.64	0.3192	0.3726	0.0281	0.5096	0.5309	0.3501	0.2275	0.4819	0.6595	0.1688	0.3364	0.7126	0.1706	0.3622	0.6968	0.4926	
1.66	0.2984	0.38	0.073	0.5704	0.5309	0.389	0.2347	0.4819	0.7009	0.1777	0.3405	0.7661	0.1888	0.3689	0.7434	0.5249	
1.68	0.2768	0.3889	0.1287	0.6327	0.5309	0.4221	0.2415	0.4819	0.7392	0.1874	0.3462	0.8187	0.2075	0.3777	0.7925	0.5598	
1.7	0.2551	0.3989	0.193	0.694	0.5309	0.4499	0.2479	0.4819	0.7746	0.1973	0.3542	0.8689	0.2259	0.3894	0.8422	0.5963	
1.72	0.2343	0.4094	0.2629	0.7519	0.5309	0.4729	0.2537	0.4819	0.8068	0.2071	0.3649	0.9162	0.2434	0.4044	0.8909	0.633	
1.74	0.2149	0.4198	0.3346	0.8037	0.5309	0.4923	0.2591	0.4819	0.8354	0.216	0.3788	0.9605	0.2593	0.4233	0.9366	0.6688	
1.76	0.198	0.4298	0.4037	0.8472	0.5309	0.5089	0.2642	0.4819	0.8602	0.2236	0.3959	1.0016	0.2734	0.4465	0.9779	0.7023	
1.78	0.1837	0.4388	0.4659	0.8811	0.5309	0.5232	0.269	0.4819	0.8811	0.2298	0.4163	1.039	0.2857	0.4743	1.0137	0.7326	
1.8	0.1723	0.4465	0.5181	0.9058	0.5309	0.5356	0.2735	0.4819	0.8984	0.2348	0.4401	1.0721	0.2963	0.5072	1.0438	0.7591	
1.82	0.1631	0.4524	0.5583	0.9231	0.5309	0.5459	0.2775	0.4819	0.9127	0.2388	0.4671	1.1006	0.3056	0.5446	1.0686	0.7816	
1.84	0.1555	0.4565	0.5865	0.9354	0.5309	0.5542	0.281	0.4819	0.9242	0.2418	0.4969	1.1245	0.314	0.5857	1.0889	0.8002	
1.86	0.1487	0.4587	0.6041	0.9447	0.5309	0.5603	0.2838	0.4819	0.9332	0.244	0.5287	1.1445	0.3218	0.6287	1.1057	0.8151	
1.88	0.1423	0.4595	0.6132	0.952	0.5309	0.5642	0.2858	0.4819	0.9394	0.2452	0.5614	1.1615	0.3292	0.6719	1.1201	0.8267	
1.9	0.1358	0.4595	0.6167	0.9576	0.5309	0.5663	0.2871	0.4819	0.943	0.2458	0.594	1.1763	0.3364	0.7138	1.1329	0.8356	
1.92	0.1294	0.4591	0.6171	0.9611	0.5309	0.567	0.2878	0.4819	0.9444	0.2458	0.6256	1.1896	0.3435	0.7536	1.1448	0.8426	
1.94	0.1231	0.4589	0.6165	0.9628	0.5309	0.567	0.2881	0.4819	0.9445	0.2457	0.6553	1.2019	0.3502	0.7908	1.1562	0.8484	
1.96	0.1169	0.4589	0.6159	0.9631	0.5309	0.5667	0.2881	0.4819	0.9441	0.2455	0.6825	1.2133	0.3566	0.8249	1.1672	0.8538	
1.98	0.111	0.4589	0.6158	0.9627	0.5309	0.5665	0.288	0.4819	0.9437	0.2455	0.7066	1.224	0.3625	0.8554	1.1779	0.8594	
2	0.1055	0.459	0.616	0.9622	0.5309	0.5665	0.2879	0.4819	0.9435	0.2455	0.7271	1.2341	0.3676	0.8816	1.188	0.8656	
2.02	0.1006	0.4591	0.6162	0.962	0.5309	0.5665	0.2879	0.4819	0.9436	0.2455	0.7437	1.2433	0.372	0.9033	1.1971	0.8723	
2.04	0.0964	0.4591	0.6164	0.962	0.5309	0.5666	0.2879	0.4819	0.9438	0.2456	0.7562	1.2516	0.3755	0.9208	1.2049	0.8795	
2.06	0.0922	0.4591	0.6163	0.9622	0.5309	0.5666	0.2879	0.4819	0.9438	0.2456	0.7656	1.2608	0.3785	0.9375	1.2125	0.8868	
2.08	0.088	0.459	0.6162	0.9623	0.5309	0.5666	0.288	0.4819	0.9438	0.2456	0.7749	1.2699	0.3816	0.9542	1.22	0.8941	
2.1	0.0838	0.459	0.6161	0.9625	0.5309	0.5666	0.288	0.4819	0.9439	0.2455	0.7842	1.2791	0.3846	0.9708	1.2275	0.9015	
2.12	0.0796	0.4589	0.616	0.9626	0.5309	0.5666	0.288	0.4819	0.9439	0.2455	0.7935	1.2882	0.3876	0.9875	1.2351	0.9088	
