0	0.4188	0.4168	0.4726	0.3311	0.1639	0.0046	0.1728	0.1641	0.0016	0.0028	0.1754	-0.1367	-0.0506	0.0603	-0.06	0.0346	
0.02	0.4192	0.4114	0.472	0.3311	0.1639	0.0046	0.1733	0.1647	0.0023	0.0028	0.1754	-0.136	-0.0506	0.0603	-0.06	0.0346	
0.04	0.4196	0.406	0.4714	0.3311	0.1639	0.0046	0.1738	0.1652	0.003	0.0028	0.1754	-0.1352	-0.0506	0.0603	-0.06	0.0346	
0.06	0.42	0.4006	0.4708	0.3311	0.1639	0.0046	0.1743	0.1658	0.0038	0.0028	0.1754	-0.1345	-0.0506	0.0603	-0.06	0.0346	
0.08	0.4204	0.3952	0.4702	0.3311	0.1639	0.0046	0.1748	0.1664	0.0045	0.0028	0.1754	-0.1338	-0.0506	0.0603	-0.06	0.0346	
0.1	0.4209	0.3898	0.4695	0.3311	0.1639	0.0046	0.1754	0.1671	0.0053	0.0028	0.1754	-0.1329	-0.0506	0.0603	-0.06	0.0346	
0.12	0.4215	0.3857	0.4686	0.3311	0.1639	0.0046	0.1761	0.168	0.0064	0.0028	0.1754	-0.1319	-0.0506	0.0603	-0.06	0.0346	
0.14	0.4223	0.3828	0.4676	0.3311	0.1639	0.0046	0.1769	0.169	0.0077	0.0028	0.1754	-0.1307	-0.0506	0.0603	-0.06	0.0346	
0.16	0.4231	0.3806	0.4665	0.3311	0.1639	0.0046	0.178	0.1702	0.0092	0.0028	0.1754	-0.1294	-0.0506	0.0603	-0.06	0.0346	
0.18	0.4241	0.3789	0.4652	0.3311	0.1639	0.0046	0.1791	0.1716	0.0109	0.0028	0.1754	-0.1279	-0.0506	0.0603	-0.06	0.0346	
0.2	0.4253	0.3774	0.4638	0.3311	0.1639	0.0046	0.1804	0.1732	0.0128	0.0028	0.1754	-0.1262	-0.0506	0.0603	-0.06	0.0346	
0.22	0.4265	0.376	0.4623	0.3311	0.1639	0.0046	0.1818	0.1749	0.0149	0.0028	0.1754	-0.1244	-0.0506	0.0603	-0.06	0.0346	
0.24	0.4279	0.3746	0.4606	0.3311	0.1639	0.0046	0.1833	0.1768	0.0173	0.0028	0.1754	-0.1224	-0.0506	0.0603	-0.06	0.0346	
0.26	0.4294	0.3734	0.4588	0.3311	0.1639	0.0046	0.185	0.1788	0.0197	0.0028	0.1754	-0.1203	-0.0506	0.0603	-0.06	0.0346	
0.28	0.4311	0.3724	0.4569	0.3311	0.1639	0.0046	0.1867	0.1809	0.0224	0.0028	0.1754	-0.118	-0.0506	0.0603	-0.06	0.0346	
0.3	0.4328	0.3714	0.4548	0.3311	0.1639	0.0046	0.1886	0.1832	0.0253	0.0028	0.1754	-0.1156	-0.0506	0.0603	-0.06	0.0346	
0.32	0.4347	0.3706	0.4527	0.3311	0.1639	0.0046	0.1906	0.1856	0.0283	0.0028	0.1754	-0.1131	-0.0506	0.0603	-0.06	0.0346	
0.34	0.4367	0.3698	0.4504	0.3311	0.1639	0.0046	0.1926	0.1882	0.0314	0.0028	0.1754	-0.1105	-0.0506	0.0603	-0.06	0.0346	
0.36	0.4388	0.369	0.448	0.3311	0.1639	0.0046	0.1947	0.1909	0.0348	0.0028	0.1754	-0.1077	-0.0506	0.0603	-0.06	0.0346	
0.38	0.441	0.3682	0.4455	0.3311	0.1639	0.0046	0.197	0.1936	0.0382	0.0028	0.1754	-0.1048	-0.0506	0.0603	-0.06	0.0346	
0.4	0.4434	0.3675	0.4429	0.3311	0.1639	0.0046	0.1992	0.1965	0.0419	0.0028	0.1754	-0.1018	-0.0506	0.0603	-0.06	0.0346	
0.42	0.4458	0.3667	0.4402	0.3311	0.1639	0.0046	0.2016	0.1995	0.0456	0.0028	0.1754	-0.0987	-0.0506	0.0603	-0.06	0.0346	
0.44	0.4484	0.3658	0.4373	0.3311	0.1639	0.0046	0.204	0.2026	0.0495	0.0028	0.1754	-0.0955	-0.0506	0.0603	-0.06	0.0346	
0.46	0.4511	0.3649	0.4344	0.3311	0.1639	0.0046	0.2065	0.2058	0.0535	0.0028	0.1754	-0.0922	-0.0506	0.0603	-0.06	0.0346	
0.48	0.4539	0.3639	0.4314	0.3311	0.1639	0.0046	0.209	0.2091	0.0576	0.0028	0.1754	-0.0888	-0.0506	0.0603	-0.06	0.0346	
0.5	0.4568	0.3628	0.4284	0.3311	0.1639	0.0045	0.2116	0.2125	0.0618	0.0028	0.1753	-0.0853	-0.0506	0.0603	-0.0601	0.0346	
0.52	0.4597	0.3616	0.4252	0.3311	0.1639	0.0045	0.2142	0.2159	0.0661	0.0028	0.1753	-0.0818	-0.0506	0.0603	-0.06	0.0346	
0.54	0.4628	0.3602	0.4218	0.3311	0.1639	0.0047	0.2169	0.2194	0.0705	0.0028	0.1754	-0.0781	-0.0506	0.0604	-0.0599	0.0346	
0.56	0.466	0.3586	0.4182	0.3311	0.1639	0.0053	0.2196	0.223	0.0751	0.0028	0.1758	-0.0741	-0.0506	0.0605	-0.0595	0.0346	
0.58	0.4694	0.3568	0.4142	0.3311	0.164	0.0065	0.2223	0.2268	0.0799	0.0028	0.1764	-0.07	-0.0506	0.0609	-0.0587	0.0346	
0.6	0.4733	0.3547	0.4098	0.3311	0.1642	0.0085	0.2252	0.2307	0.085	0.0028	0.1775	-0.0654	-0.0506	0.0615	-0.0573	0.0346	
0.62	0.4778	0.3523	0.4047	0.3311	0.1645	0.0118	0.2281	0.235	0.0904	0.0028	0.1793	-0.0605	-0.0506	0.0625	-0.0552	0.0346	
0.64	0.4832	0.3495	0.399	0.3311	0.1649	0.0164	0.2312	0.2395	0.0963	0.0028	0.1818	-0.055	-0.0506	0.0639	-0.0521	0.0346	
0.66	0.4896	0.3462	0.3924	0.3311	0.1654	0.0227	0.2345	0.2445	0.1027	0.0028	0.1852	-0.0489	-0.0506	0.0658	-0.0479	0.0346	
0.68	0.4973	0.3423	0.3849	0.3311	0.1661	0.0307	0.2379	0.2499	0.1098	0.0028	0.1896	-0.0421	-0.0506	0.0682	-0.0424	0.0346	
0.7	0.5066	0.3379	0.3764	0.3311	0.167	0.0408	0.2416	0.2557	0.1175	0.0028	0.195	-0.0347	-0.0506	0.0713	-0.0356	0.0346	
0.72	0.5174	0.3328	0.367	0.3311	0.168	0.0529	0.2455	0.2621	0.126	0.0028	0.2016	-0.0265	-0.0506	0.0749	-0.0275	0.0346	
0.74	0.53	0.3271	0.3565	0.3311	0.1693	0.067	0.2496	0.269	0.1352	0.0028	0.2092	-0.0177	-0.0506	0.0792	-0.018	0.0346	
0.76	0.5445	0.3207	0.3451	0.3311	0.1707	0.0831	0.2539	0.2764	0.1452	0.0028	0.2179	-0.0081	-0.0506	0.0841	-0.0072	0.0346	
0.78	0.5607	0.3137	0.3328	0.3311	0.1722	0.101	0.2585	0.2844	0.1559	0.0028	0.2276	0.0022	-0.0506	0.0895	0.0049	0.0346	
0.8	0.5786	0.3061	0.3196	0.3311	0.1739	0.1207	0.2633	0.2928	0.1673	0.0028	0.2383	0.0131	-0.0506	0.0955	0.0181	0.0346	
0.82	0.5982	0.2978	0.3055	0.3311	0.1758	0.1421	0.2683	0.3018	0.1793	0.0028	0.2499	0.0246	-0.0506	0.1019	0.0325	0.0346	
0.84	0.6193	0.289	0.2906	0.3311	0.1778	0.165	0.2735	0.3111	0.192	0.0028	0.2623	0.0367	-0.0506	0.1089	0.0479	0.0346	
0.86	0.6419	0.2797	0.275	0.3311	0.1799	0.1895	0.2789	0.3209	0.2053	0.0028	0.2756	0.0493	-0.0506	0.1163	0.0644	0.0346	
0.88	0.6659	0.2699	0.2586	0.3311	0.1821	0.2154	0.2845	0.3311	0.2192	0.0028	0.2896	0.0625	-0.0506	0.1242	0.0818	0.0346	
0.9	0.6912	0.2595	0.2415	0.3311	0.1845	0.2427	0.2902	0.3417	0.2337	0.0028	0.3044	0.0762	-0.0506	0.1324	0.1002	0.0346	
0.92	0.7178	0.2487	0.2238	0.3311	0.187	0.2713	0.2962	0.3527	0.2486	0.0028	0.3199	0.0905	-0.0506	0.1411	0.1194	0.0346	
0.94	0.7455	0.2375	0.2054	0.3311	0.1895	0.3011	0.3023	0.3641	0.2641	0.0028	0.3361	0.1052	-0.0506	0.1501	0.1395	0.0346	
0.96	0.7744	0.2258	0.1864	0.3311	0.1922	0.332	0.3085	0.3758	0.2801	0.0028	0.3528	0.1203	-0.0506	0.1595	0.1603	0.0346	
0.98	0.8043	0.2138	0.1668	0.3311	0.195	0.364	0.3149	0.3879	0.2966	0.0028	0.3702	0.1359	-0.0506	0.1692	0.1818	0.0346	
1	0.8351	0.2013	0.1467	0.3311	0.1978	0.397	0.3215	0.4002	0.3135	0.0028	0.388	0.1519	-0.0506	0.1791	0.204	0.0346	
1.02	0.8669	0.1886	0.1261	0.3311	0.2008	0.4309	0.3282	0.4129	0.3307	0.0028	0.4064	0.1683	-0.0506	0.1894	0.2268	0.0346	
1.04	0.8994	0.1755	0.1051	0.3311	0.2038	0.4655	0.335	0.4258	0.3484	0.0028	0.4252	0.185	-0.0506	0.1999	0.2501	0.0346	
1.06	0.9326	0.1621	0.0836	0.3311	0.2068	0.5009	0.342	0.4389	0.3664	0.0028	0.4443	0.202	-0.0506	0.2106	0.2739	0.0346	
1.08	0.9665	0.1485	0.0617	0.3311	0.21	0.5369	0.3491	0.4524	0.3848	0.0028	0.4639	0.2193	-0.0506	0.2215	0.2981	0.0346	
1.1	1.001	0.1346	0.0395	0.3311	0.2131	0.5736	0.3563	0.466	0.4034	0.0028	0.4837	0.237	-0.0506	0.2326	0.3228	0.0346	
1.12	1.0361	0.1204	0.0168	0.3311	0.2164	0.6108	0.3636	0.4799	0.4224	0.0028	0.5039	0.2549	-0.0506	0.2439	0.3478	0.0346	
1.14	1.0716	0.1061	-0.0061	0.3311	0.2196	0.6485	0.371	0.494	0.4417	0.0028	0.5243	0.2731	-0.0506	0.2553	0.3732	0.0346	
1.16	1.1075	0.0916	-0.0291	0.3311	0.2229	0.6864	0.3784	0.5081	0.4611	0.0028	0.5449	0.2914	-0.0506	0.2668	0.3987	0.0346	
1.18	1.1433	0.0771	-0.0522	0.3311	0.2262	0.7244	0.3859	0.5223	0.4805	0.0028	0.5655	0.3097	-0.0506	0.2783	0.4242	0.0346	
1.2	1.1791	0.0626	-0.0753	0.3311	0.2295	0.7623	0.3934	0.5365	0.4999	0.0028	0.586	0.328	-0.0506	0.2898	0.4498	0.0346	
1.22	1.2149	0.0481	-0.0984	0.3311	0.2328	0.8003	0.4009	0.5507	0.5193	0.0028	0.6066	0.3464	-0.0506	0.3013	0.4753	0.0346	
