0	0.5951	0.3106	0.1849	0.0206	0.2297	0.0542	0.0297	0.2889	0.1223	-0.0299	0.0825	0.1308	0.0639	0.3222	-0.0917	0.0945	
0.02	0.6186	0.2902	0.1867	0.0674	0.203	0.091	0.0493	0.2582	0.1497	-0.015	0.0388	0.1558	0.0639	0.2962	-0.0583	0.0895	
0.04	0.642	0.2699	0.1885	0.1142	0.1764	0.1277	0.0689	0.2275	0.177	-0	-0.0049	0.1808	0.0639	0.2701	-0.0248	0.0844	
0.06	0.6654	0.2496	0.1903	0.1609	0.1497	0.1644	0.0885	0.1968	0.2044	0.0149	-0.0486	0.2058	0.0639	0.244	0.0086	0.0793	
0.08	0.6889	0.2292	0.1922	0.2077	0.1231	0.2011	0.1081	0.1661	0.2317	0.0299	-0.0923	0.2307	0.0639	0.2179	0.0421	0.0743	
0.1	0.7101	0.2102	0.1943	0.2471	0.0988	0.2349	0.1265	0.1378	0.2583	0.0435	-0.1303	0.2541	0.0639	0.1937	0.073	0.0698	
0.12	0.7281	0.1931	0.1969	0.2831	0.0732	0.2705	0.1458	0.1072	0.2842	0.0577	-0.1648	0.2761	0.0639	0.1728	0.1047	0.0661	
0.14	0.743	0.178	0.2001	0.3149	0.0474	0.3072	0.1653	0.076	0.3094	0.072	-0.1951	0.2967	0.0641	0.155	0.1366	0.0634	
0.16	0.7552	0.1648	0.2038	0.3414	0.0225	0.344	0.1837	0.0461	0.3335	0.0855	-0.2208	0.3158	0.0645	0.1401	0.1675	0.0617	
0.18	0.7652	0.1535	0.2078	0.3621	-0.0002	0.3795	0.2005	0.0191	0.3566	0.0977	-0.2416	0.3337	0.0652	0.1278	0.1966	0.0608	
0.2	0.7737	0.1439	0.2121	0.3773	-0.02	0.4125	0.2149	-0.0037	0.3783	0.1084	-0.2577	0.3508	0.0663	0.1176	0.2238	0.0609	
0.22	0.7812	0.1358	0.2166	0.3878	-0.0367	0.4426	0.2271	-0.0216	0.3986	0.1174	-0.2702	0.3676	0.0679	0.1092	0.2495	0.0617	
0.24	0.7882	0.129	0.2211	0.3953	-0.0507	0.47	0.237	-0.035	0.4176	0.1252	-0.2802	0.3849	0.0701	0.1022	0.2742	0.0633	
0.26	0.7951	0.1232	0.2256	0.4012	-0.0625	0.4949	0.2451	-0.0447	0.4355	0.132	-0.2888	0.4031	0.0728	0.0966	0.2981	0.0655	
0.28	0.8017	0.1181	0.23	0.4066	-0.0731	0.518	0.2519	-0.052	0.4523	0.1383	-0.2969	0.4225	0.0763	0.0925	0.3212	0.0685	
0.3	0.8082	0.1135	0.234	0.4118	-0.0829	0.5392	0.2578	-0.0582	0.4683	0.1444	-0.3049	0.4432	0.0803	0.0898	0.343	0.0721	
0.32	0.8143	0.1092	0.2376	0.417	-0.0923	0.5585	0.2632	-0.0642	0.484	0.1507	-0.3129	0.465	0.0849	0.0887	0.3636	0.0768	
0.34	0.8201	0.105	0.2408	0.422	-0.1014	0.5759	0.2685	-0.0705	0.5002	0.1572	-0.3208	0.488	0.0902	0.0892	0.3834	0.0827	
0.36	0.8256	0.1008	0.2434	0.4267	-0.1103	0.5916	0.2738	-0.0773	0.5178	0.164	-0.3288	0.5122	0.0963	0.0911	0.4029	0.0901	
0.38	0.8308	0.0966	0.2454	0.4312	-0.1188	0.6062	0.2794	-0.0844	0.5379	0.1711	-0.3368	0.5378	0.1035	0.0945	0.423	0.0992	
0.4	0.8359	0.0923	0.2468	0.4356	-0.1266	0.6205	0.2852	-0.0917	0.5612	0.1785	-0.3448	0.565	0.1121	0.0992	0.4443	0.1104	
0.42	0.841	0.0881	0.2475	0.44	-0.1333	0.6352	0.2912	-0.0991	0.5878	0.186	-0.3529	0.5938	0.1225	0.105	0.4672	0.1239	
0.44	0.8466	0.0841	0.2476	0.4446	-0.1383	0.651	0.2974	-0.1062	0.6171	0.1936	-0.3608	0.6237	0.1348	0.1119	0.4919	0.1398	
0.46	0.853	0.0804	0.247	0.4496	-0.141	0.6681	0.3037	-0.1129	0.6484	0.201	-0.3686	0.6542	0.1489	0.1196	0.5182	0.1581	
0.48	0.8605	0.0772	0.2457	0.455	-0.1406	0.6866	0.3101	-0.1191	0.6806	0.2082	-0.3759	0.685	0.1645	0.1279	0.546	0.1787	
0.5	0.8695	0.0745	0.244	0.4604	-0.1365	0.7065	0.3163	-0.1244	0.713	0.2151	-0.3826	0.7159	0.1811	0.1366	0.5748	0.201	
0.52	0.8797	0.0724	0.2417	0.4656	-0.128	0.7276	0.3224	-0.1286	0.7448	0.2217	-0.3884	0.7467	0.1983	0.1457	0.6042	0.2245	
0.54	0.891	0.0708	0.2389	0.4704	-0.1142	0.7499	0.3283	-0.1306	0.7755	0.2279	-0.3929	0.7776	0.216	0.1555	0.634	0.2489	
0.56	0.9035	0.0698	0.2356	0.4752	-0.0944	0.7739	0.3341	-0.1294	0.8043	0.2341	-0.3956	0.8081	0.2343	0.1662	0.6637	0.2738	
0.58	0.9173	0.0693	0.2319	0.4812	-0.0683	0.8001	0.3402	-0.1235	0.831	0.2404	-0.3962	0.8378	0.2535	0.1781	0.6932	0.2994	
0.6	0.9329	0.0691	0.2276	0.4903	-0.0361	0.8285	0.3469	-0.1122	0.8551	0.2472	-0.3944	0.8663	0.2741	0.1913	0.7221	0.326	
0.62	0.9502	0.069	0.2229	0.5044	0.001	0.8587	0.3547	-0.0956	0.8768	0.2545	-0.3904	0.8933	0.2965	0.2056	0.7497	0.3537	
0.64	0.9691	0.0691	0.2177	0.5243	0.041	0.8895	0.3638	-0.0749	0.896	0.2624	-0.3845	0.9188	0.3206	0.2201	0.7753	0.3824	
0.66	0.9884	0.0692	0.2123	0.5498	0.0813	0.9191	0.3741	-0.0519	0.9129	0.2705	-0.3774	0.9423	0.3464	0.2343	0.7983	0.4119	
0.68	1.0071	0.0692	0.2068	0.5797	0.1193	0.9462	0.3856	-0.0285	0.9275	0.2785	-0.3698	0.9633	0.3738	0.2474	0.818	0.4418	
0.7	1.0245	0.0692	0.2013	0.6131	0.1531	0.9698	0.398	-0.0062	0.9396	0.286	-0.3623	0.9813	0.4027	0.259	0.8343	0.4717	
0.72	1.0439	0.0691	0.1955	0.6546	0.1889	0.9953	0.4123	0.0214	0.9509	0.2947	-0.3531	0.999	0.4352	0.2716	0.8502	0.5039	
0.74	1.0633	0.0691	0.1896	0.6962	0.2247	1.0208	0.4266	0.0489	0.9622	0.3034	-0.3439	1.0167	0.4678	0.2842	0.8661	0.536	
0.76	1.0827	0.0691	0.1837	0.7377	0.2604	1.0464	0.4409	0.0765	0.9734	0.312	-0.3347	1.0343	0.5003	0.2968	0.882	0.5682	
0.78	1.1021	0.0691	0.1779	0.7793	0.2962	1.0719	0.4551	0.104	0.9847	0.3207	-0.3255	1.052	0.5328	0.3093	0.8979	0.6004	
