0	0.0556	-0.4991	0.1498	0.0577	-0.0969	0.2261	0.0666	0.0405	0.2521	-0.1959	-0.0123	-0.007	-0.1326	0.0059	-0.1319	-0.1997	
0.02	0.074	-0.4885	0.1456	0.0584	-0.0847	0.2945	0.1025	0.043	0.3168	-0.1574	-0.0021	0.0759	-0.096	0.0117	-0.0686	-0.1777	
0.04	0.0925	-0.4778	0.1414	0.0591	-0.0726	0.3628	0.1384	0.0455	0.3815	-0.119	0.0081	0.1587	-0.0595	0.0176	-0.0053	-0.1557	
0.06	0.1109	-0.4672	0.1371	0.0598	-0.0604	0.4312	0.1743	0.048	0.4462	-0.0805	0.0183	0.2416	-0.023	0.0234	0.058	-0.1336	
0.08	0.1293	-0.4566	0.1329	0.0605	-0.0482	0.4995	0.2102	0.0505	0.5109	-0.042	0.0286	0.3245	0.0136	0.0293	0.1213	-0.1116	
0.1	0.1453	-0.4459	0.1288	0.0613	-0.0365	0.5678	0.2505	0.0505	0.5812	0.0046	0.033	0.4133	0.0554	0.0355	0.1904	-0.0838	
0.12	0.1615	-0.4332	0.1243	0.0629	-0.0256	0.6379	0.2975	0.0463	0.6555	0.0602	0.035	0.5075	0.106	0.0427	0.2704	-0.0469	
0.14	0.1774	-0.4182	0.1198	0.066	-0.0156	0.7096	0.3508	0.0379	0.7338	0.1239	0.034	0.6058	0.1659	0.0509	0.3599	0.0017	
0.16	0.1922	-0.4004	0.116	0.0722	-0.0067	0.7822	0.4095	0.0258	0.8153	0.1937	0.029	0.707	0.2344	0.0596	0.4565	0.0644	
0.18	0.205	-0.3797	0.1137	0.0831	0.0009	0.8546	0.4715	0.0107	0.8984	0.2668	0.0198	0.8093	0.3097	0.0687	0.5569	0.143	
0.2	0.2156	-0.3563	0.1143	0.1004	0.0072	0.9252	0.5346	-0.0055	0.9804	0.3401	0.0068	0.91	0.3889	0.0779	0.6577	0.2372	
0.22	0.2239	-0.3305	0.1196	0.1264	0.0131	0.9925	0.5962	-0.0205	1.0578	0.4101	-0.008	1.0057	0.4688	0.087	0.756	0.3441	
0.24	0.2303	-0.3028	0.1315	0.1636	0.0198	1.0553	0.6536	-0.0313	1.1274	0.4734	-0.0219	1.0932	0.546	0.0959	0.8492	0.4587	
0.26	0.235	-0.2743	0.1515	0.2148	0.0294	1.1123	0.7049	-0.0347	1.1868	0.5273	-0.0315	1.17	0.6176	0.1046	0.9349	0.5747	
0.28	0.2385	-0.2461	0.1799	0.2822	0.0438	1.1627	0.7486	-0.0288	1.2348	0.5703	-0.0344	1.235	0.6815	0.1132	1.0112	0.6861	
0.3	0.2408	-0.2197	0.2164	0.3657	0.0643	1.2057	0.7841	-0.0126	1.2716	0.6021	-0.029	1.2884	0.7363	0.1217	1.0764	0.7878	
0.32	0.2417	-0.1965	0.2597	0.4625	0.0914	1.241	0.8116	0.0134	1.2978	0.6237	-0.0152	1.3312	0.7813	0.1302	1.1298	0.876	
0.34	0.2411	-0.1778	0.308	0.5678	0.1249	1.2687	0.832	0.0481	1.3149	0.6368	0.0063	1.3643	0.8162	0.1386	1.1717	0.948	
0.36	0.239	-0.1644	0.3597	0.6762	0.1641	1.2894	0.8463	0.0896	1.3245	0.6435	0.034	1.3887	0.8416	0.1466	1.2033	1.0021	
0.38	0.2356	-0.1564	0.4134	0.7829	0.2083	1.3045	0.8562	0.1362	1.3286	0.6461	0.0666	1.4054	0.8588	0.1541	1.2262	1.0383	
0.4	0.2312	-0.1535	0.4672	0.884	0.2562	1.3152	0.8631	0.1858	1.3294	0.6463	0.1025	1.4154	0.8699	0.1609	1.242	1.0588	
0.42	0.2263	-0.1549	0.5191	0.9764	0.3057	1.3229	0.8683	0.2359	1.3287	0.6457	0.14	1.4202	0.8771	0.1667	1.2521	1.0674	
0.44	0.2213	-0.1594	0.567	1.0566	0.354	1.3289	0.8729	0.2835	1.3279	0.6453	0.1769	1.4214	0.8821	0.1715	1.2577	1.0689	
0.46	0.2165	-0.1659	0.6091	1.1218	0.3983	1.3339	0.8772	0.3262	1.3276	0.6451	0.211	1.4211	0.8859	0.1753	1.26	1.0676	
0.48	0.2122	-0.1732	0.6446	1.1708	0.4363	1.3386	0.8812	0.3621	1.3277	0.6453	0.2403	1.4204	0.8887	0.178	1.2603	1.0662	
0.5	0.2085	-0.1807	0.6736	1.2049	0.467	1.3431	0.8848	0.3909	1.328	0.6455	0.2641	1.42	0.8904	0.1798	1.2598	1.0658	
0.52	0.2057	-0.1875	0.6968	1.2272	0.4906	1.3477	0.8876	0.4134	1.3282	0.6456	0.2826	1.42	0.8912	0.1808	1.2593	1.0661	
0.54	0.2037	-0.1933	0.7152	1.2416	0.5081	1.3525	0.8896	0.4309	1.3282	0.6456	0.2967	1.4202	0.8913	0.1811	1.2591	1.0667	
0.56	0.2026	-0.1977	0.7292	1.2509	0.5205	1.3574	0.8907	0.4443	1.3282	0.6455	0.3073	1.4204	0.8911	0.1811	1.2592	1.0671	
0.58	0.2022	-0.2007	0.7392	1.257	0.5285	1.3627	0.8913	0.4542	1.3281	0.6455	0.3151	1.4205	0.8908	0.181	1.2594	1.0672	
0.6	0.2022	-0.2025	0.7454	1.2606	0.533	1.3683	0.8914	0.4608	1.328	0.6454	0.3204	1.4205	0.8907	0.1809	1.2595	1.067	
0.62	0.2023	-0.2033	0.7486	1.2621	0.5348	1.3741	0.8914	0.4645	1.328	0.6454	0.3234	1.4204	0.8907	0.1809	1.2595	1.0668	
0.64	0.2024	-0.2035	0.7496	1.2624	0.535	1.3803	0.8913	0.4658	1.328	0.6455	0.3247	1.4203	0.8908	0.1809	1.2595	1.0667	
0.66	0.2024	-0.2034	0.7492	1.2619	0.5345	1.3866	0.8913	0.4654	1.3281	0.6455	0.3244	1.4203	0.8908	0.1809	1.2594	1.0668	
0.68	0.2024	-0.2033	0.7488	1.2614	0.534	1.3929	0.8913	0.465	1.3281	0.6455	0.3241	1.4204	0.8909	0.181	1.2594	1.0668	
0.7	0.2023	-0.2032	0.7484	1.2609	0.5335	1.3992	0.8913	0.4645	1.3281	0.6455	0.3238	1.4204	0.8909	0.181	1.2594	1.0669	
0.72	0.2023	-0.2031	0.748	1.2604	0.533	1.4056	0.8913	0.4641	1.3281	0.6455	0.3235	1.4204	0.8909	0.181	1.2593	1.067	
