0	0.4305	0.4372	-0.3757	0.1462	0.3173	-0.2751	0.1657	0.3185	-0.3174	0.1004	0.4494	-0.4585	0.1553	0.4348	-0.3459	0.3489	
0.02	0.4305	0.437	-0.3757	0.1462	0.3173	-0.2751	0.1657	0.3185	-0.3166	0.1004	0.4494	-0.4542	0.1553	0.4348	-0.3237	0.3428	
0.04	0.4305	0.4369	-0.3757	0.1462	0.3173	-0.2751	0.1657	0.3185	-0.3158	0.1004	0.4494	-0.4498	0.1553	0.4348	-0.3015	0.3367	
0.06	0.4305	0.4368	-0.3758	0.1462	0.3173	-0.275	0.1657	0.3186	-0.315	0.1004	0.4494	-0.4454	0.1553	0.4348	-0.2793	0.3307	
0.08	0.4305	0.4366	-0.3758	0.1462	0.3173	-0.275	0.1657	0.3186	-0.3142	0.1004	0.4494	-0.4411	0.1553	0.4348	-0.2571	0.3246	
0.1	0.4305	0.4362	-0.3758	0.1462	0.3173	-0.275	0.1657	0.3186	-0.313	0.1004	0.4494	-0.4362	0.1553	0.4348	-0.2372	0.3195	
0.12	0.4305	0.4356	-0.3758	0.1462	0.3173	-0.275	0.1657	0.3186	-0.3112	0.1004	0.4494	-0.4304	0.1553	0.4348	-0.2189	0.3145	
0.14	0.4305	0.4346	-0.3757	0.1462	0.3173	-0.2751	0.1657	0.3185	-0.3089	0.1004	0.4494	-0.4238	0.1553	0.4348	-0.2025	0.3097	
0.16	0.4305	0.4331	-0.3755	0.1462	0.3173	-0.2751	0.1657	0.3185	-0.306	0.1004	0.4494	-0.4164	0.1553	0.4348	-0.1882	0.3054	
0.18	0.4306	0.4313	-0.3751	0.1462	0.3173	-0.2751	0.1657	0.3185	-0.3024	0.1004	0.4493	-0.4086	0.1553	0.4348	-0.1759	0.3017	
0.2	0.4307	0.429	-0.3743	0.1462	0.3174	-0.275	0.1657	0.3186	-0.2983	0.1004	0.4489	-0.4006	0.1553	0.4348	-0.1649	0.2986	
0.22	0.4311	0.4263	-0.3731	0.1462	0.3176	-0.2748	0.1657	0.3188	-0.2936	0.1004	0.4482	-0.3925	0.1553	0.4348	-0.1542	0.296	
0.24	0.4316	0.4232	-0.3714	0.1462	0.318	-0.2743	0.1657	0.3192	-0.2884	0.1004	0.4471	-0.3844	0.1552	0.4348	-0.1427	0.2937	
0.26	0.4324	0.4197	-0.3688	0.1462	0.3185	-0.2735	0.1657	0.3199	-0.2828	0.1004	0.4453	-0.3764	0.155	0.4348	-0.1299	0.2915	
0.28	0.4336	0.416	-0.3655	0.1462	0.3194	-0.2722	0.1657	0.3211	-0.277	0.1004	0.4428	-0.3684	0.1548	0.4348	-0.1153	0.2892	
0.3	0.4352	0.4121	-0.3615	0.1462	0.3207	-0.2704	0.1657	0.3227	-0.2711	0.1004	0.4396	-0.3602	0.1543	0.4348	-0.0992	0.2868	
0.32	0.4376	0.4081	-0.3567	0.1462	0.3224	-0.2678	0.1657	0.3251	-0.265	0.1004	0.4356	-0.3518	0.1537	0.4349	-0.0819	0.2843	
0.34	0.4408	0.4041	-0.3513	0.1462	0.3246	-0.2643	0.1657	0.3283	-0.2588	0.1004	0.4309	-0.343	0.1527	0.435	-0.0639	0.2818	
0.36	0.4446	0.4001	-0.345	0.1462	0.3273	-0.2601	0.1657	0.3324	-0.2526	0.1004	0.4256	-0.334	0.1514	0.4352	-0.0456	0.2792	
0.38	0.4488	0.396	-0.3371	0.1462	0.3303	-0.255	0.1657	0.3373	-0.2463	0.1004	0.4198	-0.325	0.1497	0.4355	-0.0272	0.2765	
0.4	0.4531	0.3913	-0.3268	0.1462	0.3337	-0.2492	0.1657	0.3429	-0.24	0.1004	0.4137	-0.316	0.1476	0.4361	-0.0086	0.2738	
0.42	0.4578	0.3856	-0.3132	0.1462	0.338	-0.2425	0.1657	0.3491	-0.2337	0.1004	0.4075	-0.3064	0.1454	0.4368	0.0107	0.271	
0.44	0.4637	0.3782	-0.2958	0.1462	0.3435	-0.2347	0.1657	0.3563	-0.2274	0.1004	0.4014	-0.2951	0.1428	0.4379	0.0313	0.2682	
0.46	0.4725	0.3687	-0.2745	0.1462	0.3512	-0.2254	0.1657	0.3653	-0.2207	0.1004	0.3955	-0.28	0.1396	0.4392	0.0541	0.2657	
0.48	0.4862	0.3568	-0.2496	0.1462	0.3621	-0.214	0.1657	0.3772	-0.2127	0.1004	0.39	-0.2592	0.1356	0.4408	0.08	0.2636	
0.5	0.5068	0.3427	-0.222	0.1462	0.3769	-0.2002	0.1657	0.3934	-0.2026	0.1004	0.3854	-0.2308	0.1301	0.4427	0.11	0.2622	
0.52	0.5355	0.3266	-0.1925	0.1462	0.396	-0.1841	0.1657	0.4144	-0.1892	0.1004	0.382	-0.1943	0.1231	0.445	0.1449	0.262	
0.54	0.5729	0.3089	-0.1622	0.1462	0.4197	-0.1659	0.1658	0.4403	-0.1722	0.1004	0.3802	-0.1501	0.1147	0.4477	0.185	0.2631	
0.56	0.6189	0.2902	-0.1321	0.1462	0.4474	-0.1461	0.1658	0.4706	-0.1517	0.1005	0.3804	-0.0993	0.1054	0.451	0.2298	0.2657	
0.58	0.673	0.271	-0.1035	0.1463	0.4786	-0.1254	0.1658	0.504	-0.1285	0.1005	0.3828	-0.0432	0.0958	0.4549	0.2784	0.2699	
0.6	0.734	0.252	-0.0775	0.1463	0.5119	-0.1045	0.1659	0.5392	-0.1036	0.1005	0.3879	0.0164	0.0864	0.4592	0.3294	0.2754	
0.62	0.7998	0.2337	-0.0547	0.1464	0.546	-0.0841	0.166	0.5748	-0.0779	0.1006	0.3961	0.0774	0.0776	0.4638	0.3817	0.2819	
0.64	0.8675	0.2168	-0.0357	0.1466	0.5793	-0.0649	0.1662	0.6094	-0.0525	0.1007	0.4075	0.137	0.0697	0.4685	0.434	0.2889	
0.66	0.9338	0.2017	-0.0201	0.1468	0.6104	-0.0477	0.1664	0.6417	-0.0282	0.1009	0.4226	0.192	0.063	0.4735	0.4854	0.2957	
0.68	0.9958	0.1885	-0.0076	0.1471	0.6382	-0.0328	0.1667	0.6703	-0.006	0.1011	0.4413	0.2401	0.0578	0.4794	0.5347	0.3015	
0.7	1.0513	0.177	0.0023	0.1474	0.6622	-0.0204	0.1671	0.6949	0.0129	0.1014	0.4637	0.2798	0.0545	0.4876	0.5808	0.3058	
0.72	1.0995	0.1667	0.0102	0.1479	0.6822	-0.0103	0.1675	0.7155	0.0283	0.1017	0.4897	0.3115	0.0529	0.4993	0.6228	0.3081	
0.74	1.14	0.1575	0.0163	0.1484	0.6988	-0.0021	0.168	0.7329	0.0401	0.1021	0.519	0.3363	0.0526	0.5159	0.6601	0.308	
0.76	1.1735	0.1492	0.0204	0.149	0.713	0.0049	0.1686	0.7484	0.0492	0.1026	0.5517	0.3556	0.0529	0.5378	0.6924	0.3056	
0.78	1.2005	0.1417	0.0226	0.1498	0.7254	0.011	0.1693	0.7633	0.0564	0.1031	0.5876	0.3706	0.0533	0.5652	0.7198	0.3009	
0.8	1.2223	0.135	0.0229	0.1506	0.7369	0.0166	0.1701	0.7783	0.0628	0.1037	0.6263	0.3821	0.0535	0.5978	0.7426	0.2943	
0.82	1.24	0.1289	0.0214	0.1516	0.7479	0.0219	0.1709	0.7945	0.069	0.1044	0.6671	0.3908	0.0535	0.6354	0.7609	0.2863	
0.84	1.2552	0.1232	0.0182	0.1527	0.7588	0.0269	0.1718	0.8123	0.0751	0.1052	0.7092	0.3974	0.0533	0.6777	0.7748	0.2774	
0.86	1.269	0.1177	0.0138	0.1539	0.7695	0.0317	0.1729	0.8323	0.0814	0.1061	0.7516	0.4026	0.0532	0.7241	0.7849	0.2682	
0.88	1.2828	0.1124	0.0084	0.1553	0.7801	0.0362	0.174	0.8545	0.0877	0.107	0.7935	0.4068	0.0532	0.7731	0.792	0.2591	
0.9	1.2976	0.1071	0.0023	0.1568	0.7906	0.0407	0.1752	0.8785	0.0941	0.1081	0.8345	0.4105	0.0532	0.8229	0.797	0.2504	
0.92	1.3145	0.1019	-0.0042	0.1584	0.8008	0.0451	0.1765	0.9035	0.1005	0.1092	0.8743	0.4134	0.0533	0.8715	0.801	0.2424	
0.94	1.3344	0.0964	-0.0108	0.1602	0.8107	0.0494	0.1779	0.9289	0.107	0.1104	0.9125	0.4155	0.0533	0.9172	0.8044	0.2351	
0.96	1.3579	0.0908	-0.0173	0.1621	0.8203	0.0537	0.1795	0.954	0.1137	0.1117	0.9488	0.4167	0.0533	0.9595	0.8078	0.2287	
0.98	1.3853	0.0848	-0.0234	0.1642	0.8294	0.058	0.1812	0.9781	0.1203	0.1131	0.9825	0.4169	0.0533	0.998	0.8109	0.2231	
1	1.4162	0.0783	-0.0288	0.1665	0.8384	0.0623	0.183	1.0009	0.127	0.1147	1.0135	0.4161	0.0533	1.0329	0.8139	0.2183	
1.02	1.4498	0.0714	-0.0333	0.169	0.8472	0.0665	0.1849	1.0217	0.1334	0.1163	1.0414	0.4144	0.0533	1.064	0.8165	0.2141	
1.04	1.4849	0.0641	-0.0368	0.1717	0.8559	0.0706	0.1868	1.04	0.1396	0.1181	1.0664	0.4118	0.0533	1.0912	0.8188	0.2105	
1.06	1.5202	0.0565	-0.0391	0.1744	0.8646	0.0746	0.1888	1.0556	0.1455	0.12	1.0886	0.4084	0.0533	1.1143	0.821	0.2073	
1.08	1.5541	0.0488	-0.0403	0.1772	0.8733	0.0783	0.191	1.0687	0.1509	0.1219	1.1082	0.404	0.0533	1.1336	0.823	0.2042	
1.1	1.5857	0.0411	-0.0401	0.18	0.8818	0.0819	0.1936	1.0798	0.1558	0.1238	1.1251	0.3983	0.0533	1.1494	0.8249	0.2013	
1.12	1.6138	0.0335	-0.0388	0.1833	0.8902	0.0852	0.197	1.0897	0.1602	0.126	1.1393	0.3912	0.0533	1.1627	0.8268	0.1984	
1.14	1.638	0.0262	-0.0364	0.1875	0.8984	0.0882	0.2014	1.0992	0.1639	0.1286	1.1509	0.3827	0.0533	1.1739	0.8287	0.1955	
1.16	1.658	0.0193	-0.0329	0.1932	0.9064	0.091	0.2071	1.1086	0.1667	0.1319	1.1604	0.3733	0.0533	1.1838	0.8307	0.1924	
1.18	1.6739	0.0128	-0.0286	0.2009	0.9143	0.0933	0.2141	1.1182	0.1685	0.1362	1.1682	0.3633	0.0533	1.1924	0.8327	0.1894	
1.2	1.6863	0.0069	-0.0235	0.2106	0.9223	0.0953	0.2222	1.1279	0.169	0.1417	1.175	0.3534	0.0533	1.2	0.8349	0.1863	
1.22	1.6957	0.0013	-0.0177	0.2222	0.9303	0.0969	0.2314	1.1374	0.1678	0.1485	1.1811	0.3442	0.0533	1.2067	0.8372	0.1833	
1.24	1.7033	-0.0039	-0.0116	0.2353	0.9384	0.0978	0.2415	1.1465	0.165	0.1569	1.1867	0.3359	0.0533	1.2125	0.8397	0.1804	
1.26	1.7097	-0.0089	-0.005	0.2493	0.9467	0.0981	0.2523	1.1551	0.1604	0.1669	1.1919	0.3287	0.0533	1.2178	0.8423	0.1779	
1.28	1.7155	-0.014	0.0017	0.2638	0.9549	0.0977	0.2634	1.1631	0.1542	0.1782	1.1968	0.3228	0.0533	1.2226	0.845	0.1757	
1.3	1.7212	-0.0191	0.0086	0.2783	0.9631	0.0965	0.2747	1.1706	0.147	0.1905	1.2014	0.3186	0.0533	1.2271	0.8479	0.1739	
1.32	1.7269	-0.0244	0.0158	0.292	0.9711	0.0944	0.2859	1.1774	0.1392	0.2028	1.2056	0.3159	0.0533	1.2314	0.8509	0.1725	
1.34	1.7326	-0.0299	0.0231	0.3044	0.9788	0.0914	0.297	1.1837	0.1315	0.2146	1.2097	0.3147	0.0533	1.2354	0.8539	0.1715	
1.36	1.7384	-0.0355	0.0308	0.3149	0.9861	0.0874	0.3077	1.1895	0.1242	0.2252	1.2136	0.3145	0.0533	1.2393	0.857	0.1708	
1.38	1.7444	-0.0409	0.0386	0.3234	0.9929	0.0824	0.318	1.1949	0.1177	0.2341	1.2175	0.3148	0.0533	1.2431	0.8601	0.1705	
1.4	1.7506	-0.0462	0.0466	0.3302	0.9991	0.0768	0.3276	1.1999	0.1125	0.2413	1.2213	0.3151	0.0533	1.2467	0.8633	0.1703	
1.42	1.7568	-0.051	0.0545	0.3356	1.0048	0.0708	0.3363	1.2047	0.1085	0.2468	1.2252	0.3152	0.0533	1.2503	0.8664	0.1703	
1.44	1.7629	-0.0552	0.062	0.3403	1.0099	0.0647	0.344	1.2093	0.1058	0.2505	1.2291	0.3152	0.0533	1.2539	0.8695	0.1704	
1.46	1.7686	-0.0587	0.0688	0.3447	1.0147	0.059	0.3505	1.2138	0.1044	0.2526	1.2332	0.3151	0.0533	1.2575	0.8726	0.1704	
1.48	1.7737	-0.0615	0.0748	0.349	1.0191	0.0539	0.3558	1.2183	0.1038	0.2535	1.2373	0.315	0.0533	1.2612	0.8758	0.1704	
1.5	1.7781	-0.0636	0.0799	0.3533	1.0234	0.0495	0.3598	1.2227	0.1038	0.2536	1.2415	0.315	0.0533	1.265	0.8789	0.1704	
1.52	1.7817	-0.0649	0.084	0.3577	1.0278	0.046	0.3625	1.2272	0.104	0.2534	1.2457	0.315	0.0533	1.2689	0.882	0.1704	
1.54	1.7845	-0.0656	0.087	0.3621	1.0323	0.0434	0.364	1.2316	0.1042	0.2531	1.2501	0.315	0.0533	1.2729	0.8851	0.1704	
1.56	1.7865	-0.0659	0.0889	0.3666	1.0371	0.0417	0.3646	1.2361	0.1042	0.2531	1.2545	0.315	0.0533	1.277	0.8882	0.1704	
1.58	1.7878	-0.0659	0.09	0.3711	1.0424	0.0408	0.3646	1.2406	0.1042	0.2531	1.2589	0.315	0.0533	1.2811	0.8913	0.1704	
1.6	1.7885	-0.0658	0.0904	0.3757	1.0481	0.0404	0.3644	1.2452	0.1041	0.2532	1.2634	0.315	0.0533	1.2853	0.8945	0.1704	
1.62	1.7888	-0.0658	0.0904	0.3802	1.0544	0.0404	0.3643	1.2498	0.1041	0.2532	1.2679	0.315	0.0533	1.2896	0.8977	0.1704	
1.64	1.7888	-0.0657	0.0902	0.3846	1.061	0.0405	0.3642	1.2545	0.1041	0.2532	1.2724	0.315	0.0533	1.2938	0.9008	0.1704	
1.66	1.7887	-0.0658	0.0901	0.3887	1.0678	0.0406	0.3643	1.2591	0.1041	0.2532	1.2768	0.315	0.0533	1.298	0.9038	0.1704	
1.68	1.7887	-0.0658	0.0901	0.3923	1.0744	0.0406	0.3643	1.2634	0.1041	0.2532	1.2811	0.315	0.0533	1.3022	0.9066	0.1704	
1.7	1.7886	-0.0658	0.0901	0.3953	1.0805	0.0406	0.3644	1.2675	0.1041	0.2532	1.285	0.315	0.0533	1.3064	0.909	0.1704	
1.72	1.7887	-0.0658	0.0902	0.3978	1.0859	0.0406	0.3644	1.2711	0.1041	0.2532	1.2885	0.315	0.0533	1.3107	0.9112	0.1704	
1.74	1.7887	-0.0658	0.0902	0.3998	1.0905	0.0406	0.3643	1.2742	0.1041	0.2532	1.2915	0.315	0.0533	1.3148	0.9129	0.1704	
1.76	1.7887	-0.0658	0.0902	0.4011	1.0941	0.0406	0.3643	1.2767	0.1041	0.2532	1.294	0.315	0.0533	1.3188	0.9143	0.1704	
1.78	1.7887	-0.0658	0.0902	0.402	1.0969	0.0406	0.3643	1.2787	0.1041	0.2532	1.2959	0.315	0.0533	1.3225	0.9153	0.1704	
1.8	1.7887	-0.0658	0.0902	0.4025	1.0986	0.0406	0.3643	1.2802	0.1041	0.2532	1.2973	0.315	0.0533	1.3258	0.9159	0.1704	
1.82	1.7887	-0.0658	0.0902	0.4027	1.0996	0.0406	0.3643	1.2811	0.1041	0.2532	1.2982	0.315	0.0533	1.3286	0.9163	0.1704	
1.84	1.7887	-0.0658	0.0902	0.4027	1.1	0.0406	0.3643	1.2816	0.1041	0.2532	1.2987	0.315	0.0533	1.3309	0.9164	0.1704	
1.86	1.7887	-0.0658	0.0902	0.4026	1.1	0.0406	0.3643	1.2818	0.1041	0.2532	1.2989	0.315	0.0533	1.3328	0.9164	0.1704	
1.88	1.7887	-0.0658	0.0902	0.4026	1.0999	0.0406	0.3643	1.2818	0.1041	0.2532	1.2989	0.315	0.0533	1.3341	0.9163	0.1704	
1.9	1.7887	-0.0658	0.0902	0.4026	1.0998	0.0406	0.3643	1.2817	0.1041	0.2532	1.2988	0.315	0.0533	1.3349	0.9163	0.1704	
1.92	1.7887	-0.0658	0.0902	0.4026	1.0998	0.0406	0.3643	1.2816	0.1041	0.2532	1.2988	0.315	0.0533	1.3357	0.9163	0.1704	
1.94	1.7887	-0.0658	0.0902	0.4026	1.0998	0.0406	0.3643	1.2816	0.1041	0.2532	1.2987	0.315	0.0533	1.3365	0.9163	0.1704	
1.96	1.7887	-0.0658	0.0902	0.4026	1.0997	0.0406	0.3643	1.2815	0.1041	0.2532	1.2987	0.315	0.0533	1.3372	0.9163	0.1704	
