0	-0.0622	0.5389	0.0525	-0.1498	0.1417	0.128	0.1061	0.1806	0.2583	0.03	0.2382	0.1477	0.0423	0.2897	-0.1529	-0.0584	
0.02	-0.1188	0.5337	0.0522	-0.1605	0.1733	0.1363	0.0999	0.2254	0.2595	0.03	0.2833	0.1487	0.0423	0.3281	-0.1393	-0.0584	
0.04	-0.1754	0.5285	0.052	-0.1712	0.2049	0.1447	0.0936	0.2702	0.2607	0.03	0.3285	0.1498	0.0423	0.3665	-0.1257	-0.0583	
0.06	-0.232	0.5233	0.0518	-0.1819	0.2365	0.153	0.0874	0.315	0.262	0.03	0.3736	0.1508	0.0423	0.4048	-0.1121	-0.0583	
0.08	-0.2886	0.5182	0.0515	-0.1926	0.2681	0.1613	0.0812	0.3597	0.2632	0.03	0.4188	0.1519	0.0423	0.4432	-0.0985	-0.0583	
0.1	-0.3401	0.513	0.0509	-0.2021	0.2977	0.1717	0.0753	0.4019	0.2656	0.03	0.4613	0.1538	0.0423	0.4788	-0.0852	-0.0583	
0.12	-0.3822	0.5079	0.0497	-0.2121	0.3288	0.1853	0.07	0.4445	0.2693	0.0299	0.5026	0.1567	0.0423	0.5152	-0.0702	-0.0583	
0.14	-0.4152	0.5028	0.048	-0.2223	0.3609	0.2023	0.0654	0.487	0.2742	0.0299	0.5428	0.1611	0.0423	0.5517	-0.0537	-0.0583	
0.16	-0.4404	0.4977	0.0456	-0.2321	0.3933	0.2229	0.0615	0.5282	0.2805	0.03	0.5815	0.1674	0.0423	0.587	-0.0362	-0.058	
0.18	-0.4588	0.4924	0.0424	-0.2413	0.4253	0.2467	0.0582	0.5673	0.2881	0.03	0.6185	0.1759	0.0424	0.6204	-0.0182	-0.0572	
0.2	-0.472	0.4871	0.0384	-0.2497	0.4565	0.2734	0.0555	0.6041	0.2969	0.0302	0.6536	0.1868	0.0425	0.6518	0	-0.0557	
0.22	-0.481	0.4816	0.0335	-0.2571	0.487	0.3022	0.0535	0.6392	0.307	0.0306	0.6875	0.2	0.0428	0.6821	0.0184	-0.0533	
0.24	-0.4869	0.476	0.0279	-0.2638	0.5176	0.3327	0.0521	0.6735	0.3187	0.0312	0.7209	0.2153	0.0433	0.7126	0.0373	-0.0499	
0.26	-0.4905	0.4703	0.0216	-0.2698	0.5489	0.3646	0.0513	0.7083	0.3326	0.0322	0.7546	0.2328	0.0441	0.7438	0.0569	-0.0455	
0.28	-0.4921	0.4646	0.0147	-0.2752	0.5815	0.3979	0.0512	0.7443	0.3493	0.0339	0.7889	0.2527	0.0455	0.7758	0.0777	-0.0401	
0.3	-0.4917	0.4589	0.0075	-0.2799	0.6155	0.4328	0.0518	0.7818	0.3694	0.0363	0.8232	0.2757	0.0476	0.8078	0.1	-0.0337	
0.32	-0.4886	0.4532	-0.0001	-0.2837	0.6505	0.47	0.0531	0.8206	0.3936	0.0396	0.8568	0.3025	0.0506	0.8393	0.124	-0.0256	
0.34	-0.4823	0.4473	-0.0078	-0.2864	0.686	0.51	0.0552	0.8599	0.4222	0.0437	0.8891	0.3342	0.0543	0.8699	0.1497	-0.015	
0.36	-0.4721	0.4412	-0.0155	-0.288	0.7213	0.5533	0.058	0.8992	0.456	0.0485	0.92	0.3714	0.0586	0.8994	0.1773	-0.0009	
0.38	-0.4581	0.435	-0.0232	-0.2882	0.756	0.6002	0.0616	0.9379	0.4954	0.0539	0.9495	0.4149	0.0634	0.9279	0.2067	0.0175	
0.4	-0.4407	0.4289	-0.0309	-0.287	0.7896	0.6506	0.0659	0.9758	0.5406	0.06	0.978	0.4646	0.0688	0.9551	0.2379	0.0402	
0.42	-0.4207	0.4231	-0.0386	-0.2844	0.8221	0.7038	0.0708	1.0124	0.5908	0.0678	1.0056	0.5197	0.0759	0.9805	0.2707	0.0663	
0.44	-0.3992	0.4178	-0.0463	-0.2802	0.8532	0.7587	0.0761	1.0467	0.6444	0.0785	1.0321	0.5789	0.0863	1.0037	0.3047	0.0944	
0.46	-0.3769	0.413	-0.0541	-0.2745	0.8825	0.8135	0.0822	1.0776	0.6992	0.0934	1.0572	0.6402	0.1021	1.0246	0.3394	0.1229	
0.48	-0.3545	0.4089	-0.0621	-0.2677	0.9095	0.8662	0.0891	1.1041	0.7532	0.1135	1.0802	0.7018	0.125	1.0432	0.3743	0.1504	
0.5	-0.3326	0.4055	-0.07	-0.2601	0.9337	0.9145	0.0974	1.1258	0.8047	0.1388	1.1008	0.7615	0.156	1.06	0.4087	0.1757	
0.52	-0.3118	0.4029	-0.0777	-0.2522	0.955	0.9567	0.1076	1.143	0.8525	0.1692	1.1187	0.8173	0.1952	1.0754	0.4421	0.198	
0.54	-0.293	0.401	-0.085	-0.2446	0.9732	0.9916	0.1196	1.1566	0.8951	0.2041	1.1342	0.8674	0.2417	1.0893	0.474	0.216	
0.56	-0.2764	0.3999	-0.0917	-0.2376	0.9886	1.0188	0.1335	1.167	0.9314	0.2436	1.1473	0.91	0.2944	1.1016	0.5038	0.2291	
0.58	-0.2619	0.3995	-0.0975	-0.2314	1.0013	1.0388	0.1486	1.1749	0.9605	0.2874	1.1582	0.9442	0.3515	1.1122	0.5312	0.2372	
0.6	-0.2488	0.3995	-0.1023	-0.2264	1.0115	1.0525	0.1649	1.1803	0.9822	0.3348	1.1666	0.9701	0.4112	1.1208	0.556	0.2411	
0.62	-0.2365	0.3996	-0.1066	-0.2223	1.0196	1.0598	0.1835	1.1824	0.9989	0.3849	1.1719	0.9916	0.4777	1.1286	0.5793	0.2409	
0.64	-0.2241	0.3997	-0.111	-0.2183	1.0276	1.0671	0.2021	1.1846	1.0155	0.435	1.1772	1.0131	0.5442	1.1365	0.6027	0.2408	
0.66	-0.2117	0.3999	-0.1154	-0.2142	1.0357	1.0744	0.2207	1.1868	1.0321	0.4851	1.1825	1.0345	0.6108	1.1443	0.6261	0.2407	
0.68	-0.1994	0.4	-0.1198	-0.2101	1.0437	1.0817	0.2393	1.189	1.0488	0.5352	1.1878	1.056	0.6773	1.1521	0.6494	0.2405	
