0	0.2818	-0.1195	0.3968	0.1321	0.2713	0.1909	0.0897	0.3852	0.426	0.0088	0.246	0.4096	-0.1475	-0.0053	0.5901	-0.1413	
0.02	0.2818	-0.1195	0.3968	0.1321	0.2754	0.1909	0.0894	0.3899	0.426	0.0088	0.246	0.4096	-0.1475	-0.0052	0.5871	-0.1463	
0.04	0.2818	-0.1195	0.3968	0.1321	0.2795	0.1909	0.0892	0.3946	0.426	0.0088	0.246	0.4096	-0.1475	-0.005	0.5842	-0.1512	
0.06	0.2818	-0.1195	0.3968	0.1321	0.2836	0.1909	0.089	0.3993	0.426	0.0088	0.246	0.4096	-0.1475	-0.0048	0.5812	-0.1562	
0.08	0.2818	-0.1195	0.3968	0.1321	0.2877	0.1909	0.0888	0.404	0.426	0.0088	0.246	0.4096	-0.1475	-0.0046	0.5783	-0.1612	
0.1	0.2818	-0.1195	0.3968	0.1321	0.2911	0.1909	0.0886	0.4086	0.426	0.0088	0.246	0.4096	-0.1475	-0.0043	0.5753	-0.1663	
0.12	0.2818	-0.1195	0.3968	0.1321	0.2937	0.1909	0.0883	0.4131	0.426	0.0088	0.246	0.4096	-0.1475	-0.004	0.5725	-0.17	
0.14	0.2818	-0.1195	0.3968	0.1321	0.2954	0.1909	0.0879	0.4176	0.426	0.0088	0.246	0.4096	-0.1475	-0.0037	0.5697	-0.1724	
0.16	0.2818	-0.1195	0.3968	0.1321	0.2964	0.1909	0.0875	0.4219	0.426	0.0088	0.246	0.4096	-0.1475	-0.0032	0.567	-0.1741	
0.18	0.2818	-0.1195	0.3968	0.1321	0.2967	0.1909	0.087	0.4259	0.426	0.0088	0.246	0.4096	-0.1475	-0.0027	0.5644	-0.1753	
0.2	0.2818	-0.1195	0.3968	0.1321	0.2966	0.1909	0.0865	0.4298	0.426	0.0088	0.246	0.4096	-0.1475	-0.002	0.5619	-0.1765	
0.22	0.2818	-0.1195	0.3968	0.1321	0.2964	0.1909	0.0859	0.4333	0.426	0.0088	0.246	0.4096	-0.1475	-0.0013	0.5594	-0.1778	
0.24	0.2818	-0.1195	0.3968	0.1321	0.2963	0.1909	0.0853	0.4364	0.426	0.0088	0.246	0.4096	-0.1475	-0.0006	0.5571	-0.1791	
0.26	0.2818	-0.1195	0.3968	0.1321	0.2963	0.1909	0.0846	0.4392	0.426	0.0088	0.246	0.4096	-0.1475	0.0002	0.5548	-0.1803	
0.28	0.2818	-0.1195	0.3968	0.1321	0.2963	0.1909	0.0839	0.4416	0.426	0.0088	0.246	0.4096	-0.1475	0.0011	0.5525	-0.1815	
0.3	0.2818	-0.1195	0.3968	0.1321	0.2964	0.1909	0.0832	0.4435	0.426	0.0088	0.246	0.4096	-0.1475	0.0021	0.5503	-0.1826	
0.32	0.2818	-0.1195	0.3968	0.1321	0.2964	0.1909	0.0824	0.445	0.426	0.0088	0.246	0.4096	-0.1475	0.0031	0.5483	-0.1836	
0.34	0.2818	-0.1195	0.3968	0.1321	0.2964	0.1909	0.0816	0.4461	0.426	0.0088	0.246	0.4096	-0.1475	0.0042	0.5462	-0.1846	
0.36	0.2818	-0.1195	0.3968	0.1321	0.2964	0.1909	0.0808	0.4468	0.426	0.0088	0.246	0.4096	-0.1475	0.0053	0.5443	-0.1855	
0.38	0.2818	-0.1195	0.3968	0.1321	0.2964	0.1909	0.08	0.4473	0.426	0.0088	0.246	0.4096	-0.1475	0.0065	0.5424	-0.1864	
0.4	0.2818	-0.1195	0.3968	0.1321	0.2964	0.1909	0.0791	0.4474	0.426	0.0088	0.246	0.4096	-0.1475	0.0077	0.5406	-0.1873	
0.42	0.2818	-0.1195	0.3968	0.1321	0.2964	0.1909	0.0782	0.4474	0.426	0.0088	0.246	0.4096	-0.1475	0.009	0.5389	-0.1881	
0.44	0.2818	-0.1195	0.3968	0.1321	0.2964	0.1909	0.0773	0.4472	0.426	0.0088	0.246	0.4096	-0.1475	0.0103	0.5372	-0.1888	
0.46	0.2818	-0.1195	0.3968	0.1321	0.2964	0.1909	0.0764	0.4469	0.426	0.0088	0.246	0.4096	-0.1475	0.0117	0.5356	-0.1895	
0.48	0.2818	-0.1195	0.3968	0.1321	0.2964	0.1909	0.0755	0.4465	0.426	0.0088	0.246	0.4096	-0.1475	0.0131	0.5341	-0.1902	
0.5	0.2818	-0.1195	0.3968	0.1321	0.2964	0.1909	0.0745	0.446	0.426	0.0088	0.246	0.4096	-0.1475	0.0146	0.5326	-0.1908	
0.52	0.2818	-0.1195	0.3968	0.1321	0.2964	0.1909	0.0736	0.4456	0.426	0.0088	0.246	0.4096	-0.1475	0.016	0.5312	-0.1914	
0.54	0.2818	-0.1195	0.3968	0.1321	0.2964	0.1909	0.0727	0.445	0.426	0.0088	0.246	0.4096	-0.1475	0.0176	0.5299	-0.192	
0.56	0.2818	-0.1195	0.3968	0.1321	0.2964	0.1909	0.0718	0.4444	0.426	0.0088	0.246	0.4096	-0.1475	0.0191	0.5286	-0.1925	
0.58	0.2818	-0.1195	0.3968	0.1321	0.2964	0.1909	0.0709	0.4438	0.426	0.0088	0.246	0.4096	-0.1475	0.0207	0.5275	-0.193	
0.6	0.2818	-0.1195	0.3968	0.1321	0.2964	0.1909	0.07	0.4431	0.426	0.0088	0.246	0.4096	-0.1475	0.0223	0.5263	-0.1934	
0.62	0.2818	-0.1195	0.3968	0.1321	0.2964	0.1909	0.0691	0.4424	0.426	0.0088	0.246	0.4096	-0.1475	0.0239	0.5253	-0.1938	
0.64	0.2818	-0.1195	0.3968	0.1321	0.2964	0.1909	0.0682	0.4416	0.426	0.0088	0.246	0.4096	-0.1475	0.0255	0.5243	-0.1942	
0.66	0.2818	-0.1195	0.3968	0.1321	0.2964	0.1909	0.0674	0.4408	0.426	0.0088	0.246	0.4096	-0.1475	0.0272	0.5233	-0.1946	
0.68	0.2818	-0.1195	0.3968	0.1321	0.2964	0.1909	0.0665	0.4399	0.426	0.0088	0.246	0.4096	-0.1475	0.0289	0.5225	-0.1949	
0.7	0.2818	-0.1195	0.3968	0.1321	0.2964	0.1909	0.0657	0.439	0.426	0.0088	0.246	0.4096	-0.1475	0.0306	0.5217	-0.1952	
0.72	0.2818	-0.1195	0.3968	0.1321	0.2964	0.1909	0.065	0.4381	0.426	0.0088	0.246	0.4096	-0.1475	0.0323	0.5209	-0.1954	
0.74	0.2818	-0.1195	0.3968	0.1321	0.2964	0.1909	0.0642	0.4372	0.426	0.0088	0.246	0.4096	-0.1475	0.034	0.5202	-0.1957	
0.76	0.2818	-0.1195	0.3968	0.1321	0.2964	0.1909	0.0635	0.4362	0.426	0.0088	0.246	0.4096	-0.1475	0.0357	0.5196	-0.1959	
0.78	0.2818	-0.1195	0.3968	0.1321	0.2964	0.1909	0.0629	0.4353	0.426	0.0088	0.246	0.4096	-0.1475	0.0374	0.5191	-0.1961	
0.8	0.2818	-0.1195	0.3968	0.1321	0.2964	0.1909	0.0623	0.4343	0.426	0.0088	0.246	0.4096	-0.1475	0.0391	0.5186	-0.1962	
0.82	0.2818	-0.1195	0.3968	0.1321	0.2964	0.1909	0.0617	0.4333	0.426	0.0088	0.246	0.4096	-0.1475	0.0408	0.5181	-0.1963	
0.84	0.2818	-0.1195	0.3968	0.1321	0.2964	0.1909	0.0612	0.4323	0.426	0.0088	0.246	0.4096	-0.1475	0.0426	0.5177	-0.1965	
0.86	0.2818	-0.1195	0.3968	0.1321	0.2964	0.1909	0.0607	0.4312	0.426	0.0088	0.246	0.4096	-0.1475	0.0443	0.5174	-0.1966	
0.88	0.2818	-0.1195	0.3968	0.1321	0.2964	0.1909	0.0603	0.4302	0.426	0.0088	0.246	0.4096	-0.1475	0.046	0.5172	-0.1966	
0.9	0.2818	-0.1195	0.3968	0.1321	0.2964	0.1909	0.0599	0.4292	0.426	0.0088	0.246	0.4096	-0.1475	0.0476	0.517	-0.1967	
0.92	0.2818	-0.1195	0.3968	0.1321	0.2964	0.1909	0.0596	0.4281	0.426	0.0088	0.246	0.4096	-0.1475	0.0493	0.5168	-0.1967	
0.94	0.2819	-0.1195	0.3969	0.1321	0.2964	0.1909	0.0594	0.4271	0.4261	0.0088	0.246	0.4096	-0.1474	0.051	0.5167	-0.1968	
0.96	0.2819	-0.1195	0.3969	0.1322	0.2964	0.191	0.0592	0.4261	0.4261	0.0088	0.246	0.4097	-0.1474	0.0526	0.5167	-0.1968	
0.98	0.282	-0.1195	0.397	0.1322	0.2964	0.1911	0.059	0.425	0.4262	0.0088	0.246	0.4097	-0.1474	0.0542	0.5167	-0.1968	
1	0.2821	-0.1195	0.3972	0.1322	0.2964	0.1912	0.059	0.424	0.4262	0.0089	0.246	0.4098	-0.1473	0.0558	0.5167	-0.1968	
1.02	0.2822	-0.1196	0.3973	0.1323	0.2964	0.1913	0.0589	0.423	0.4264	0.0089	0.246	0.41	-0.1472	0.0574	0.5168	-0.1967	
1.04	0.2824	-0.1196	0.3975	0.1324	0.2964	0.1915	0.059	0.4221	0.4265	0.009	0.2461	0.4101	-0.1472	0.0589	0.5169	-0.1967	
1.06	0.2826	-0.1196	0.3977	0.1325	0.2964	0.1917	0.059	0.4211	0.4267	0.009	0.2462	0.4103	-0.1471	0.0604	0.517	-0.1966	
1.08	0.2829	-0.1197	0.398	0.1327	0.2964	0.192	0.0591	0.4202	0.427	0.0091	0.2463	0.4105	-0.1469	0.0619	0.5172	-0.1966	
1.1	0.2833	-0.1197	0.3983	0.1329	0.2964	0.1923	0.0592	0.4193	0.4272	0.0092	0.2465	0.4108	-0.1468	0.0633	0.5175	-0.1965	
1.12	0.2837	-0.1198	0.3987	0.1331	0.2964	0.1927	0.0593	0.4184	0.4276	0.0094	0.2467	0.4111	-0.1466	0.0647	0.5177	-0.1964	
1.14	0.2841	-0.12	0.3991	0.1334	0.2964	0.1931	0.0595	0.4175	0.428	0.0095	0.2469	0.4115	-0.1464	0.0661	0.5181	-0.1963	
1.16	0.2846	-0.1201	0.3996	0.1337	0.2964	0.1935	0.0597	0.4167	0.4284	0.0097	0.2472	0.4119	-0.1461	0.0675	0.5185	-0.1961	
1.18	0.2852	-0.1203	0.4001	0.1341	0.2964	0.1941	0.0599	0.4159	0.429	0.0099	0.2475	0.4123	-0.1459	0.0688	0.5189	-0.196	
1.2	0.2858	-0.1205	0.4007	0.1345	0.2964	0.1946	0.0602	0.4152	0.4295	0.0101	0.2479	0.4128	-0.1456	0.0701	0.5194	-0.1958	
1.22	0.2864	-0.1207	0.4013	0.1349	0.2964	0.1953	0.0605	0.4145	0.4301	0.0103	0.2483	0.4134	-0.1452	0.0714	0.52	-0.1956	
1.24	0.2871	-0.121	0.402	0.1354	0.2964	0.1959	0.0608	0.4139	0.4308	0.0106	0.2488	0.4141	-0.1449	0.0727	0.5207	-0.1954	
1.26	0.2879	-0.1213	0.4028	0.1359	0.2964	0.1967	0.0611	0.4133	0.4316	0.0109	0.2493	0.4148	-0.1444	0.0739	0.5214	-0.1951	
1.28	0.2887	-0.1216	0.4036	0.1365	0.2964	0.1975	0.0615	0.4127	0.4324	0.0112	0.2499	0.4155	-0.144	0.0752	0.5222	-0.1948	
1.3	0.2896	-0.122	0.4045	0.1371	0.2964	0.1983	0.0619	0.4122	0.4333	0.0115	0.2505	0.4164	-0.1435	0.0764	0.5231	-0.1945	
1.32	0.2905	-0.1224	0.4054	0.1378	0.2964	0.1992	0.0623	0.4118	0.4343	0.0118	0.2511	0.4173	-0.143	0.0777	0.524	-0.1941	
1.34	0.2915	-0.1228	0.4065	0.1385	0.2964	0.2002	0.0628	0.4114	0.4353	0.0122	0.2518	0.4183	-0.1424	0.0789	0.5251	-0.1937	
1.36	0.2925	-0.1233	0.4076	0.1393	0.2964	0.2013	0.0633	0.4111	0.4364	0.0126	0.2526	0.4194	-0.1417	0.0801	0.5262	-0.1933	
1.38	0.2936	-0.1238	0.4087	0.1401	0.2964	0.2024	0.0638	0.4109	0.4376	0.013	0.2534	0.4205	-0.1411	0.0813	0.5275	-0.1928	
1.4	0.2947	-0.1243	0.41	0.141	0.2964	0.2035	0.0643	0.4107	0.4388	0.0135	0.2542	0.4218	-0.1403	0.0826	0.5288	-0.1923	
1.42	0.2959	-0.1249	0.4113	0.1419	0.2964	0.2048	0.0649	0.4105	0.4401	0.0139	0.2551	0.4231	-0.1396	0.0838	0.5302	-0.1917	
1.44	0.2972	-0.1255	0.4127	0.1429	0.2964	0.2061	0.0656	0.4104	0.4416	0.0144	0.256	0.4245	-0.1387	0.0851	0.5318	-0.1911	
1.46	0.2985	-0.1262	0.4142	0.144	0.2964	0.2075	0.0662	0.4104	0.4431	0.0149	0.257	0.426	-0.1378	0.0863	0.5334	-0.1905	
1.48	0.2998	-0.1269	0.4158	0.145	0.2964	0.209	0.0669	0.4104	0.4446	0.0155	0.258	0.4276	-0.1369	0.0876	0.5352	-0.1898	
1.5	0.3012	-0.1276	0.4174	0.1462	0.2964	0.2105	0.0677	0.4105	0.4463	0.0161	0.2591	0.4293	-0.1359	0.0889	0.537	-0.1891	
1.52	0.3027	-0.1283	0.4192	0.1474	0.2964	0.2121	0.0684	0.4105	0.4481	0.0167	0.2602	0.4312	-0.1348	0.0902	0.539	-0.1883	
1.54	0.3042	-0.1291	0.421	0.1487	0.2964	0.2138	0.0692	0.4106	0.4499	0.0173	0.2614	0.4331	-0.1336	0.0916	0.5411	-0.1874	
1.56	0.3058	-0.13	0.423	0.15	0.2964	0.2156	0.0701	0.4108	0.4518	0.018	0.2626	0.4352	-0.1324	0.0929	0.5434	-0.1865	
1.58	0.3074	-0.1309	0.425	0.1514	0.2964	0.2174	0.0709	0.4109	0.4538	0.0187	0.2639	0.4373	-0.1312	0.0943	0.5458	-0.1856	
1.6	0.3091	-0.1318	0.4271	0.1528	0.2964	0.2194	0.0719	0.4111	0.456	0.0194	0.2652	0.4395	-0.1299	0.0957	0.5483	-0.1847	
1.62	0.3108	-0.1328	0.4293	0.1544	0.2964	0.2214	0.0728	0.4113	0.4582	0.0201	0.2666	0.4418	-0.1285	0.0972	0.5509	-0.1837	
1.64	0.3126	-0.1338	0.4316	0.1559	0.2964	0.2235	0.0738	0.4115	0.4605	0.0209	0.268	0.4443	-0.127	0.0987	0.5536	-0.1825	
1.66	0.3145	-0.1349	0.4341	0.1576	0.2964	0.2257	0.0748	0.4118	0.4629	0.0217	0.2695	0.447	-0.1254	0.1002	0.5565	-0.1812	
1.68	0.3163	-0.136	0.4367	0.1593	0.2964	0.2279	0.0759	0.412	0.4654	0.0226	0.271	0.4499	-0.1237	0.1018	0.5595	-0.1798	
1.7	0.3183	-0.1371	0.4394	0.1611	0.2964	0.2303	0.077	0.4123	0.468	0.0235	0.2725	0.4531	-0.1219	0.1034	0.5629	-0.1785	
1.72	0.3203	-0.1383	0.4423	0.1629	0.2964	0.2327	0.0782	0.4127	0.4707	0.0244	0.2741	0.4562	-0.1202	0.105	0.5665	-0.1774	
1.74	0.3224	-0.1396	0.4451	0.1648	0.2964	0.2354	0.0794	0.413	0.4736	0.0253	0.2758	0.459	-0.1185	0.1068	0.5703	-0.1764	
1.76	0.3245	-0.1409	0.4478	0.1668	0.2964	0.2381	0.0806	0.4134	0.4767	0.0263	0.2775	0.4615	-0.1169	0.1085	0.574	-0.1751	
1.78	0.3266	-0.1422	0.4505	0.1688	0.2964	0.2409	0.0819	0.4139	0.4798	0.0273	0.2793	0.4645	-0.1149	0.1103	0.5773	-0.1727	
1.8	0.3289	-0.1436	0.4536	0.171	0.2964	0.2436	0.0832	0.4143	0.483	0.0284	0.2811	0.4692	-0.1117	0.1122	0.5804	-0.1682	
1.82	0.3312	-0.145	0.4577	0.1732	0.2964	0.2463	0.0846	0.4148	0.4861	0.0295	0.2829	0.4775	-0.1067	0.1141	0.5842	-0.1604	
1.84	0.3335	-0.1465	0.4633	0.1755	0.2964	0.2492	0.086	0.4153	0.4892	0.0306	0.2848	0.4914	-0.099	0.1161	0.5902	-0.1482	
1.86	0.3359	-0.148	0.4706	0.1777	0.2964	0.2525	0.0874	0.4159	0.4925	0.0317	0.2868	0.5123	-0.0882	0.1182	0.6001	-0.1311	
1.88	0.3384	-0.1496	0.4796	0.18	0.2964	0.2567	0.0888	0.4164	0.4966	0.0328	0.2888	0.5411	-0.0739	0.1203	0.6151	-0.1086	
1.9	0.3408	-0.1513	0.4895	0.1825	0.2964	0.2624	0.0904	0.417	0.5021	0.034	0.2909	0.5774	-0.056	0.1225	0.6357	-0.0806	
1.92	0.3433	-0.1529	0.4998	0.1853	0.2964	0.27	0.0923	0.4177	0.5094	0.0356	0.293	0.6204	-0.0347	0.1248	0.6615	-0.0476	
1.94	0.346	-0.1547	0.51	0.1887	0.2964	0.2794	0.0946	0.4184	0.5188	0.0376	0.2951	0.6684	-0.0108	0.1272	0.6915	-0.0105	
1.96	0.3487	-0.1565	0.5196	0.1928	0.2964	0.2907	0.0975	0.4191	0.5298	0.0403	0.2974	0.7194	0.0149	0.1296	0.7247	0.0288	
1.98	0.3518	-0.1584	0.5284	0.1979	0.2964	0.3033	0.101	0.4198	0.5422	0.0437	0.2996	0.7706	0.0411	0.1321	0.7601	0.0682	
2	0.3554	-0.1603	0.5357	0.2038	0.2964	0.3171	0.105	0.4206	0.5553	0.0477	0.302	0.8195	0.0667	0.1347	0.7963	0.106	
2.02	0.3595	-0.1623	0.5413	0.2105	0.2964	0.3316	0.1095	0.4214	0.5688	0.0524	0.3043	0.8636	0.0908	0.1374	0.8319	0.1407	
2.04	0.3642	-0.1643	0.5447	0.2179	0.2964	0.3464	0.1144	0.4223	0.5822	0.0575	0.3067	0.9013	0.1131	0.1404	0.8652	0.1717	
2.06	0.3696	-0.1662	0.5463	0.226	0.2964	0.3607	0.1195	0.4231	0.5949	0.0629	0.3092	0.9323	0.1333	0.1437	0.8948	0.1986	
2.08	0.3758	-0.1682	0.5465	0.2346	0.2964	0.3741	0.1246	0.4241	0.6062	0.0684	0.3117	0.9567	0.1515	0.1475	0.9201	0.2216	
2.1	0.3827	-0.1705	0.5461	0.2434	0.2964	0.3862	0.1298	0.425	0.6158	0.0738	0.3144	0.9759	0.1677	0.1516	0.9413	0.2407	
2.12	0.3905	-0.1733	0.5457	0.2522	0.2964	0.3966	0.1346	0.4261	0.6234	0.0789	0.3174	0.9913	0.1822	0.1563	0.9596	0.2567	
2.14	0.3993	-0.1769	0.5455	0.2607	0.2964	0.4057	0.1392	0.4271	0.6293	0.0836	0.3208	1.0044	0.1949	0.1615	0.9759	0.2704	
2.16	0.4088	-0.1814	0.5456	0.2686	0.2964	0.4136	0.1433	0.4282	0.6339	0.0878	0.3248	1.0165	0.2061	0.1673	0.9911	0.2831	
2.18	0.4189	-0.1869	0.5457	0.276	0.2964	0.4208	0.1472	0.4292	0.638	0.0915	0.3294	1.0281	0.2157	0.1738	1.0057	0.2954	
2.2	0.429	-0.1931	0.5458	0.2826	0.2964	0.4273	0.1508	0.4304	0.6419	0.095	0.3347	1.0396	0.2237	0.181	1.0198	0.3076	
2.22	0.4388	-0.1999	0.5458	0.2886	0.2964	0.4335	0.1543	0.4317	0.646	0.0983	0.3408	1.0511	0.2301	0.1889	1.0334	0.3193	
2.24	0.4478	-0.207	0.5458	0.2937	0.2964	0.4393	0.1578	0.4334	0.6501	0.1015	0.348	1.0623	0.2348	0.1974	1.0468	0.3301	
2.26	0.4557	-0.2142	0.5458	0.2978	0.2964	0.4448	0.1612	0.4355	0.6544	0.1048	0.3563	1.0733	0.2379	0.2064	1.06	0.3398	
2.28	0.4625	-0.2212	0.5457	0.301	0.2964	0.4501	0.1646	0.4382	0.6587	0.1083	0.3661	1.0839	0.2395	0.2158	1.0731	0.3481	
2.3	0.4679	-0.2279	0.5457	0.303	0.2964	0.4554	0.168	0.4417	0.663	0.1118	0.3771	1.0942	0.2401	0.2253	1.0859	0.3551	
2.32	0.472	-0.234	0.5457	0.3037	0.2964	0.4606	0.1713	0.4459	0.6674	0.1154	0.3892	1.1039	0.2401	0.2351	1.098	0.3607	
2.34	0.4747	-0.2396	0.5458	0.3031	0.2964	0.4659	0.1747	0.451	0.672	0.1192	0.4018	1.1132	0.2399	0.245	1.1092	0.3649	
2.36	0.4762	-0.2449	0.5458	0.3011	0.2964	0.4714	0.1781	0.457	0.6767	0.1231	0.4145	1.1221	0.2398	0.2555	1.119	0.3677	
2.38	0.4768	-0.2501	0.5458	0.2977	0.2964	0.477	0.1816	0.464	0.6817	0.1273	0.4268	1.1309	0.2397	0.2668	1.1273	0.3692	
2.4	0.4768	-0.2555	0.5458	0.293	0.2964	0.483	0.185	0.472	0.6867	0.1319	0.4384	1.1398	0.2398	0.279	1.1339	0.3697	
2.42	0.4766	-0.2614	0.5458	0.2872	0.2964	0.4891	0.1885	0.4809	0.6918	0.1371	0.4495	1.1494	0.2399	0.2921	1.1388	0.3696	
2.44	0.4764	-0.2675	0.5458	0.2808	0.2964	0.4956	0.192	0.4905	0.6969	0.143	0.4599	1.16	0.2399	0.3058	1.142	0.3694	
2.46	0.4764	-0.2738	0.5458	0.274	0.2964	0.5021	0.1957	0.5003	0.7024	0.1495	0.4698	1.1715	0.2399	0.3194	1.1437	0.3693	
2.48	0.4764	-0.2798	0.5458	0.2675	0.2964	0.5085	0.1999	0.51	0.7087	0.1563	0.4793	1.1838	0.2399	0.3324	1.1443	0.3692	
2.5	0.4765	-0.2853	0.5458	0.2614	0.2964	0.5145	0.2051	0.5189	0.7169	0.1631	0.4887	1.1961	0.2398	0.3444	1.1443	0.3693	
2.52	0.4765	-0.2902	0.5458	0.2561	0.2964	0.5199	0.2116	0.5269	0.7276	0.1696	0.4979	1.2078	0.2398	0.3551	1.1441	0.3694	
2.54	0.4765	-0.2941	0.5458	0.2517	0.2964	0.5246	0.2196	0.5336	0.7415	0.1753	0.5072	1.2185	0.2398	0.3641	1.144	0.3694	
2.56	0.4765	-0.2972	0.5458	0.2481	0.2964	0.5292	0.2277	0.5401	0.7553	0.1817	0.5176	1.2307	0.2398	0.3718	1.144	0.3694	
2.58	0.4765	-0.3004	0.5458	0.2446	0.2964	0.5339	0.2358	0.5466	0.7691	0.188	0.5281	1.2428	0.2399	0.3795	1.1441	0.3694	
2.6	0.4765	-0.3035	0.5458	0.241	0.2964	0.5386	0.2439	0.5531	0.783	0.1943	0.5386	1.2549	0.2399	0.3872	1.1441	0.3693	
2.62	0.4765	-0.3067	0.5458	0.2374	0.2964	0.5432	0.252	0.5596	0.7968	0.2007	0.549	1.267	0.2399	0.395	1.1441	0.3693	
