0	0.4109	0.4885	0.312	0.1524	0.2026	0.0338	0.0459	0.3869	0.1199	-0.0296	0.1564	0.1265	0.0489	0.4158	-0.0357	0.0496	
0.02	0.4109	0.4885	0.312	0.1496	0.2026	0.0338	0.0459	0.3866	0.1199	-0.0296	0.1564	0.1265	0.0489	0.4158	-0.0357	0.0496	
0.04	0.4109	0.4885	0.312	0.1469	0.2026	0.0338	0.0459	0.3863	0.1199	-0.0296	0.1564	0.1265	0.0489	0.4158	-0.0357	0.0496	
0.06	0.4109	0.4885	0.312	0.1441	0.2026	0.0338	0.0459	0.3861	0.1199	-0.0296	0.1564	0.1265	0.0488	0.4158	-0.0357	0.0496	
0.08	0.4109	0.4885	0.312	0.1414	0.2026	0.0338	0.0459	0.3858	0.1199	-0.0296	0.1564	0.1265	0.0488	0.4158	-0.0357	0.0496	
0.1	0.4109	0.4885	0.312	0.1387	0.2026	0.0338	0.0459	0.3852	0.1199	-0.0296	0.1564	0.1265	0.0489	0.4158	-0.0357	0.0496	
0.12	0.4109	0.4885	0.312	0.136	0.2026	0.0338	0.0459	0.3843	0.1199	-0.0296	0.1564	0.1265	0.0489	0.4158	-0.0357	0.0496	
0.14	0.4109	0.4885	0.312	0.1333	0.2026	0.0338	0.0459	0.3831	0.1199	-0.0296	0.1564	0.1265	0.0489	0.4158	-0.0357	0.0496	
0.16	0.4109	0.4885	0.312	0.1306	0.2026	0.0338	0.0459	0.3814	0.1199	-0.0296	0.1564	0.1265	0.0489	0.4158	-0.0357	0.0496	
0.18	0.4109	0.4885	0.312	0.1279	0.2026	0.0338	0.0459	0.3794	0.1199	-0.0296	0.1564	0.1265	0.0488	0.4158	-0.0357	0.0496	
0.2	0.4109	0.4885	0.312	0.1253	0.2026	0.0338	0.0459	0.377	0.1199	-0.0296	0.1564	0.1265	0.0488	0.4158	-0.0357	0.0496	
0.22	0.4109	0.4885	0.312	0.1227	0.2026	0.0338	0.0459	0.3742	0.1199	-0.0296	0.1564	0.1265	0.0488	0.4158	-0.0357	0.0496	
0.24	0.4109	0.4885	0.312	0.1201	0.2026	0.0338	0.0459	0.3711	0.1199	-0.0296	0.1564	0.1265	0.0488	0.4158	-0.0357	0.0496	
0.26	0.4109	0.4885	0.312	0.1175	0.2026	0.0338	0.0459	0.3678	0.1199	-0.0296	0.1564	0.1265	0.0489	0.4158	-0.0357	0.0496	
0.28	0.4109	0.4885	0.312	0.115	0.2026	0.0338	0.0459	0.3643	0.1199	-0.0296	0.1564	0.1265	0.0489	0.4158	-0.0357	0.0496	
0.3	0.4109	0.4885	0.312	0.1125	0.2026	0.0338	0.0459	0.3607	0.1199	-0.0296	0.1564	0.1265	0.0489	0.4158	-0.0357	0.0496	
0.32	0.4109	0.4885	0.312	0.11	0.2026	0.0338	0.0459	0.3571	0.1199	-0.0296	0.1564	0.1266	0.0488	0.4158	-0.0357	0.0496	
0.34	0.4109	0.4884	0.312	0.1075	0.2026	0.0338	0.0459	0.3536	0.1199	-0.0296	0.1564	0.1266	0.0488	0.4158	-0.0357	0.0496	
0.36	0.411	0.4884	0.312	0.105	0.2027	0.0339	0.0459	0.3503	0.12	-0.0295	0.1565	0.1268	0.0488	0.4158	-0.0356	0.0495	
0.38	0.4112	0.4882	0.312	0.1026	0.2028	0.0341	0.0459	0.3472	0.1203	-0.0294	0.1566	0.127	0.0489	0.4158	-0.0353	0.0493	
0.4	0.4115	0.488	0.312	0.1002	0.203	0.0345	0.0459	0.3444	0.1207	-0.0292	0.1568	0.1275	0.0489	0.4159	-0.0349	0.049	
0.42	0.4119	0.4877	0.3119	0.0978	0.2033	0.035	0.0459	0.3419	0.1215	-0.0288	0.157	0.1283	0.0491	0.416	-0.0342	0.0485	
0.44	0.4126	0.4873	0.3117	0.0954	0.2039	0.0358	0.0459	0.3399	0.1226	-0.0283	0.1575	0.1293	0.0494	0.4162	-0.0331	0.0478	
0.46	0.4136	0.4868	0.3114	0.0931	0.2046	0.0368	0.0459	0.3384	0.1242	-0.0275	0.158	0.1307	0.0499	0.4166	-0.0316	0.0468	
0.48	0.4149	0.4862	0.311	0.0908	0.2056	0.0382	0.0459	0.3373	0.1264	-0.0265	0.1588	0.1325	0.0505	0.4171	-0.0295	0.0456	
0.5	0.4166	0.4854	0.3103	0.0885	0.2069	0.0399	0.046	0.3367	0.1292	-0.0253	0.1597	0.1347	0.0515	0.4179	-0.0269	0.0442	
0.52	0.4187	0.4844	0.3094	0.0862	0.2085	0.042	0.046	0.3366	0.1327	-0.0238	0.1609	0.1374	0.0527	0.4188	-0.0237	0.0425	
0.54	0.4212	0.4831	0.3082	0.0839	0.2105	0.0444	0.0462	0.3369	0.1369	-0.0219	0.1623	0.1408	0.0542	0.4201	-0.0199	0.0407	
0.56	0.4242	0.4816	0.3067	0.0817	0.2128	0.0472	0.0463	0.3376	0.142	-0.0197	0.164	0.1451	0.056	0.4216	-0.0154	0.0386	
0.58	0.4276	0.48	0.305	0.0795	0.2155	0.0503	0.0466	0.3388	0.1481	-0.0171	0.1659	0.1502	0.0582	0.4234	-0.0101	0.0364	
0.6	0.4317	0.4784	0.3029	0.0773	0.2187	0.0537	0.0469	0.3404	0.1553	-0.0141	0.168	0.1559	0.0608	0.4256	-0.004	0.0341	
0.62	0.4363	0.4768	0.3006	0.0751	0.2224	0.0575	0.0474	0.3426	0.1636	-0.0107	0.1703	0.1617	0.0636	0.4281	0.003	0.0317	
0.64	0.4416	0.4749	0.2981	0.0729	0.2267	0.0615	0.0479	0.3454	0.1729	-0.007	0.1729	0.1676	0.0668	0.4308	0.011	0.0293	
0.66	0.4473	0.4719	0.2953	0.0708	0.2314	0.0659	0.0486	0.3485	0.1829	-0.003	0.1758	0.1741	0.0704	0.4339	0.0198	0.0269	
0.68	0.4535	0.4669	0.2922	0.0687	0.2363	0.0706	0.0493	0.3519	0.1938	0.0013	0.1789	0.1827	0.0742	0.4374	0.0291	0.0245	
0.7	0.4602	0.459	0.289	0.0665	0.2414	0.0757	0.0503	0.3555	0.2058	0.0059	0.1824	0.1958	0.0785	0.4413	0.0388	0.0222	
0.72	0.4677	0.4475	0.2856	0.0644	0.247	0.0809	0.0513	0.3595	0.2202	0.0115	0.186	0.2157	0.0832	0.4456	0.0494	0.02	
0.74	0.4767	0.4326	0.282	0.0624	0.2539	0.0864	0.0526	0.3647	0.2383	0.0184	0.1899	0.2444	0.0882	0.4503	0.0618	0.0178	
0.76	0.4881	0.4145	0.2782	0.0603	0.2632	0.092	0.054	0.372	0.2616	0.0271	0.194	0.2824	0.0935	0.4553	0.0774	0.0158	
0.78	0.5028	0.3939	0.2743	0.0583	0.2759	0.098	0.0555	0.3825	0.2912	0.0379	0.1984	0.3299	0.0989	0.4604	0.0976	0.0142	
0.8	0.5213	0.3714	0.2702	0.0563	0.2924	0.1046	0.0572	0.3967	0.3276	0.0507	0.2034	0.3866	0.1047	0.4659	0.1235	0.0131	
0.82	0.5438	0.3475	0.266	0.0543	0.3126	0.1121	0.0591	0.4148	0.3706	0.0658	0.2093	0.4517	0.1111	0.4718	0.1554	0.0127	
0.84	0.5696	0.3232	0.2616	0.0523	0.3357	0.1209	0.0611	0.4362	0.4197	0.0831	0.2167	0.5241	0.1186	0.4789	0.1936	0.0131	
0.86	0.5979	0.2995	0.2572	0.0503	0.361	0.1312	0.0634	0.4607	0.4748	0.1031	0.2262	0.6019	0.1279	0.4879	0.238	0.0147	
0.88	0.6277	0.2779	0.2529	0.0484	0.3879	0.1427	0.0659	0.4883	0.5355	0.126	0.2384	0.6828	0.1395	0.4994	0.2888	0.018	
0.9	0.6581	0.2592	0.2489	0.0464	0.4158	0.1553	0.0687	0.5193	0.6017	0.1518	0.254	0.7645	0.1538	0.514	0.346	0.0239	
0.92	0.688	0.2441	0.2453	0.0446	0.4442	0.1687	0.0717	0.5537	0.6724	0.18	0.2737	0.8457	0.1711	0.532	0.4087	0.0338	
0.94	0.7164	0.2323	0.2421	0.043	0.4723	0.1835	0.0748	0.591	0.7458	0.2098	0.2977	0.9252	0.1912	0.5535	0.4754	0.0489	
0.96	0.7419	0.2232	0.2395	0.0415	0.4997	0.2008	0.078	0.6304	0.8192	0.2404	0.3258	1.0024	0.2141	0.5787	0.5439	0.0694	
0.98	0.764	0.2163	0.2375	0.0402	0.5262	0.223	0.0813	0.6711	0.8898	0.2711	0.3576	1.0765	0.2397	0.608	0.6125	0.095	
1	0.7824	0.2112	0.236	0.0392	0.5517	0.2522	0.0854	0.7124	0.9557	0.301	0.3923	1.1465	0.2672	0.6408	0.6798	0.1241	
1.02	0.7976	0.2077	0.235	0.0384	0.5764	0.2902	0.0913	0.7541	1.016	0.3291	0.4291	1.2116	0.2955	0.6763	0.7449	0.1551	
1.04	0.8106	0.2056	0.2345	0.0378	0.6001	0.3367	0.1005	0.7958	1.0704	0.3546	0.467	1.271	0.323	0.7127	0.8066	0.1865	
1.06	0.8221	0.2048	0.2343	0.0374	0.6224	0.3903	0.1148	0.8362	1.119	0.3764	0.5047	1.3236	0.3483	0.7477	0.863	0.2169	
1.08	0.8327	0.2047	0.2343	0.0372	0.6427	0.4487	0.1356	0.8738	1.1614	0.3941	0.5411	1.368	0.37	0.7795	0.9123	0.2451	
1.1	0.8425	0.205	0.2344	0.0371	0.6603	0.5104	0.1639	0.907	1.1973	0.4075	0.5752	1.4034	0.3878	0.8067	0.9531	0.2697	
1.12	0.852	0.2051	0.2344	0.0371	0.6779	0.5843	0.1942	0.939	1.2239	0.4172	0.6085	1.432	0.4043	0.8345	0.9909	0.2907	
1.14	0.8614	0.2052	0.2344	0.0372	0.6956	0.6582	0.2244	0.9711	1.2504	0.4269	0.6417	1.4606	0.4209	0.8623	1.0287	0.3118	
1.16	0.8709	0.2053	0.2344	0.0372	0.7132	0.7321	0.2547	1.0031	1.2769	0.4366	0.675	1.4891	0.4374	0.8901	1.0665	0.3328	
1.18	0.8803	0.2054	0.2344	0.0372	0.7309	0.806	0.2849	1.0351	1.3035	0.4464	0.7082	1.5177	0.4539	0.9179	1.1042	0.3539	
