0	0.5457	0.2743	-0.0902	0.4522	0.4146	-0.0195	0.181	0.3681	-0.0184	0.0775	0.17	-0.0458	0.0193	0.2338	0.0019	0.1608	
0.02	0.5458	0.2693	-0.0902	0.4522	0.4162	-0.0195	0.181	0.3684	-0.0184	0.0775	0.17	-0.0458	0.0193	0.2338	0.0019	0.1608	
0.04	0.5458	0.2643	-0.0902	0.4522	0.4178	-0.0195	0.181	0.3688	-0.0184	0.0775	0.17	-0.0458	0.0193	0.2338	0.0019	0.1608	
0.06	0.5459	0.2594	-0.0902	0.4522	0.4194	-0.0195	0.181	0.3691	-0.0184	0.0775	0.17	-0.0458	0.0193	0.2337	0.0019	0.1608	
0.08	0.5459	0.2544	-0.0902	0.4522	0.421	-0.0195	0.181	0.3694	-0.0184	0.0775	0.17	-0.0458	0.0193	0.2337	0.0019	0.1608	
0.1	0.5463	0.2495	-0.0902	0.4522	0.4234	-0.0195	0.181	0.3704	-0.0184	0.0775	0.17	-0.0458	0.0193	0.2338	0.0019	0.1608	
0.12	0.547	0.244	-0.0902	0.4522	0.4266	-0.0195	0.181	0.3719	-0.0184	0.0775	0.17	-0.0459	0.0193	0.2341	0.0018	0.1608	
0.14	0.5483	0.238	-0.0901	0.4522	0.4307	-0.0195	0.181	0.3743	-0.0184	0.0775	0.17	-0.0458	0.0193	0.2347	0.0019	0.1608	
0.16	0.5501	0.232	-0.0897	0.4522	0.4355	-0.0195	0.181	0.3776	-0.0183	0.0775	0.17	-0.0458	0.0193	0.2357	0.0019	0.1608	
0.18	0.5528	0.226	-0.089	0.4522	0.4411	-0.0195	0.181	0.3818	-0.018	0.0775	0.17	-0.0457	0.0193	0.2373	0.0022	0.1608	
0.2	0.5564	0.2204	-0.0878	0.4522	0.4472	-0.0195	0.181	0.3869	-0.0174	0.0775	0.1702	-0.0454	0.0193	0.2395	0.0027	0.1608	
0.22	0.5608	0.2153	-0.0859	0.4522	0.4537	-0.0195	0.181	0.393	-0.0163	0.0775	0.1705	-0.0449	0.0193	0.2425	0.0035	0.1608	
0.24	0.566	0.2105	-0.0833	0.4522	0.4604	-0.0195	0.181	0.3998	-0.0146	0.0775	0.171	-0.0442	0.0193	0.2463	0.0049	0.1608	
0.26	0.572	0.2059	-0.0799	0.4521	0.4672	-0.0195	0.181	0.4072	-0.0123	0.0775	0.1719	-0.0431	0.0193	0.2509	0.0067	0.1608	
0.28	0.5786	0.2009	-0.0757	0.4519	0.474	-0.0194	0.181	0.4153	-0.0092	0.0776	0.1733	-0.0417	0.0193	0.2563	0.0092	0.1608	
0.3	0.5859	0.1952	-0.0706	0.4515	0.4809	-0.0193	0.181	0.4237	-0.0053	0.0777	0.1753	-0.0398	0.0193	0.2624	0.0125	0.1608	
0.32	0.5939	0.1883	-0.0648	0.4509	0.4881	-0.019	0.181	0.4326	-0.0005	0.0778	0.178	-0.0375	0.0193	0.2693	0.0164	0.1608	
0.34	0.6028	0.1802	-0.0584	0.45	0.4957	-0.0186	0.181	0.4419	0.0051	0.078	0.1814	-0.0347	0.0193	0.2768	0.0211	0.1608	
0.36	0.6126	0.171	-0.0515	0.4488	0.5041	-0.0179	0.181	0.4516	0.0115	0.0783	0.1854	-0.0315	0.0193	0.2853	0.0265	0.1609	
0.38	0.6238	0.1608	-0.0444	0.4473	0.5133	-0.0171	0.1811	0.4619	0.0185	0.0787	0.1899	-0.0278	0.0193	0.2951	0.0324	0.161	
0.4	0.6368	0.1496	-0.0372	0.4455	0.5236	-0.0159	0.1811	0.4733	0.0261	0.0792	0.1952	-0.0237	0.0193	0.3066	0.0388	0.1611	
0.42	0.6531	0.137	-0.03	0.4433	0.5354	-0.0145	0.1812	0.4861	0.0342	0.0799	0.202	-0.0192	0.0193	0.3201	0.0458	0.1614	
0.44	0.6747	0.1225	-0.0229	0.4407	0.5491	-0.0128	0.1814	0.5009	0.0428	0.0806	0.2111	-0.0143	0.0194	0.3359	0.0536	0.1617	
0.46	0.7041	0.1056	-0.0158	0.4378	0.565	-0.0107	0.1816	0.5182	0.052	0.0815	0.2233	-0.009	0.0196	0.3541	0.0622	0.1622	
0.48	0.7431	0.0861	-0.0088	0.4345	0.5837	-0.0083	0.182	0.5385	0.0619	0.0826	0.2391	-0.0032	0.0199	0.3748	0.0719	0.1628	
0.5	0.7918	0.0646	-0.0018	0.431	0.6052	-0.0056	0.1824	0.5621	0.0727	0.0838	0.2585	0.0033	0.0203	0.3983	0.0828	0.1635	
0.52	0.8491	0.0418	0.0054	0.4272	0.6291	-0.0026	0.1829	0.5891	0.0845	0.085	0.2811	0.0109	0.0209	0.4253	0.0949	0.1644	
0.54	0.9121	0.0185	0.0129	0.4233	0.6548	0.0006	0.1836	0.6192	0.0975	0.0864	0.3065	0.0201	0.0216	0.4565	0.108	0.1654	
0.56	0.9779	-0.005	0.0209	0.4191	0.6813	0.0042	0.1844	0.6515	0.1119	0.088	0.3339	0.0316	0.0226	0.4918	0.1221	0.1665	
0.58	1.0435	-0.0279	0.0295	0.4147	0.7077	0.008	0.1853	0.6851	0.1278	0.0896	0.3625	0.046	0.0238	0.5307	0.1368	0.1679	
0.6	1.1059	-0.0498	0.0391	0.4097	0.7331	0.0122	0.1864	0.7185	0.1453	0.0913	0.3912	0.0638	0.0252	0.5715	0.1521	0.1695	
0.62	1.1623	-0.0696	0.0499	0.4039	0.7569	0.0168	0.1876	0.7506	0.1642	0.0931	0.4187	0.0854	0.0269	0.6125	0.1677	0.1712	
0.64	1.2104	-0.0865	0.0622	0.3971	0.7786	0.0218	0.1889	0.7804	0.1844	0.095	0.4437	0.1105	0.0287	0.6521	0.1836	0.1732	
0.66	1.2482	-0.1002	0.0762	0.3895	0.7978	0.0271	0.1903	0.8074	0.2055	0.097	0.4655	0.1389	0.0308	0.6895	0.1999	0.1753	
0.68	1.2755	-0.1106	0.092	0.3814	0.8143	0.0324	0.1919	0.8312	0.2272	0.0992	0.4838	0.1699	0.0332	0.7238	0.2168	0.1775	
0.7	1.2934	-0.1183	0.1096	0.3736	0.8282	0.0378	0.1936	0.8519	0.2491	0.1014	0.4989	0.2029	0.0358	0.7544	0.2345	0.1799	
0.72	1.3042	-0.1241	0.1286	0.3671	0.8398	0.0438	0.1954	0.8695	0.2714	0.1039	0.5116	0.2372	0.0387	0.7803	0.2529	0.1825	
0.74	1.3107	-0.1286	0.1487	0.3633	0.8497	0.0513	0.1973	0.8845	0.2943	0.1065	0.5226	0.2721	0.0419	0.8009	0.2718	0.1859	
0.76	1.3152	-0.1319	0.1694	0.3635	0.8587	0.0618	0.1994	0.8975	0.318	0.1096	0.5326	0.3072	0.0453	0.8164	0.2909	0.1903	
0.78	1.3194	-0.1343	0.1902	0.3687	0.8673	0.0772	0.2017	0.9093	0.3431	0.1131	0.5423	0.3421	0.049	0.8282	0.3099	0.1963	
0.8	1.3239	-0.1357	0.2104	0.3796	0.8761	0.0983	0.2044	0.9203	0.3698	0.1175	0.552	0.3767	0.0528	0.8379	0.3288	0.2041	
0.82	1.3287	-0.1359	0.2295	0.3967	0.8855	0.1252	0.2078	0.9308	0.398	0.1229	0.5622	0.4108	0.0568	0.8478	0.3477	0.214	
0.84	1.334	-0.1349	0.2473	0.4196	0.8956	0.1568	0.2121	0.9409	0.4274	0.1293	0.5728	0.4441	0.0612	0.8589	0.3669	0.2261	
0.86	1.3394	-0.1329	0.2637	0.4479	0.9065	0.1912	0.2172	0.9507	0.4569	0.1367	0.5835	0.4762	0.0663	0.8719	0.3864	0.2405	
0.88	1.3449	-0.1302	0.279	0.4801	0.918	0.2264	0.2234	0.9604	0.4855	0.1449	0.5941	0.5061	0.0727	0.8861	0.4062	0.2568	
0.9	1.3504	-0.127	0.2937	0.5143	0.9295	0.2608	0.2306	0.9703	0.5121	0.1535	0.604	0.5332	0.0805	0.9008	0.4257	0.2746	
0.92	1.3557	-0.1236	0.3082	0.5483	0.9407	0.2926	0.2386	0.9807	0.5356	0.1626	0.6129	0.5567	0.0898	0.9152	0.4446	0.2932	
0.94	1.3608	-0.1202	0.3225	0.58	0.9512	0.3203	0.2473	0.9915	0.5553	0.1719	0.6204	0.5763	0.1006	0.9287	0.4622	0.312	
0.96	1.3653	-0.1172	0.3367	0.6077	0.9607	0.3425	0.2562	1.0026	0.5709	0.1814	0.6264	0.5917	0.1124	0.9409	0.4782	0.3304	
0.98	1.3693	-0.1146	0.3503	0.6306	0.9688	0.3582	0.2649	1.0136	0.5822	0.191	0.6308	0.603	0.1249	0.9516	0.4925	0.3479	
1	1.3725	-0.1125	0.3629	0.6486	0.9753	0.3675	0.2727	1.024	0.5894	0.2003	0.6338	0.6104	0.1375	0.9602	0.5047	0.3644	
1.02	1.375	-0.1111	0.3743	0.6619	0.9799	0.3716	0.2795	1.0335	0.5932	0.209	0.6353	0.6145	0.1496	0.9663	0.5144	0.3795	
1.04	1.3768	-0.1103	0.3843	0.6709	0.9826	0.3724	0.2851	1.0419	0.5945	0.2169	0.6359	0.616	0.1607	0.97	0.5212	0.3927	
1.06	1.3779	-0.11	0.3926	0.6764	0.9837	0.3718	0.2894	1.0488	0.5945	0.2239	0.6359	0.6162	0.1702	0.9715	0.5252	0.404	
1.08	1.3786	-0.11	0.3989	0.679	0.9838	0.371	0.2925	1.0542	0.5941	0.2297	0.6357	0.6157	0.1777	0.9717	0.5269	0.4131	
1.1	1.3786	-0.1101	0.4029	0.679	0.9835	0.3711	0.2943	1.0575	0.594	0.236	0.6357	0.6155	0.1833	0.9712	0.5265	0.4219	
1.12	1.3787	-0.1102	0.4068	0.679	0.9831	0.3712	0.2961	1.0608	0.5938	0.2422	0.6356	0.6154	0.189	0.9708	0.5261	0.4308	
1.14	1.3788	-0.1103	0.4108	0.679	0.9828	0.3713	0.2978	1.0641	0.5937	0.2484	0.6356	0.6152	0.1946	0.9703	0.5257	0.4396	
1.16	1.3789	-0.1104	0.4147	0.679	0.9825	0.3714	0.2996	1.0674	0.5936	0.2546	0.6355	0.615	0.2003	0.9698	0.5254	0.4484	
