0	0.2165	0.2108	0.272	0.1829	0.1333	-0.0893	0.0888	0.0823	-0.0267	-0.1228	0.1056	-0.0347	-0.0086	0.2417	-0.1401	0.106	
0.02	0.246	0.1925	0.2583	0.1672	0.1332	-0.0776	0.0965	0.0823	-0.0014	-0.1118	0.1055	-0.002	-0.0047	0.2418	-0.1159	0.1066	
0.04	0.2755	0.1741	0.2447	0.1516	0.1332	-0.066	0.1041	0.0823	0.0238	-0.1007	0.1054	0.0307	-0.0008	0.2419	-0.0918	0.1072	
0.06	0.3049	0.1557	0.231	0.136	0.1331	-0.0543	0.1118	0.0823	0.0491	-0.0896	0.1053	0.0634	0.003	0.242	-0.0676	0.1078	
0.08	0.3344	0.1374	0.2173	0.1203	0.133	-0.0427	0.1195	0.0823	0.0744	-0.0785	0.1051	0.0961	0.0069	0.242	-0.0434	0.1084	
0.1	0.363	0.1196	0.2052	0.1052	0.133	-0.0323	0.1267	0.0828	0.1017	-0.0674	0.1052	0.126	0.0124	0.2428	-0.0213	0.1095	
0.12	0.3929	0.1035	0.1943	0.0916	0.1334	-0.0215	0.1334	0.0837	0.1285	-0.0548	0.1058	0.1598	0.0197	0.2443	0.0012	0.111	
0.14	0.4244	0.0892	0.185	0.0796	0.1342	-0.0104	0.1395	0.085	0.1563	-0.0407	0.107	0.1974	0.0289	0.2468	0.0235	0.1132	
0.16	0.4572	0.0764	0.1775	0.0689	0.1358	0.0006	0.145	0.0868	0.1868	-0.025	0.1092	0.2386	0.0403	0.2504	0.0454	0.1162	
0.18	0.4907	0.065	0.1722	0.0594	0.1382	0.0111	0.15	0.0892	0.2212	-0.0076	0.1122	0.2827	0.0539	0.2555	0.0672	0.1209	
0.2	0.5246	0.0549	0.1689	0.051	0.1414	0.0213	0.1546	0.0932	0.2601	0.0117	0.1161	0.3298	0.0697	0.2625	0.0905	0.1279	
0.22	0.5591	0.0461	0.1678	0.0437	0.1454	0.0312	0.1591	0.1	0.3038	0.0335	0.1213	0.3806	0.0875	0.2724	0.1171	0.1381	
0.24	0.5943	0.0386	0.1687	0.0374	0.1507	0.0417	0.1634	0.1115	0.3514	0.0575	0.1291	0.436	0.1073	0.2859	0.149	0.152	
0.26	0.6301	0.0321	0.1713	0.0324	0.1584	0.0536	0.1676	0.1294	0.4019	0.0835	0.1414	0.4968	0.1288	0.304	0.1867	0.1701	
0.28	0.6654	0.0267	0.1759	0.0285	0.17	0.0682	0.1721	0.1546	0.4535	0.1107	0.1609	0.5623	0.1518	0.3276	0.2294	0.1923	
0.3	0.6986	0.022	0.1822	0.0264	0.1871	0.087	0.1772	0.187	0.5048	0.1385	0.19	0.631	0.1761	0.3578	0.2751	0.2188	
0.32	0.7281	0.0179	0.1903	0.0267	0.2109	0.1113	0.1833	0.2252	0.555	0.1664	0.2305	0.7006	0.2011	0.3955	0.3214	0.2493	
0.34	0.7529	0.0143	0.2002	0.0303	0.2411	0.1422	0.1914	0.2671	0.604	0.1941	0.2826	0.7686	0.2266	0.4414	0.3659	0.2835	
0.36	0.7728	0.0111	0.2118	0.0382	0.2765	0.1799	0.2021	0.3102	0.6521	0.2215	0.345	0.8333	0.252	0.4955	0.4068	0.3207	
0.38	0.7884	0.008	0.2247	0.0505	0.3149	0.2245	0.2158	0.3522	0.6995	0.2482	0.4146	0.8933	0.2769	0.5566	0.4425	0.36	
0.4	0.8002	0.005	0.2381	0.0673	0.354	0.2754	0.2327	0.3909	0.7458	0.2737	0.4874	0.9479	0.3011	0.6225	0.4716	0.3999	
0.42	0.8083	0.0021	0.2512	0.0877	0.3917	0.3315	0.2525	0.4243	0.7901	0.2976	0.5592	0.9967	0.3246	0.6902	0.4931	0.4392	
0.44	0.8131	-0.0008	0.2629	0.1109	0.4264	0.3916	0.2748	0.4509	0.8314	0.3198	0.6261	1.0391	0.3474	0.7565	0.5068	0.4767	
0.46	0.8152	-0.0037	0.2725	0.136	0.4566	0.4538	0.2987	0.4699	0.8687	0.3408	0.6847	1.0749	0.3697	0.8188	0.5138	0.5115	
0.48	0.8155	-0.0066	0.2792	0.1621	0.4807	0.5159	0.3235	0.4815	0.9014	0.3607	0.7326	1.1041	0.3916	0.8751	0.5159	0.5427	
0.5	0.815	-0.0095	0.2826	0.1881	0.4978	0.5759	0.3486	0.4869	0.9291	0.38	0.7684	1.1271	0.4128	0.9242	0.5155	0.5697	
0.52	0.8145	-0.0123	0.2824	0.2132	0.5079	0.6321	0.3731	0.4884	0.9513	0.3984	0.7918	1.1449	0.4331	0.9652	0.5145	0.5921	
0.54	0.8142	-0.0151	0.2785	0.2366	0.5121	0.6832	0.3965	0.4879	0.9677	0.4157	0.8044	1.1584	0.4519	0.9981	0.5138	0.6098	
0.56	0.8143	-0.0177	0.271	0.2576	0.5127	0.7286	0.4181	0.487	0.9785	0.4316	0.8091	1.1684	0.4688	1.0238	0.5138	0.623	
0.58	0.8145	-0.0202	0.2608	0.2763	0.5116	0.7677	0.4376	0.4866	0.9843	0.4459	0.8092	1.1756	0.4834	1.0436	0.5141	0.6321	
0.6	0.8146	-0.0223	0.2489	0.2927	0.5105	0.8002	0.4548	0.4867	0.9864	0.4587	0.8078	1.1802	0.4957	1.0593	0.5144	0.6378	
0.62	0.8147	-0.0241	0.2366	0.3069	0.5101	0.8262	0.4697	0.487	0.9864	0.4703	0.8067	1.1827	0.5054	1.0727	0.5146	0.6409	
0.64	0.8146	-0.0255	0.225	0.3194	0.5103	0.8462	0.4825	0.4872	0.9858	0.4808	0.8064	1.1837	0.5125	1.085	0.5145	0.6422	
0.66	0.8146	-0.0268	0.2131	0.3323	0.5107	0.8633	0.4954	0.4872	0.9856	0.4918	0.807	1.1834	0.5166	1.098	0.5144	0.6421	
0.68	0.8145	-0.0281	0.2011	0.3453	0.511	0.8803	0.5083	0.4871	0.9854	0.5027	0.8075	1.1831	0.5207	1.1109	0.5143	0.642	
0.7	0.8145	-0.0294	0.1892	0.3582	0.5113	0.8974	0.5212	0.4871	0.9853	0.5136	0.8081	1.1829	0.5248	1.1239	0.5142	0.6419	
0.72	0.8144	-0.0307	0.1772	0.3712	0.5117	0.9145	0.5341	0.487	0.9851	0.5245	0.8086	1.1826	0.5289	1.1368	0.5141	0.6418	
