0	0.528	0.4725	0.0601	0.0027	0.1235	-0.0815	-0.0023	0.12	-0.0474	-0.0752	0.2146	-0.1662	-0.1961	0.2418	-0.2605	0.1095	
0.02	0.5528	0.4518	0.0601	0.0063	0.1334	-0.0806	-0.0023	0.1329	-0.0418	-0.0752	0.2282	-0.1661	-0.1961	0.2598	-0.2604	0.1095	
0.04	0.5777	0.4311	0.0601	0.01	0.1434	-0.0798	-0.0023	0.1458	-0.0362	-0.0752	0.2418	-0.166	-0.1961	0.2777	-0.2603	0.1095	
0.06	0.6025	0.4104	0.0601	0.0137	0.1534	-0.0789	-0.0023	0.1587	-0.0305	-0.0752	0.2554	-0.1659	-0.1961	0.2957	-0.2602	0.1095	
0.08	0.6274	0.3898	0.0601	0.0173	0.1634	-0.0781	-0.0023	0.1716	-0.0249	-0.0752	0.2689	-0.1659	-0.1961	0.3137	-0.2601	0.1095	
0.1	0.6531	0.3702	0.0601	0.0217	0.1767	-0.0764	-0.0023	0.1881	-0.018	-0.0752	0.2835	-0.1652	-0.1961	0.3304	-0.2594	0.1095	
0.12	0.6803	0.3512	0.0601	0.0268	0.194	-0.074	-0.0023	0.2095	-0.0102	-0.0752	0.3012	-0.1637	-0.1961	0.3481	-0.258	0.1092	
0.14	0.7091	0.3328	0.0601	0.0322	0.215	-0.0708	-0.0023	0.2356	-0.0019	-0.0752	0.3217	-0.1612	-0.1961	0.3667	-0.2554	0.1087	
0.16	0.7396	0.3149	0.0602	0.0376	0.2392	-0.0665	-0.0023	0.2659	0.0064	-0.0752	0.3444	-0.1572	-0.1961	0.3859	-0.2515	0.1079	
0.18	0.7721	0.2979	0.0604	0.0427	0.2661	-0.0609	-0.0023	0.2999	0.0143	-0.0752	0.3686	-0.1518	-0.1961	0.4055	-0.2461	0.1066	
0.2	0.8064	0.2819	0.0609	0.0472	0.2955	-0.054	-0.0023	0.3372	0.0213	-0.0752	0.3939	-0.145	-0.196	0.4257	-0.2393	0.1047	
0.22	0.8427	0.2671	0.0618	0.051	0.3273	-0.0455	-0.0023	0.3776	0.0271	-0.0752	0.4203	-0.1372	-0.1959	0.4467	-0.2315	0.1022	
0.24	0.8805	0.2536	0.0631	0.0536	0.3615	-0.0357	-0.0023	0.4206	0.0312	-0.0752	0.4482	-0.1288	-0.1956	0.4685	-0.2231	0.0992	
0.26	0.9197	0.241	0.065	0.0552	0.3976	-0.0251	-0.0023	0.4658	0.0336	-0.0752	0.4781	-0.1205	-0.195	0.4909	-0.2148	0.0959	
0.28	0.9598	0.2292	0.0675	0.0558	0.4351	-0.0143	-0.0023	0.5128	0.0345	-0.0752	0.5102	-0.1126	-0.1942	0.5137	-0.207	0.0924	
0.3	1.0002	0.218	0.0708	0.0558	0.4738	-0.0039	-0.0023	0.5614	0.0346	-0.0752	0.5443	-0.1057	-0.193	0.5363	-0.2001	0.089	
0.32	1.0404	0.2077	0.0748	0.0556	0.5138	0.0056	-0.0023	0.6117	0.0343	-0.0752	0.5798	-0.1	-0.1914	0.5582	-0.1944	0.0859	
0.34	1.0794	0.1983	0.0794	0.0555	0.5555	0.014	-0.0023	0.6636	0.034	-0.0752	0.6159	-0.0957	-0.1895	0.5791	-0.1901	0.0832	
0.36	1.1166	0.1897	0.0848	0.0554	0.5995	0.021	-0.0023	0.7167	0.0339	-0.0752	0.6522	-0.0928	-0.187	0.599	-0.1873	0.081	
0.38	1.1509	0.1819	0.0907	0.0555	0.6459	0.0265	-0.0023	0.7703	0.034	-0.0752	0.6887	-0.0912	-0.1842	0.6183	-0.1857	0.0793	
0.4	1.1819	0.1747	0.0972	0.0555	0.6942	0.0303	-0.0023	0.8236	0.0341	-0.0752	0.7255	-0.0907	-0.1808	0.6376	-0.1851	0.0782	
0.42	1.2091	0.1679	0.1043	0.0556	0.743	0.0326	-0.0023	0.8759	0.0342	-0.0752	0.7628	-0.0907	-0.1771	0.6575	-0.1851	0.0776	
0.44	1.2325	0.1619	0.1121	0.0556	0.7909	0.0335	-0.0023	0.9267	0.0342	-0.0752	0.8004	-0.0909	-0.1732	0.6785	-0.1853	0.0774	
0.46	1.2523	0.157	0.1208	0.0556	0.8364	0.0336	-0.0023	0.9754	0.0341	-0.0752	0.8378	-0.091	-0.1692	0.7002	-0.1855	0.0774	
0.48	1.269	0.1537	0.1305	0.0555	0.8784	0.0333	-0.0023	1.0206	0.0341	-0.0752	0.8742	-0.091	-0.1653	0.7221	-0.1855	0.0775	
0.5	1.283	0.1521	0.1412	0.0555	0.9156	0.0331	-0.0023	1.0608	0.0341	-0.0752	0.9087	-0.091	-0.1618	0.7431	-0.1855	0.0775	
0.52	1.295	0.1524	0.1531	0.0555	0.9475	0.033	-0.0023	1.0951	0.0341	-0.0752	0.9407	-0.0909	-0.1586	0.7625	-0.1854	0.0776	
0.54	1.3055	0.1542	0.1661	0.0555	0.9735	0.0331	-0.0023	1.1232	0.0341	-0.0752	0.9697	-0.0909	-0.156	0.7797	-0.1854	0.0775	
0.56	1.3149	0.1571	0.1799	0.0555	0.9932	0.0331	-0.0023	1.1455	0.0341	-0.0752	0.9952	-0.0909	-0.1539	0.7943	-0.1854	0.0775	
0.58	1.3236	0.1608	0.1944	0.0555	1.0069	0.0332	-0.0023	1.1625	0.0341	-0.0752	1.0168	-0.0909	-0.1524	0.8058	-0.1854	0.0775	
0.6	1.3316	0.1648	0.2088	0.0555	1.0152	0.0332	-0.0023	1.1747	0.0341	-0.0752	1.0337	-0.0909	-0.1514	0.8139	-0.1854	0.0775	
0.62	1.3391	0.1688	0.2225	0.0555	1.0193	0.0332	-0.0023	1.1823	0.0341	-0.0752	1.0456	-0.0909	-0.1508	0.8187	-0.1854	0.0775	
0.64	1.3457	0.1726	0.2349	0.0555	1.0204	0.0332	-0.0023	1.186	0.0341	-0.0752	1.0529	-0.0909	-0.1507	0.8208	-0.1854	0.0775	
0.66	1.3514	0.1757	0.2454	0.0555	1.0202	0.0332	-0.0023	1.187	0.0341	-0.0752	1.0564	-0.0909	-0.1506	0.8211	-0.1854	0.0775	
0.68	1.3568	0.1778	0.2556	0.0555	1.0198	0.0332	-0.0023	1.1861	0.0341	-0.0752	1.0564	-0.0909	-0.1507	0.8205	-0.1854	0.0775	
0.7	1.3623	0.1799	0.2658	0.0555	1.0194	0.0332	-0.0023	1.1853	0.0341	-0.0752	1.0565	-0.0909	-0.1508	0.8199	-0.1854	0.0775	
0.72	1.3678	0.182	0.276	0.0555	1.0191	0.0332	-0.0023	1.1845	0.0341	-0.0752	1.0565	-0.0909	-0.1508	0.8194	-0.1854	0.0775	
0.74	1.3732	0.1841	0.2861	0.0555	1.0187	0.0332	-0.0023	1.1836	0.0341	-0.0752	1.0566	-0.0909	-0.1509	0.8188	-0.1854	0.0775	
