0	0.4096	0.4718	0.1353	0.0351	0.1415	-0.0346	-0.0634	0.0672	0.0691	-0.0829	0.1405	0.0293	-0.1507	0.0662	-0.1479	0.1352	
0.02	0.4096	0.4722	0.1353	0.0432	0.1415	-0.0346	-0.0634	0.0672	0.0691	-0.0829	0.1405	0.0293	-0.1507	0.0662	-0.1479	0.1352	
0.04	0.4096	0.4726	0.1353	0.0513	0.1415	-0.0346	-0.0634	0.0672	0.0691	-0.0829	0.1405	0.0293	-0.1507	0.0662	-0.1479	0.1352	
0.06	0.4097	0.473	0.1353	0.0595	0.1415	-0.0346	-0.0634	0.0672	0.0691	-0.0829	0.1405	0.0293	-0.1507	0.0662	-0.1479	0.1352	
0.08	0.4097	0.4734	0.1353	0.0676	0.1415	-0.0346	-0.0634	0.0672	0.0691	-0.0829	0.1405	0.0293	-0.1507	0.0662	-0.1479	0.1352	
0.1	0.4096	0.4739	0.1353	0.0754	0.1415	-0.0346	-0.0634	0.0672	0.0691	-0.0829	0.1405	0.0293	-0.1507	0.0662	-0.1479	0.1352	
0.12	0.4096	0.4745	0.1353	0.0815	0.1415	-0.0346	-0.0634	0.0672	0.0691	-0.0829	0.1405	0.0293	-0.1507	0.0662	-0.1479	0.1352	
0.14	0.4096	0.4752	0.1353	0.0861	0.1415	-0.0346	-0.0634	0.0672	0.0691	-0.0829	0.1405	0.0293	-0.1507	0.0662	-0.1479	0.1352	
0.16	0.4096	0.476	0.1353	0.0895	0.1415	-0.0346	-0.0634	0.0672	0.0691	-0.0829	0.1405	0.0293	-0.1507	0.0662	-0.1479	0.1352	
0.18	0.4097	0.4768	0.1353	0.0923	0.1415	-0.0346	-0.0634	0.0672	0.0691	-0.0829	0.1405	0.0293	-0.1507	0.0662	-0.1479	0.1352	
0.2	0.4097	0.4778	0.1353	0.0946	0.1415	-0.0346	-0.0634	0.0672	0.0691	-0.0829	0.1405	0.0293	-0.1507	0.0662	-0.1479	0.1352	
0.22	0.4097	0.4788	0.1353	0.0969	0.1415	-0.0346	-0.0634	0.0672	0.0691	-0.0829	0.1405	0.0293	-0.1507	0.0662	-0.1479	0.1352	
0.24	0.4097	0.4799	0.1353	0.0991	0.1415	-0.0346	-0.0634	0.0672	0.0691	-0.0829	0.1405	0.0293	-0.1507	0.0662	-0.1479	0.1352	
0.26	0.4096	0.4811	0.1353	0.1012	0.1415	-0.0346	-0.0634	0.0672	0.0691	-0.0829	0.1405	0.0293	-0.1507	0.0662	-0.1479	0.1352	
0.28	0.4096	0.4823	0.1353	0.1033	0.1415	-0.0346	-0.0634	0.0672	0.0691	-0.0829	0.1405	0.0293	-0.1507	0.0662	-0.1479	0.1352	
0.3	0.4096	0.4835	0.1353	0.1052	0.1415	-0.0346	-0.0634	0.0672	0.0691	-0.0829	0.1405	0.0293	-0.1507	0.0662	-0.1479	0.1352	
0.32	0.4096	0.4847	0.1353	0.107	0.1415	-0.0346	-0.0634	0.0672	0.0691	-0.0829	0.1405	0.0293	-0.1507	0.0662	-0.1479	0.1352	
0.34	0.4097	0.486	0.1353	0.1087	0.1415	-0.0346	-0.0634	0.0672	0.0691	-0.0829	0.1405	0.0293	-0.1507	0.0662	-0.1479	0.1352	
0.36	0.4097	0.4873	0.1353	0.1102	0.1415	-0.0346	-0.0634	0.0672	0.0691	-0.0829	0.1405	0.0293	-0.1507	0.0662	-0.1479	0.1352	
0.38	0.4097	0.4885	0.1353	0.1117	0.1415	-0.0346	-0.0634	0.0672	0.0691	-0.0829	0.1405	0.0293	-0.1507	0.0662	-0.1479	0.1352	
0.4	0.4096	0.4898	0.1353	0.1131	0.1415	-0.0346	-0.0634	0.0672	0.0691	-0.0829	0.1405	0.0293	-0.1507	0.0662	-0.1479	0.1352	
0.42	0.4096	0.491	0.1353	0.1143	0.1415	-0.0346	-0.0634	0.0672	0.0691	-0.0829	0.1405	0.0293	-0.1507	0.0662	-0.1479	0.1352	
0.44	0.4096	0.4922	0.1353	0.1155	0.1415	-0.0346	-0.0634	0.0672	0.0691	-0.0829	0.1405	0.0293	-0.1507	0.0662	-0.1479	0.1352	
0.46	0.4096	0.4933	0.1353	0.1166	0.1415	-0.0346	-0.0634	0.0672	0.0691	-0.0829	0.1405	0.0293	-0.1507	0.0662	-0.1479	0.1352	
0.48	0.4097	0.4944	0.1353	0.1176	0.1415	-0.0346	-0.0634	0.0672	0.0691	-0.0829	0.1405	0.0293	-0.1507	0.0662	-0.1479	0.1352	
0.5	0.4097	0.4955	0.1353	0.1185	0.1415	-0.0346	-0.0634	0.0672	0.0691	-0.0829	0.1405	0.0293	-0.1507	0.0662	-0.1479	0.1352	
0.52	0.4097	0.4964	0.1353	0.1193	0.1415	-0.0346	-0.0634	0.0672	0.0691	-0.0829	0.1405	0.0293	-0.1507	0.0662	-0.1479	0.1352	
0.54	0.4097	0.4973	0.1353	0.12	0.1415	-0.0346	-0.0634	0.0672	0.0691	-0.0829	0.1405	0.0293	-0.1507	0.0662	-0.1479	0.1352	
0.56	0.4096	0.4981	0.1353	0.1207	0.1415	-0.0346	-0.0634	0.0672	0.0691	-0.0829	0.1405	0.0293	-0.1507	0.0662	-0.1479	0.1352	
0.58	0.4096	0.4988	0.1353	0.1213	0.1415	-0.0346	-0.0634	0.0672	0.0691	-0.0829	0.1405	0.0293	-0.1507	0.0662	-0.1479	0.1352	
0.6	0.4097	0.4994	0.1353	0.1218	0.1415	-0.0346	-0.0634	0.0672	0.0691	-0.0829	0.1405	0.0293	-0.1507	0.0662	-0.1479	0.1352	
0.62	0.4097	0.4998	0.1353	0.1222	0.1415	-0.0346	-0.0634	0.0672	0.0691	-0.0829	0.1405	0.0293	-0.1507	0.0662	-0.1479	0.1352	
0.64	0.4097	0.5002	0.1353	0.1226	0.1415	-0.0346	-0.0634	0.0672	0.0691	-0.0829	0.1405	0.0294	-0.1507	0.0662	-0.1479	0.1352	
0.66	0.4097	0.5005	0.1353	0.1228	0.1415	-0.0345	-0.0634	0.0672	0.0691	-0.0828	0.1405	0.0294	-0.1507	0.0662	-0.1479	0.1352	
0.68	0.4098	0.5006	0.1353	0.1231	0.1415	-0.0345	-0.0633	0.0672	0.0692	-0.0828	0.1405	0.0295	-0.1507	0.0663	-0.1478	0.1352	
0.7	0.41	0.5007	0.1353	0.1232	0.1416	-0.0344	-0.0633	0.0672	0.0693	-0.0827	0.1404	0.0296	-0.1506	0.0664	-0.1477	0.1352	
0.72	0.4102	0.5008	0.1353	0.1233	0.1417	-0.0343	-0.0632	0.0672	0.0694	-0.0826	0.1403	0.0298	-0.1506	0.0665	-0.1475	0.1352	
0.74	0.4104	0.5007	0.1353	0.1234	0.1419	-0.0341	-0.063	0.0672	0.0696	-0.0825	0.1402	0.03	-0.1505	0.0667	-0.1472	0.1352	
0.76	0.4108	0.5006	0.1353	0.1233	0.1421	-0.0339	-0.0629	0.0672	0.0698	-0.0823	0.1399	0.0304	-0.1503	0.0669	-0.1468	0.1353	
0.78	0.4112	0.5005	0.1353	0.1232	0.1424	-0.0336	-0.0627	0.0672	0.0701	-0.0821	0.1395	0.0308	-0.1501	0.0672	-0.1462	0.1354	
0.8	0.4117	0.5003	0.1353	0.1231	0.1428	-0.0333	-0.0624	0.0672	0.0705	-0.0819	0.139	0.0312	-0.1498	0.0676	-0.1456	0.1355	
0.82	0.4124	0.5001	0.1353	0.1229	0.1433	-0.0328	-0.0621	0.0673	0.071	-0.0816	0.1384	0.0318	-0.1495	0.0681	-0.1448	0.1356	
0.84	0.4131	0.4999	0.1353	0.1226	0.1439	-0.0323	-0.0617	0.0673	0.0715	-0.0812	0.1376	0.0325	-0.1491	0.0686	-0.1438	0.1358	
0.86	0.4141	0.4996	0.1353	0.1223	0.1445	-0.0318	-0.0613	0.0674	0.0722	-0.0808	0.1366	0.0333	-0.1486	0.0693	-0.1427	0.136	
0.88	0.4151	0.4992	0.1353	0.1219	0.1453	-0.0311	-0.0609	0.0675	0.0729	-0.0803	0.1355	0.0342	-0.1481	0.0701	-0.1415	0.1362	
0.9	0.4163	0.4988	0.1353	0.1214	0.1462	-0.0304	-0.0604	0.0676	0.0738	-0.0798	0.1343	0.0352	-0.1474	0.071	-0.1401	0.1365	
0.92	0.4176	0.4984	0.1353	0.1208	0.1472	-0.0296	-0.0598	0.0678	0.0747	-0.0793	0.1329	0.0364	-0.1467	0.072	-0.1386	0.1369	
0.94	0.4191	0.4979	0.1354	0.1202	0.1483	-0.0287	-0.0592	0.068	0.0757	-0.0786	0.1314	0.0376	-0.146	0.0732	-0.137	0.1372	
0.96	0.4208	0.4973	0.1355	0.1194	0.1496	-0.0277	-0.0585	0.0683	0.0769	-0.0779	0.1298	0.039	-0.1451	0.0745	-0.1352	0.1377	
0.98	0.4227	0.4966	0.1356	0.1186	0.1509	-0.0266	-0.0577	0.0686	0.0782	-0.0772	0.128	0.0406	-0.1442	0.0759	-0.1333	0.1381	
1	0.4248	0.4959	0.1359	0.1177	0.1524	-0.0254	-0.0569	0.069	0.0796	-0.0764	0.1262	0.0423	-0.1431	0.0775	-0.1313	0.1386	
1.02	0.4271	0.4951	0.1361	0.1167	0.154	-0.0241	-0.0561	0.0695	0.0811	-0.0755	0.1242	0.0442	-0.142	0.0792	-0.1291	0.1391	
1.04	0.4296	0.4942	0.1364	0.1155	0.1557	-0.0228	-0.0552	0.07	0.0828	-0.0746	0.1222	0.0462	-0.1408	0.0812	-0.1269	0.1397	
1.06	0.4322	0.4933	0.1368	0.1143	0.1576	-0.0213	-0.0542	0.0705	0.0846	-0.0736	0.1201	0.0484	-0.1395	0.0833	-0.1245	0.1403	
1.08	0.435	0.4923	0.1373	0.113	0.1596	-0.0197	-0.0531	0.0711	0.0865	-0.0726	0.118	0.0507	-0.1381	0.0855	-0.122	0.141	
1.1	0.4381	0.4911	0.1378	0.1116	0.1618	-0.018	-0.052	0.0718	0.0886	-0.0715	0.1158	0.0532	-0.1366	0.0879	-0.1193	0.1417	
1.12	0.4418	0.4898	0.1384	0.1101	0.1641	-0.0162	-0.0509	0.0725	0.0907	-0.0703	0.1135	0.0559	-0.135	0.0905	-0.1166	0.1424	
1.14	0.4459	0.4884	0.1391	0.1084	0.1665	-0.0143	-0.0496	0.0733	0.0931	-0.0691	0.1112	0.059	-0.1333	0.0932	-0.1137	0.1432	
1.16	0.4502	0.4869	0.1398	0.1065	0.1691	-0.0122	-0.0483	0.0741	0.0956	-0.0678	0.1088	0.0622	-0.1315	0.0962	-0.1107	0.1441	
1.18	0.4544	0.4856	0.1406	0.1045	0.1718	-0.0101	-0.047	0.075	0.0983	-0.0664	0.1065	0.0656	-0.1296	0.0995	-0.1077	0.1449	
1.2	0.4581	0.4844	0.1415	0.1024	0.1747	-0.0078	-0.0455	0.0759	0.1013	-0.065	0.1041	0.069	-0.1276	0.1032	-0.1045	0.1459	
1.22	0.4616	0.4829	0.1424	0.1003	0.1778	-0.0054	-0.044	0.0769	0.1044	-0.0635	0.1017	0.0724	-0.1254	0.1071	-0.1012	0.1468	
1.24	0.4662	0.4805	0.1433	0.0981	0.1811	-0.0028	-0.0424	0.078	0.1076	-0.0619	0.0993	0.076	-0.1231	0.111	-0.0978	0.1478	
1.26	0.4742	0.4761	0.1443	0.096	0.1846	-0.0001	-0.0407	0.0791	0.1107	-0.0602	0.0969	0.0803	-0.1207	0.1146	-0.0943	0.1489	
1.28	0.4881	0.4691	0.1454	0.0934	0.1883	0.0026	-0.0391	0.0802	0.1139	-0.0585	0.0945	0.086	-0.1181	0.1183	-0.0907	0.15	
1.3	0.5097	0.4589	0.1465	0.09	0.1921	0.0055	-0.0373	0.0815	0.1175	-0.0567	0.0922	0.0939	-0.1156	0.1226	-0.0869	0.1511	
1.32	0.5399	0.4454	0.1477	0.0854	0.1957	0.0084	-0.0355	0.0828	0.1223	-0.0549	0.0899	0.1045	-0.113	0.129	-0.0831	0.1523	
1.34	0.5782	0.4285	0.1489	0.0793	0.1995	0.0117	-0.0335	0.0841	0.1287	-0.053	0.0876	0.1181	-0.1102	0.1389	-0.0793	0.1535	
1.36	0.6233	0.4088	0.1501	0.0717	0.2038	0.0158	-0.0312	0.0855	0.1374	-0.0508	0.0854	0.1348	-0.107	0.1535	-0.0753	0.1548	
1.38	0.674	0.3865	0.1514	0.0628	0.2095	0.0212	-0.0283	0.087	0.1488	-0.0481	0.0832	0.1548	-0.1029	0.1733	-0.0713	0.1561	
1.4	0.729	0.3625	0.1528	0.0529	0.2174	0.0287	-0.0247	0.0886	0.1632	-0.0445	0.0811	0.178	-0.0976	0.1977	-0.0669	0.1575	
1.42	0.7867	0.3375	0.1541	0.0423	0.2283	0.0392	-0.0202	0.0902	0.1812	-0.0396	0.0791	0.2041	-0.0906	0.2259	-0.0622	0.1589	
1.44	0.8446	0.3128	0.1556	0.0314	0.2422	0.0535	-0.0147	0.0918	0.2034	-0.0332	0.0772	0.2324	-0.0818	0.2567	-0.057	0.1604	
1.46	0.8999	0.2893	0.157	0.0205	0.2586	0.0726	-0.0079	0.0936	0.2304	-0.0252	0.0753	0.2619	-0.0712	0.2889	-0.0512	0.1619	
1.48	0.95	0.268	0.1585	0.0102	0.2764	0.0975	0.0003	0.0954	0.2622	-0.0158	0.0736	0.2914	-0.0587	0.3209	-0.0446	0.1634	
1.5	0.9934	0.2491	0.1601	0.0011	0.2947	0.1286	0.0101	0.0972	0.2981	-0.005	0.072	0.3205	-0.0444	0.3512	-0.0373	0.165	
1.52	1.0303	0.2326	0.1616	-0.0064	0.3124	0.1664	0.0219	0.0991	0.3367	0.007	0.0705	0.349	-0.0284	0.378	-0.0292	0.1667	
1.54	1.0619	0.2181	0.1632	-0.0119	0.3289	0.2105	0.0357	0.1011	0.377	0.0202	0.0691	0.377	-0.0109	0.4003	-0.0203	0.1685	
1.56	1.0895	0.2054	0.1648	-0.0156	0.3433	0.2603	0.0517	0.1032	0.4181	0.0345	0.0678	0.4046	0.008	0.4174	-0.0108	0.1706	
1.58	1.1139	0.1943	0.1665	-0.0178	0.3549	0.3142	0.0697	0.1053	0.4601	0.0497	0.0667	0.4318	0.0278	0.4299	-0.0009	0.1732	
1.6	1.1356	0.1847	0.1682	-0.0186	0.3631	0.3708	0.0893	0.1075	0.5027	0.0654	0.0657	0.4585	0.0481	0.4388	0.0094	0.1762	
1.62	1.1543	0.1762	0.1699	-0.0182	0.3679	0.4284	0.11	0.1098	0.5454	0.0812	0.0649	0.4845	0.0685	0.4454	0.0197	0.1797	
1.64	1.1704	0.1686	0.1716	-0.0167	0.3699	0.4854	0.1312	0.1121	0.5871	0.097	0.0645	0.5102	0.0887	0.4508	0.0301	0.1839	
1.66	1.1842	0.1614	0.1733	-0.014	0.3701	0.5405	0.1526	0.1144	0.6268	0.1124	0.0645	0.5358	0.1085	0.4558	0.0407	0.1888	
1.68	1.1965	0.1544	0.1751	-0.01	0.3695	0.5926	0.1737	0.1169	0.6639	0.1276	0.0651	0.5618	0.128	0.4607	0.0518	0.1943	
1.7	1.2081	0.1475	0.1769	-0.0047	0.369	0.6407	0.1943	0.1194	0.6988	0.1427	0.0665	0.588	0.1476	0.4657	0.0638	0.2005	
1.72	1.2193	0.1407	0.1787	0.0019	0.3688	0.6844	0.2141	0.1223	0.7324	0.1576	0.0688	0.614	0.1674	0.4706	0.077	0.2073	
1.74	1.2305	0.1342	0.1805	0.0098	0.3689	0.7237	0.2328	0.1255	0.7652	0.1722	0.0721	0.639	0.1873	0.4758	0.0915	0.2143	
1.76	1.2418	0.1282	0.1823	0.0183	0.3691	0.7589	0.2499	0.1293	0.7974	0.1861	0.0766	0.6622	0.2069	0.4811	0.1067	0.2216	
1.78	1.2531	0.1228	0.1842	0.0271	0.3692	0.7906	0.2651	0.1337	0.828	0.1988	0.0822	0.6831	0.2255	0.4868	0.122	0.2289	
1.8	1.2645	0.1181	0.1861	0.0356	0.3693	0.8191	0.2783	0.1391	0.856	0.2099	0.0889	0.7014	0.2426	0.4928	0.1367	0.2361	
1.82	1.2762	0.1142	0.1879	0.0435	0.3692	0.8441	0.2895	0.1457	0.8806	0.2195	0.0964	0.7169	0.2578	0.4993	0.1502	0.2432	
1.84	1.2884	0.1113	0.1895	0.0505	0.3691	0.8657	0.2988	0.1536	0.9017	0.2274	0.1041	0.7296	0.2709	0.5062	0.1621	0.2501	
1.86	1.3014	0.1092	0.191	0.0564	0.3691	0.8835	0.3062	0.163	0.9196	0.2339	0.1118	0.7391	0.282	0.5135	0.1721	0.2568	
1.88	1.3149	0.1081	0.1923	0.0611	0.3691	0.8978	0.3119	0.1735	0.9343	0.239	0.1189	0.7456	0.2909	0.5211	0.1799	0.263	
1.9	1.3289	0.1077	0.1933	0.0644	0.3691	0.909	0.3158	0.1847	0.9461	0.2426	0.1251	0.7493	0.2973	0.5286	0.1852	0.2689	
1.92	1.343	0.1077	0.1942	0.0663	0.3692	0.9173	0.318	0.1958	0.9546	0.2448	0.1304	0.7509	0.3013	0.536	0.1883	0.2743	
1.94	1.357	0.1078	0.1948	0.0672	0.3692	0.9231	0.3189	0.2064	0.9598	0.2458	0.1345	0.7512	0.3031	0.5431	0.1896	0.2792	
1.96	1.3719	0.1079	0.1951	0.067	0.3692	0.9257	0.3187	0.2181	0.9609	0.2457	0.1377	0.7509	0.3029	0.5504	0.1893	0.2841	
1.98	1.3868	0.1079	0.1955	0.0668	0.3691	0.9284	0.3185	0.2299	0.9619	0.2455	0.1408	0.7506	0.3026	0.5578	0.1891	0.289	
2	1.4017	0.108	0.1958	0.0667	0.3691	0.931	0.3183	0.2416	0.963	0.2454	0.1439	0.7504	0.3023	0.5651	0.1888	0.2938	
2.02	1.4166	0.108	0.1962	0.0665	0.3691	0.9336	0.3181	0.2534	0.964	0.2452	0.147	0.7501	0.3021	0.5725	0.1885	0.2987	
