0	0.7952	0.3544	0.0854	0.0355	0.0498	0.1064	0.1602	0.1084	0.2409	0.1508	0.0373	0.2571	0.0436	0.0159	0.2543	0.0695	
0.02	0.795	0.3637	0.1189	0.0695	0.0993	0.1064	0.1602	0.1532	0.2402	0.1482	0.0665	0.2533	0.0407	0.0328	0.253	0.0685	
0.04	0.7948	0.3729	0.1524	0.1036	0.1488	0.1064	0.1602	0.198	0.2395	0.1455	0.0957	0.2495	0.0377	0.0497	0.2516	0.0675	
0.06	0.7946	0.3821	0.1859	0.1377	0.1983	0.1064	0.1602	0.2429	0.2388	0.1429	0.1249	0.2458	0.0348	0.0666	0.2502	0.0665	
0.08	0.7944	0.3913	0.2194	0.1718	0.2478	0.1064	0.1602	0.2877	0.238	0.1403	0.1541	0.242	0.0319	0.0835	0.2489	0.0655	
0.1	0.7941	0.4011	0.2478	0.2052	0.2895	0.1064	0.1602	0.3267	0.2372	0.1378	0.1802	0.2383	0.029	0.0987	0.2473	0.0645	
0.12	0.7937	0.4078	0.2724	0.232	0.3241	0.1064	0.1602	0.3593	0.2361	0.1353	0.2014	0.2347	0.0262	0.1114	0.2454	0.0635	
0.14	0.7931	0.412	0.2929	0.2525	0.3517	0.1064	0.1602	0.3855	0.2347	0.1329	0.218	0.2312	0.0234	0.1216	0.2431	0.0624	
0.16	0.7924	0.4147	0.309	0.2682	0.3722	0.1064	0.1602	0.4055	0.2331	0.1306	0.2306	0.2279	0.0208	0.1295	0.2404	0.0614	
0.18	0.7915	0.4167	0.3207	0.2804	0.3862	0.1064	0.1602	0.4199	0.2312	0.1284	0.2398	0.2247	0.0182	0.1355	0.2374	0.0604	
0.2	0.7905	0.4186	0.3288	0.2903	0.3949	0.1064	0.1602	0.4298	0.2291	0.1263	0.2466	0.2217	0.0158	0.1403	0.2341	0.0594	
0.22	0.7893	0.4207	0.3341	0.2984	0.4003	0.1064	0.1602	0.4366	0.2268	0.1242	0.2521	0.2188	0.0134	0.1446	0.2305	0.0584	
0.24	0.788	0.4227	0.3378	0.3051	0.4042	0.1064	0.1602	0.4416	0.2243	0.1223	0.2569	0.216	0.0111	0.1486	0.2267	0.0574	
0.26	0.7866	0.4246	0.3407	0.3102	0.4078	0.1064	0.1602	0.4456	0.2217	0.1204	0.2615	0.2133	0.0089	0.1525	0.2226	0.0564	
0.28	0.7851	0.4263	0.3433	0.314	0.4115	0.1064	0.1602	0.4491	0.2189	0.1187	0.2658	0.2108	0.0067	0.1563	0.2184	0.0553	
0.3	0.7835	0.4277	0.3458	0.3168	0.4154	0.1064	0.1602	0.4523	0.216	0.117	0.2699	0.2084	0.0047	0.1598	0.214	0.0543	
0.32	0.7819	0.4288	0.3482	0.3189	0.4189	0.1064	0.1602	0.455	0.213	0.1154	0.2735	0.2061	0.0027	0.1629	0.2094	0.0533	
0.34	0.7802	0.4299	0.3503	0.3209	0.422	0.1064	0.1602	0.4571	0.21	0.1139	0.2767	0.2039	0.0008	0.1657	0.2047	0.0523	
0.36	0.7785	0.4308	0.3522	0.3229	0.4246	0.1064	0.1602	0.4585	0.2069	0.1124	0.2794	0.2018	-0.0009	0.1681	0.1999	0.0513	
0.38	0.7769	0.4316	0.3538	0.325	0.4268	0.1064	0.1602	0.4595	0.2037	0.1111	0.2817	0.1999	-0.0027	0.1703	0.195	0.0502	
0.4	0.7752	0.4323	0.3552	0.3273	0.4286	0.1064	0.1602	0.46	0.2006	0.1098	0.2837	0.1981	-0.0043	0.1723	0.1901	0.0492	
0.42	0.7736	0.4329	0.3565	0.3297	0.4302	0.1064	0.1602	0.4601	0.1974	0.1086	0.2855	0.1964	-0.0058	0.174	0.1852	0.0482	
0.44	0.772	0.4334	0.3578	0.3322	0.4317	0.1064	0.1602	0.4599	0.1943	0.1075	0.2869	0.1948	-0.0073	0.1756	0.1802	0.0472	
0.46	0.7705	0.4338	0.3592	0.3348	0.4329	0.1064	0.1602	0.4595	0.1913	0.1065	0.2882	0.1933	-0.0086	0.1769	0.1753	0.0461	
0.48	0.7691	0.4341	0.3605	0.3374	0.4339	0.1064	0.1602	0.4588	0.1883	0.1055	0.2891	0.1919	-0.0099	0.1781	0.1705	0.0451	
0.5	0.7678	0.4343	0.362	0.3402	0.4347	0.1064	0.1602	0.4578	0.1854	0.1047	0.2899	0.1906	-0.0111	0.179	0.1657	0.0441	
0.52	0.7666	0.4345	0.3635	0.343	0.4353	0.1064	0.1602	0.4567	0.1826	0.1039	0.2905	0.1894	-0.0122	0.1798	0.1611	0.043	
0.54	0.7656	0.4346	0.3652	0.3458	0.4357	0.1064	0.1602	0.4554	0.18	0.1032	0.2909	0.1884	-0.0132	0.1804	0.1566	0.042	
0.56	0.7647	0.4346	0.367	0.3487	0.436	0.1064	0.1602	0.4539	0.1775	0.1025	0.2911	0.1874	-0.0141	0.1808	0.1522	0.0409	
0.58	0.764	0.4347	0.369	0.3515	0.4362	0.1064	0.1602	0.4522	0.1752	0.102	0.2912	0.1865	-0.015	0.1811	0.1481	0.0398	
0.6	0.7634	0.4346	0.371	0.3543	0.4362	0.1064	0.1602	0.4504	0.1731	0.1015	0.2911	0.1857	-0.0157	0.1813	0.1441	0.0387	
0.62	0.763	0.4345	0.3733	0.357	0.4361	0.1064	0.1602	0.4485	0.1713	0.1011	0.291	0.1851	-0.0164	0.1813	0.1403	0.0376	
0.64	0.7628	0.4344	0.3756	0.3596	0.4358	0.1064	0.1602	0.4465	0.1696	0.1008	0.2907	0.1845	-0.017	0.1811	0.1366	0.0364	
0.66	0.7626	0.4343	0.378	0.3621	0.4354	0.1064	0.1602	0.4444	0.1683	0.1005	0.2902	0.184	-0.0174	0.1807	0.1331	0.0352	
0.68	0.7626	0.4341	0.3804	0.3644	0.4348	0.1064	0.1602	0.4421	0.1671	0.1003	0.2896	0.1836	-0.0178	0.1802	0.1296	0.034	
0.7	0.7628	0.4338	0.3829	0.3666	0.434	0.1064	0.1602	0.4398	0.1663	0.1002	0.2889	0.1833	-0.0182	0.1794	0.1262	0.0327	
0.72	0.763	0.4334	0.3854	0.3687	0.433	0.1065	0.1602	0.4373	0.1657	0.1002	0.288	0.1831	-0.0184	0.1784	0.1229	0.0314	
0.74	0.7633	0.4329	0.3879	0.3705	0.4317	0.1065	0.1602	0.4348	0.1652	0.1002	0.2869	0.1829	-0.0186	0.1772	0.1195	0.0301	
0.76	0.7637	0.4324	0.3903	0.3721	0.4302	0.1066	0.1602	0.4323	0.165	0.1003	0.2856	0.1828	-0.0186	0.1758	0.1161	0.0287	
0.78	0.7643	0.4319	0.3927	0.3734	0.4285	0.1066	0.1603	0.4297	0.165	0.1005	0.2842	0.1828	-0.0187	0.1742	0.1127	0.0274	
0.8	0.7649	0.4313	0.3951	0.3745	0.4266	0.1068	0.1604	0.4272	0.1651	0.1007	0.2825	0.1829	-0.0186	0.1722	0.1093	0.026	
0.82	0.7657	0.4307	0.3975	0.3752	0.4243	0.1069	0.1605	0.4246	0.1653	0.1011	0.2807	0.1831	-0.0186	0.17	0.1058	0.0246	
0.84	0.7666	0.4298	0.3998	0.3757	0.4217	0.1072	0.1606	0.4219	0.1655	0.1015	0.2786	0.1833	-0.0184	0.1676	0.1023	0.0232	
0.86	0.7676	0.4286	0.4019	0.3759	0.4187	0.1074	0.1608	0.4191	0.1659	0.1019	0.2761	0.1836	-0.0182	0.1649	0.0988	0.0218	
0.88	0.7688	0.427	0.4039	0.3758	0.4152	0.1078	0.161	0.4161	0.1663	0.1025	0.2733	0.184	-0.018	0.1619	0.0953	0.0204	
0.9	0.7702	0.4254	0.4057	0.3754	0.4113	0.1082	0.1613	0.4129	0.1668	0.1032	0.2702	0.1845	-0.0177	0.1587	0.0918	0.019	
0.92	0.7718	0.4241	0.4073	0.3746	0.4074	0.1087	0.1616	0.4096	0.1674	0.1039	0.267	0.1851	-0.0174	0.1552	0.0883	0.0176	
0.94	0.7737	0.4235	0.409	0.3733	0.4034	0.1092	0.162	0.4062	0.1681	0.1047	0.2639	0.1858	-0.017	0.1513	0.0849	0.0162	
0.96	0.7757	0.423	0.4107	0.3715	0.3992	0.1098	0.1624	0.4024	0.1689	0.1056	0.2606	0.1866	-0.0165	0.1472	0.0815	0.0149	
0.98	0.7778	0.4214	0.4123	0.3692	0.394	0.1105	0.1629	0.3974	0.1698	0.1066	0.2568	0.1876	-0.0159	0.1426	0.0781	0.0136	
1	0.7799	0.4165	0.4134	0.3665	0.3867	0.1113	0.1634	0.3901	0.1707	0.1077	0.2513	0.1886	-0.0153	0.1378	0.0748	0.0123	
1.02	0.7822	0.4059	0.4131	0.3635	0.3759	0.1122	0.164	0.3794	0.1718	0.1089	0.2432	0.1899	-0.0146	0.1327	0.0715	0.011	
1.04	0.7853	0.3881	0.4106	0.36	0.3608	0.1132	0.1646	0.3643	0.173	0.1102	0.2313	0.1912	-0.0138	0.1276	0.0684	0.0098	
1.06	0.7896	0.3626	0.405	0.3557	0.3406	0.1143	0.1653	0.3443	0.1743	0.1116	0.2153	0.1927	-0.013	0.1222	0.0653	0.0086	
1.08	0.7962	0.3304	0.3963	0.3499	0.3154	0.1155	0.1661	0.3193	0.1757	0.1131	0.1951	0.1944	-0.012	0.1162	0.0623	0.0075	
1.1	0.8056	0.2931	0.3843	0.3418	0.2851	0.1168	0.167	0.2894	0.1772	0.1147	0.1709	0.1963	-0.011	0.109	0.0594	0.0064	
1.12	0.8183	0.2523	0.3693	0.3308	0.2501	0.1182	0.1679	0.2552	0.1789	0.1164	0.143	0.1983	-0.0098	0.1001	0.0566	0.0054	
1.14	0.8344	0.2097	0.3515	0.3164	0.2109	0.1198	0.1689	0.2174	0.1806	0.1183	0.112	0.2005	-0.0086	0.0891	0.0539	0.0044	
1.16	0.854	0.1673	0.3309	0.2988	0.1687	0.1214	0.17	0.177	0.1825	0.1202	0.0786	0.203	-0.0072	0.076	0.0513	0.0035	
1.18	0.8766	0.1272	0.3076	0.278	0.1249	0.1232	0.1712	0.1357	0.1846	0.1223	0.0442	0.2056	-0.0057	0.0611	0.0489	0.0027	
1.2	0.9019	0.0919	0.2822	0.2544	0.0813	0.1251	0.1725	0.0951	0.1867	0.1244	0.0104	0.2085	-0.0041	0.0446	0.0466	0.0019	
1.22	0.929	0.063	0.2558	0.2283	0.0395	0.1271	0.1738	0.0573	0.189	0.1267	-0.0211	0.2115	-0.0024	0.0272	0.0446	0.0012	
1.24	0.9573	0.0408	0.2297	0.2003	0.0008	0.1293	0.1753	0.0234	0.1915	0.1291	-0.0491	0.2146	-0.0006	0.0094	0.0426	0.0006	
1.26	0.9859	0.0244	0.2047	0.171	-0.034	0.1316	0.1768	-0.0059	0.1942	0.1317	-0.0731	0.2181	0.0014	-0.008	0.0409	0.0001	
1.28	1.0142	0.0121	0.1814	0.1414	-0.0644	0.1342	0.1784	-0.0306	0.1971	0.1344	-0.0934	0.2219	0.0034	-0.0239	0.0392	-0.0003	
1.3	1.0417	0.0022	0.16	0.1124	-0.09	0.1369	0.1801	-0.051	0.2	0.1373	-0.1103	0.2261	0.0056	-0.037	0.0377	-0.0007	
1.32	1.0679	-0.0066	0.1405	0.0852	-0.1109	0.1398	0.182	-0.0676	0.203	0.1401	-0.1243	0.2307	0.008	-0.0465	0.0364	-0.0009	
1.34	1.0926	-0.0148	0.1232	0.0616	-0.1272	0.1426	0.1841	-0.0807	0.2061	0.143	-0.1355	0.2353	0.0107	-0.0518	0.0355	-0.0009	
1.36	1.116	-0.0224	0.1085	0.0435	-0.1393	0.1455	0.1862	-0.091	0.2097	0.1461	-0.1445	0.2399	0.0135	-0.0526	0.0351	-0.0007	
1.38	1.1378	-0.0291	0.0969	0.0327	-0.1477	0.1484	0.1883	-0.0988	0.2145	0.1497	-0.1518	0.2442	0.0163	-0.0492	0.0356	-0.0002	
1.4	1.1579	-0.0348	0.0886	0.0304	-0.1529	0.1519	0.1903	-0.105	0.2216	0.154	-0.158	0.2488	0.019	-0.0417	0.0374	0.0006	
1.42	1.176	-0.0395	0.0835	0.0372	-0.1556	0.1566	0.1924	-0.1102	0.2324	0.1595	-0.1637	0.2547	0.0217	-0.0303	0.0407	0.0017	
1.44	1.1919	-0.0435	0.0811	0.0528	-0.1566	0.1632	0.1949	-0.1151	0.2483	0.1665	-0.1692	0.2635	0.0248	-0.0152	0.0462	0.0031	
1.46	1.2053	-0.0468	0.0809	0.0768	-0.1566	0.1724	0.1984	-0.1197	0.2704	0.1753	-0.1749	0.2766	0.0293	0.0029	0.0544	0.0049	
1.48	1.2165	-0.0498	0.0827	0.1086	-0.1563	0.1847	0.2035	-0.1244	0.2992	0.186	-0.1807	0.2949	0.0362	0.0236	0.0663	0.0069	
1.5	1.2255	-0.0526	0.086	0.1471	-0.1561	0.2005	0.2107	-0.1291	0.3348	0.1991	-0.1868	0.3191	0.0466	0.046	0.083	0.0095	
1.52	1.2327	-0.0551	0.0907	0.1906	-0.156	0.2205	0.2198	-0.1339	0.3765	0.2148	-0.1935	0.3496	0.0613	0.0689	0.1059	0.0128	
1.54	1.2384	-0.0575	0.0966	0.2375	-0.1561	0.245	0.2307	-0.1389	0.4231	0.2332	-0.2014	0.3868	0.0805	0.0913	0.1363	0.0173	
1.56	1.2429	-0.0598	0.1035	0.2861	-0.1562	0.274	0.2433	-0.1443	0.4731	0.2541	-0.2108	0.431	0.104	0.112	0.1754	0.0236	
1.58	1.2465	-0.062	0.1111	0.3353	-0.1562	0.3072	0.2576	-0.1505	0.5246	0.2769	-0.2221	0.482	0.1312	0.1297	0.2235	0.032	
1.6	1.2494	-0.0643	0.1191	0.3846	-0.1562	0.3431	0.2737	-0.1578	0.5757	0.3006	-0.2352	0.5381	0.1612	0.1432	0.2807	0.0433	
1.62	1.2518	-0.0665	0.1272	0.4344	-0.1562	0.3804	0.2916	-0.1661	0.6246	0.3243	-0.2498	0.5971	0.1928	0.1518	0.3457	0.0579	
1.64	1.2537	-0.0688	0.1354	0.485	-0.1562	0.4176	0.3108	-0.1756	0.6699	0.3473	-0.2653	0.6563	0.2246	0.1547	0.4168	0.0761	
1.66	1.2551	-0.0711	0.1434	0.5361	-0.1562	0.4537	0.3306	-0.186	0.7108	0.369	-0.2814	0.7138	0.2551	0.1518	0.4913	0.0979	
1.68	1.2558	-0.0734	0.1514	0.5871	-0.1562	0.4882	0.3502	-0.1968	0.7469	0.389	-0.2979	0.768	0.2833	0.1432	0.5658	0.1227	
1.7	1.2559	-0.0758	0.1593	0.6365	-0.1562	0.5202	0.3691	-0.2074	0.7783	0.4067	-0.3144	0.8184	0.3082	0.13	0.6371	0.1495	
1.72	1.2551	-0.0782	0.1673	0.6833	-0.1562	0.5492	0.387	-0.2174	0.805	0.422	-0.3309	0.8645	0.3299	0.1133	0.7022	0.1774	
1.74	1.2536	-0.0807	0.1752	0.7273	-0.1562	0.5745	0.4041	-0.2263	0.8272	0.4348	-0.3468	0.9057	0.349	0.095	0.7595	0.2057	
1.76	1.2514	-0.0831	0.1834	0.7693	-0.1562	0.5956	0.4211	-0.2338	0.8451	0.4454	-0.362	0.9418	0.3665	0.0766	0.8088	0.2344	
1.78	1.2488	-0.0855	0.1918	0.8106	-0.1562	0.6125	0.4386	-0.2397	0.8592	0.4547	-0.376	0.9725	0.384	0.0597	0.8511	0.2634	
1.8	1.2459	-0.0876	0.2006	0.8527	-0.1562	0.6258	0.4575	-0.2439	0.8699	0.464	-0.3888	0.998	0.4027	0.045	0.8882	0.2929	
1.82	1.243	-0.0895	0.2099	0.8962	-0.1562	0.636	0.4785	-0.2467	0.8776	0.4745	-0.4002	1.0187	0.4234	0.0331	0.9217	0.3223	
1.84	1.2402	-0.0911	0.2194	0.9409	-0.1562	0.6436	0.5021	-0.2481	0.8826	0.4866	-0.4104	1.0352	0.4462	0.0243	0.9525	0.3511	
1.86	1.2377	-0.0925	0.2289	0.9858	-0.1562	0.6491	0.5279	-0.2486	0.8853	0.5004	-0.4193	1.0481	0.4702	0.0184	0.9809	0.3787	
1.88	1.2355	-0.0935	0.238	1.0301	-0.1562	0.6527	0.5552	-0.2486	0.8864	0.5151	-0.4268	1.0581	0.4946	0.0151	1.007	0.4046	
1.9	1.2339	-0.0943	0.2463	1.073	-0.1562	0.6546	0.5838	-0.2484	0.8865	0.5304	-0.4327	1.0655	0.5185	0.0138	1.0308	0.4284	
1.92	1.2328	-0.0948	0.2554	1.1227	-0.1562	0.6548	0.6178	-0.2484	0.8862	0.5484	-0.4363	1.0702	0.5453	0.014	1.0598	0.4546	
1.94	1.2318	-0.0952	0.2644	1.1724	-0.1562	0.6551	0.6517	-0.2483	0.8859	0.5664	-0.44	1.0748	0.5721	0.0143	1.0888	0.4808	
1.96	1.2307	-0.0957	0.2735	1.2221	-0.1562	0.6553	0.6857	-0.2483	0.8856	0.5845	-0.4437	1.0795	0.5989	0.0146	1.1178	0.507	
1.98	1.2297	-0.0961	0.2826	1.2717	-0.1562	0.6556	0.7196	-0.2483	0.8853	0.6025	-0.4474	1.0841	0.6257	0.0148	1.1468	0.5333	
