0	0.7054	0.2751	0.2497	0.3742	0.151	0.002	0.0517	0.2247	0.0744	0.0231	0.2164	-0.073	-0.0942	0.0813	-0.168	-0.0547	
0.02	0.7054	0.2789	0.2499	0.3763	0.151	0.002	0.0517	0.2247	0.0744	0.0231	0.2164	-0.0699	-0.0942	0.0813	-0.1673	-0.0547	
0.04	0.7054	0.2827	0.2501	0.3785	0.151	0.002	0.0517	0.2247	0.0744	0.0231	0.2164	-0.0669	-0.0942	0.0813	-0.1665	-0.0547	
0.06	0.7053	0.2866	0.2503	0.3806	0.1511	0.002	0.0517	0.2247	0.0744	0.0231	0.2164	-0.0638	-0.0943	0.0813	-0.1658	-0.0547	
0.08	0.7053	0.2904	0.2505	0.3827	0.1511	0.002	0.0517	0.2247	0.0744	0.0231	0.2164	-0.0608	-0.0943	0.0813	-0.1651	-0.0547	
0.1	0.7052	0.2953	0.251	0.3851	0.1511	0.002	0.0517	0.2247	0.0744	0.0231	0.2164	-0.0577	-0.0943	0.0813	-0.1641	-0.0547	
0.12	0.7049	0.3023	0.2519	0.3878	0.1511	0.002	0.0517	0.2247	0.0744	0.0231	0.2164	-0.0546	-0.0942	0.0813	-0.1627	-0.0547	
0.14	0.7044	0.3118	0.2533	0.391	0.151	0.002	0.0517	0.2247	0.0744	0.0231	0.2164	-0.0515	-0.0942	0.0813	-0.161	-0.0547	
0.16	0.7036	0.3241	0.2551	0.3945	0.151	0.002	0.0517	0.2247	0.0744	0.0231	0.2164	-0.0484	-0.0942	0.0813	-0.1589	-0.0547	
0.18	0.7026	0.3389	0.2576	0.3983	0.151	0.002	0.0517	0.2247	0.0744	0.0231	0.2164	-0.0453	-0.0943	0.0813	-0.1563	-0.0547	
0.2	0.7013	0.3556	0.2606	0.4021	0.1511	0.002	0.0517	0.2247	0.0744	0.0231	0.2164	-0.0421	-0.0943	0.0813	-0.1535	-0.0547	
0.22	0.6996	0.3732	0.2642	0.4059	0.1511	0.002	0.0517	0.2247	0.0744	0.0231	0.2164	-0.0389	-0.0943	0.0813	-0.1502	-0.0547	
0.24	0.6976	0.3911	0.2682	0.4097	0.1511	0.002	0.0517	0.2247	0.0744	0.0231	0.2164	-0.0357	-0.0943	0.0813	-0.1467	-0.0547	
0.26	0.6954	0.4086	0.2727	0.4132	0.151	0.002	0.0517	0.2246	0.0744	0.0231	0.2164	-0.0325	-0.0942	0.0813	-0.1428	-0.0547	
0.28	0.6929	0.4252	0.2773	0.4164	0.1508	0.002	0.0517	0.2245	0.0744	0.0231	0.2163	-0.0292	-0.0942	0.0812	-0.1388	-0.0547	
0.3	0.6904	0.4405	0.2821	0.4192	0.1504	0.002	0.0517	0.2242	0.0744	0.0231	0.2161	-0.026	-0.0942	0.081	-0.1345	-0.0547	
0.32	0.6878	0.4538	0.2867	0.4215	0.1497	0.002	0.0518	0.2238	0.0744	0.0231	0.2157	-0.0227	-0.0942	0.0806	-0.1301	-0.0547	
0.34	0.6853	0.4647	0.2912	0.4232	0.1486	0.002	0.0519	0.2232	0.0744	0.0231	0.2152	-0.0195	-0.0943	0.0799	-0.1255	-0.0547	
0.36	0.6829	0.4729	0.2953	0.4244	0.147	0.0021	0.052	0.2225	0.0744	0.0231	0.2143	-0.0164	-0.0943	0.0788	-0.1207	-0.0547	
0.38	0.6806	0.4787	0.2988	0.4249	0.145	0.0022	0.0522	0.2215	0.0745	0.0231	0.2133	-0.0133	-0.0942	0.0774	-0.1159	-0.0547	
0.4	0.6784	0.4827	0.3017	0.4248	0.1425	0.0024	0.0526	0.2202	0.0746	0.0232	0.2118	-0.0104	-0.0942	0.0754	-0.1111	-0.0547	
0.42	0.6767	0.4856	0.3037	0.4241	0.1395	0.0027	0.053	0.2187	0.0749	0.0234	0.2101	-0.0076	-0.0941	0.073	-0.1062	-0.0547	
0.44	0.6755	0.4878	0.3047	0.4228	0.1359	0.0031	0.0537	0.2168	0.0754	0.0236	0.2079	-0.005	-0.0939	0.0701	-0.1014	-0.0546	
0.46	0.675	0.4887	0.3046	0.4207	0.132	0.0037	0.0544	0.2147	0.076	0.0241	0.2054	-0.0025	-0.0937	0.0667	-0.0967	-0.0546	
0.48	0.6752	0.4872	0.3031	0.4178	0.1276	0.0045	0.0554	0.2122	0.0769	0.0246	0.2024	-0.0001	-0.0933	0.0629	-0.0922	-0.0544	
0.5	0.6758	0.4811	0.3004	0.4141	0.123	0.0055	0.0565	0.2096	0.0782	0.0254	0.199	0.0021	-0.0928	0.0588	-0.0878	-0.0543	
0.52	0.6763	0.4687	0.2963	0.4098	0.1183	0.0066	0.0579	0.2069	0.0798	0.0264	0.1954	0.0043	-0.0921	0.0544	-0.0837	-0.054	
0.54	0.6768	0.4488	0.291	0.4051	0.1135	0.008	0.0595	0.204	0.0817	0.0276	0.1916	0.0065	-0.0912	0.05	-0.0797	-0.0537	
0.56	0.678	0.4213	0.2845	0.3999	0.1087	0.0096	0.0613	0.2007	0.0841	0.0291	0.1877	0.0087	-0.09	0.0455	-0.076	-0.0533	
0.58	0.6818	0.3873	0.2768	0.394	0.104	0.0116	0.0633	0.1965	0.0868	0.0309	0.1833	0.0112	-0.0886	0.0411	-0.0725	-0.0528	
0.6	0.6907	0.3479	0.2678	0.3867	0.0994	0.014	0.0655	0.1908	0.09	0.0329	0.1781	0.014	-0.087	0.0368	-0.069	-0.0523	
0.62	0.7068	0.3046	0.2573	0.377	0.0949	0.0168	0.0679	0.1833	0.0937	0.0353	0.1717	0.0171	-0.0851	0.0327	-0.0655	-0.0516	
0.64	0.7316	0.2587	0.2454	0.3641	0.0907	0.0197	0.0705	0.1741	0.098	0.038	0.1639	0.0203	-0.083	0.0288	-0.0618	-0.0508	
0.66	0.7645	0.2122	0.2322	0.3478	0.0871	0.0226	0.0734	0.1641	0.1029	0.0412	0.1547	0.0238	-0.0806	0.0252	-0.0578	-0.0499	
0.68	0.8043	0.1677	0.2179	0.3283	0.0845	0.0255	0.0769	0.1546	0.1083	0.0447	0.1448	0.0275	-0.0779	0.0223	-0.0534	-0.0489	
0.7	0.8491	0.1275	0.2028	0.3065	0.0833	0.029	0.0812	0.1471	0.114	0.0485	0.1349	0.0319	-0.0748	0.0207	-0.0486	-0.0478	
0.72	0.8974	0.0935	0.1875	0.2833	0.0842	0.0344	0.0868	0.143	0.1199	0.0525	0.1255	0.0377	-0.0714	0.0209	-0.0434	-0.0465	
0.74	0.9474	0.0662	0.1723	0.2598	0.0876	0.0436	0.0942	0.1432	0.1262	0.0568	0.1171	0.0461	-0.0675	0.0238	-0.0377	-0.0452	
0.76	0.9974	0.0446	0.1579	0.237	0.0945	0.0586	0.1039	0.1485	0.1335	0.0615	0.1104	0.058	-0.0633	0.0303	-0.0309	-0.0437	
0.78	1.0454	0.0275	0.1448	0.2163	0.1067	0.0813	0.1163	0.1601	0.143	0.0672	0.1073	0.0745	-0.059	0.0413	-0.0221	-0.0421	
0.8	1.0895	0.0138	0.1339	0.1998	0.1267	0.1131	0.1318	0.1804	0.1557	0.0744	0.111	0.0961	-0.0547	0.058	-0.0103	-0.0404	
0.82	1.129	0.0027	0.1264	0.1892	0.1575	0.1547	0.1503	0.2126	0.1727	0.0836	0.1262	0.1229	-0.05	0.0818	0.0054	-0.0387	
0.84	1.1642	-0.0061	0.1235	0.1858	0.2015	0.2066	0.172	0.2593	0.1947	0.0955	0.1571	0.1544	-0.0441	0.1147	0.0256	-0.0368	
0.86	1.1957	-0.0127	0.1264	0.1901	0.2593	0.2689	0.197	0.3216	0.2223	0.1107	0.2065	0.1903	-0.0359	0.158	0.051	-0.0344	
0.88	1.2241	-0.0171	0.1352	0.2011	0.3294	0.3416	0.2255	0.3979	0.2569	0.1303	0.2741	0.2303	-0.0238	0.2122	0.0819	-0.0314	
0.9	1.2491	-0.0194	0.1494	0.2172	0.408	0.4237	0.2582	0.4842	0.3002	0.1557	0.3568	0.2748	-0.0068	0.2764	0.1191	-0.0277	
0.92	1.2699	-0.0197	0.1673	0.2364	0.4906	0.5131	0.2953	0.5754	0.3541	0.1882	0.4503	0.3245	0.0157	0.3479	0.1628	-0.0231	
0.94	1.285	-0.0182	0.1869	0.2567	0.5725	0.6063	0.3371	0.6669	0.4193	0.2283	0.5498	0.3798	0.0436	0.4234	0.2129	-0.0178	
0.96	1.2937	-0.0148	0.2059	0.2761	0.65	0.6987	0.383	0.7551	0.4942	0.2751	0.6509	0.4404	0.0763	0.4996	0.2685	-0.0119	
0.98	1.2952	-0.0096	0.2226	0.2926	0.7196	0.7862	0.4314	0.8367	0.5757	0.3267	0.7496	0.505	0.1131	0.5739	0.3282	-0.0055	
1	1.2896	-0.0029	0.2356	0.3041	0.7787	0.8658	0.4806	0.9084	0.6593	0.3804	0.8419	0.5717	0.1527	0.6444	0.3904	0.001	
1.02	1.2776	0.0048	0.2437	0.3092	0.8252	0.9359	0.5284	0.9672	0.7407	0.4337	0.9239	0.6382	0.1936	0.7097	0.4535	0.0072	
1.04	1.2604	0.0132	0.2461	0.3069	0.8586	0.9959	0.5728	1.0113	0.8163	0.4845	0.993	0.7029	0.2342	0.7683	0.516	0.0126	
1.06	1.24	0.0215	0.2424	0.2972	0.8802	1.0453	0.6123	1.0411	0.8837	0.5313	1.0486	0.7643	0.2726	0.8192	0.5763	0.0168	
1.08	1.2187	0.0292	0.2333	0.2812	0.8927	1.0842	0.6458	1.0597	0.941	0.5726	1.0923	0.8209	0.3074	0.8626	0.6327	0.0194	
1.1	1.1983	0.0358	0.2204	0.2603	0.9	1.1128	0.6723	1.0716	0.9865	0.6073	1.1278	0.8714	0.3383	0.9	0.6837	0.0204	
1.12	1.1802	0.0408	0.2059	0.2364	0.9054	1.1328	0.6916	1.0815	1.0193	0.6348	1.1586	0.9143	0.3651	0.9341	0.7286	0.0198	
1.14	1.1648	0.0439	0.1927	0.2122	0.9112	1.1466	0.7039	1.0929	1.0398	0.6556	1.1877	0.9488	0.3888	0.9678	0.7675	0.0177	
1.16	1.1515	0.0452	0.1835	0.1907	0.9187	1.157	0.7104	1.1076	1.05	0.6712	1.2164	0.9754	0.4102	1.0024	0.8008	0.0142	
1.18	1.139	0.0447	0.1805	0.1755	0.9287	1.1664	0.7128	1.1262	1.0532	0.6835	1.2448	0.9953	0.4301	1.0379	0.8292	0.0092	
1.2	1.1263	0.0428	0.1847	0.1697	0.9418	1.1759	0.7129	1.1487	1.0527	0.6943	1.2725	1.0103	0.4494	1.0728	0.8535	0.003	
1.22	1.1123	0.0398	0.1962	0.175	0.9583	1.1857	0.7123	1.1743	1.0514	0.7045	1.2993	1.0223	0.4684	1.1051	0.8741	-0.0042	
1.24	1.0968	0.0363	0.2139	0.191	0.978	1.1953	0.7118	1.2017	1.0506	0.7145	1.3247	1.0322	0.4872	1.1339	0.8915	-0.0121	
1.26	1.0801	0.0325	0.2355	0.2155	1.0004	1.2042	0.7117	1.2293	1.0506	0.7239	1.3488	1.0406	0.5053	1.1588	0.9062	-0.02	
1.28	1.0629	0.0289	0.2592	0.2455	1.0243	1.2117	0.7119	1.2555	1.051	0.7323	1.3714	1.0471	0.5221	1.1797	0.9187	-0.0275	
1.3	1.0455	0.0259	0.2829	0.2784	1.0492	1.2178	0.7121	1.2791	1.0515	0.7393	1.3922	1.0517	0.5372	1.1966	0.9292	-0.0342	
1.32	1.0251	0.0238	0.3132	0.323	1.0796	1.2232	0.7121	1.3051	1.0514	0.7458	1.4146	1.0534	0.5528	1.2095	0.9394	-0.0418	
1.34	1.0046	0.0218	0.3434	0.3675	1.1101	1.2286	0.7121	1.331	1.0514	0.7523	1.4369	1.0551	0.5683	1.2224	0.9495	-0.0494	
1.36	0.9841	0.0197	0.3736	0.412	1.1406	1.2341	0.7121	1.3569	1.0513	0.7588	1.4593	1.0567	0.5839	1.2353	0.9597	-0.057	
1.38	0.9637	0.0176	0.4039	0.4565	1.1711	1.2395	0.7121	1.3829	1.0513	0.7653	1.4816	1.0584	0.5995	1.2482	0.9698	-0.0646	
