0	0.674	0.3038	-0.1353	0.2935	0.4807	-0.1398	0.1581	0.4568	-0.0184	0.0775	0.3252	-0.2563	0.1099	0.418	-0.2041	0.2184	
0.02	0.674	0.3038	-0.1353	0.2935	0.4807	-0.1398	0.1581	0.4568	-0.0184	0.0775	0.3252	-0.2563	0.1099	0.418	-0.2041	0.2184	
0.04	0.674	0.3038	-0.1353	0.2935	0.4807	-0.1398	0.1581	0.4568	-0.0184	0.0775	0.3252	-0.2563	0.1099	0.418	-0.2041	0.2184	
0.06	0.674	0.3038	-0.1353	0.2936	0.4806	-0.1398	0.1581	0.4568	-0.0184	0.0775	0.3252	-0.2563	0.1099	0.418	-0.2041	0.2184	
0.08	0.674	0.3038	-0.1353	0.2936	0.4806	-0.1398	0.1581	0.4568	-0.0184	0.0775	0.3252	-0.2563	0.1099	0.418	-0.2041	0.2184	
0.1	0.674	0.3038	-0.1353	0.2936	0.4806	-0.1398	0.1581	0.4568	-0.0184	0.0775	0.3252	-0.2563	0.1099	0.418	-0.2041	0.2184	
0.12	0.674	0.3038	-0.1353	0.2936	0.4806	-0.1398	0.1581	0.4568	-0.0184	0.0775	0.3252	-0.2563	0.1099	0.418	-0.2041	0.2184	
0.14	0.674	0.3038	-0.1353	0.2935	0.4807	-0.1398	0.1581	0.4568	-0.0184	0.0775	0.3252	-0.2563	0.1099	0.418	-0.2041	0.2184	
0.16	0.674	0.3038	-0.1353	0.2935	0.4807	-0.1398	0.1581	0.4568	-0.0184	0.0775	0.3252	-0.2563	0.1099	0.418	-0.2041	0.2184	
0.18	0.674	0.3038	-0.1353	0.2935	0.4807	-0.1398	0.1581	0.4568	-0.0184	0.0775	0.3252	-0.2563	0.1099	0.418	-0.2041	0.2184	
0.2	0.674	0.3038	-0.1353	0.2935	0.4806	-0.1398	0.1581	0.4568	-0.0184	0.0775	0.3252	-0.2563	0.1099	0.418	-0.2041	0.2184	
0.22	0.674	0.3038	-0.1353	0.2936	0.4806	-0.1398	0.1581	0.4568	-0.0184	0.0775	0.3252	-0.2563	0.1099	0.418	-0.2041	0.2184	
0.24	0.674	0.3038	-0.1353	0.2936	0.4806	-0.1398	0.1581	0.4568	-0.0184	0.0775	0.3252	-0.2563	0.1099	0.418	-0.2041	0.2184	
0.26	0.674	0.3038	-0.1353	0.2936	0.4806	-0.1398	0.1581	0.4568	-0.0184	0.0775	0.3252	-0.2563	0.1099	0.418	-0.2041	0.2184	
0.28	0.674	0.3038	-0.1353	0.2935	0.4807	-0.1398	0.1581	0.4568	-0.0184	0.0775	0.3252	-0.2563	0.1099	0.418	-0.2041	0.2184	
0.3	0.674	0.3038	-0.1353	0.2935	0.4807	-0.1398	0.1581	0.4568	-0.0184	0.0775	0.3252	-0.2563	0.1099	0.418	-0.2041	0.2184	
0.32	0.674	0.3038	-0.1353	0.2935	0.4807	-0.1398	0.1581	0.4568	-0.0184	0.0775	0.3252	-0.2563	0.1099	0.418	-0.2041	0.2184	
0.34	0.674	0.3038	-0.1353	0.2935	0.4807	-0.1398	0.1581	0.4568	-0.0184	0.0775	0.3252	-0.2563	0.1099	0.418	-0.2041	0.2184	
0.36	0.674	0.3038	-0.1353	0.2936	0.4806	-0.1398	0.1581	0.4568	-0.0184	0.0775	0.3252	-0.2563	0.1099	0.418	-0.2041	0.2184	
0.38	0.674	0.3038	-0.1353	0.2936	0.4806	-0.1398	0.1581	0.4568	-0.0184	0.0775	0.3252	-0.2563	0.1099	0.418	-0.2041	0.2184	
0.4	0.674	0.3038	-0.1353	0.2936	0.4806	-0.1398	0.1581	0.4568	-0.0184	0.0775	0.3252	-0.2563	0.1099	0.418	-0.2041	0.2184	
0.42	0.674	0.3038	-0.1353	0.2936	0.4806	-0.1398	0.1581	0.4568	-0.0184	0.0775	0.3252	-0.2563	0.1099	0.418	-0.2041	0.2184	
0.44	0.674	0.3038	-0.1353	0.2935	0.4807	-0.1398	0.1581	0.4568	-0.0184	0.0775	0.3252	-0.2563	0.1099	0.418	-0.2041	0.2184	
0.46	0.674	0.3038	-0.1353	0.2935	0.4807	-0.1398	0.1581	0.4568	-0.0184	0.0775	0.3252	-0.2563	0.1099	0.418	-0.2041	0.2184	
0.48	0.674	0.3038	-0.1353	0.2935	0.4807	-0.1398	0.1581	0.4568	-0.0184	0.0775	0.3252	-0.2563	0.1099	0.418	-0.2041	0.2184	
0.5	0.674	0.3038	-0.1353	0.2936	0.4806	-0.1398	0.1581	0.4568	-0.0184	0.0775	0.3252	-0.2563	0.1099	0.418	-0.2041	0.2184	
0.52	0.674	0.3038	-0.1353	0.2936	0.4806	-0.1398	0.1581	0.4568	-0.0184	0.0775	0.3252	-0.2563	0.1099	0.418	-0.2041	0.2184	
0.54	0.674	0.3038	-0.1353	0.2936	0.4806	-0.1398	0.1581	0.4568	-0.0184	0.0775	0.3252	-0.2563	0.1099	0.418	-0.2041	0.2184	
0.56	0.674	0.3038	-0.1353	0.2935	0.4806	-0.1398	0.1581	0.4568	-0.0184	0.0775	0.3252	-0.2563	0.1099	0.418	-0.2041	0.2184	
0.58	0.674	0.3038	-0.1353	0.2935	0.4807	-0.1398	0.1581	0.4568	-0.0184	0.0775	0.3252	-0.2563	0.1099	0.418	-0.2041	0.2184	
0.6	0.674	0.3038	-0.1353	0.2935	0.4807	-0.1398	0.1581	0.4568	-0.0184	0.0775	0.3252	-0.2563	0.1099	0.418	-0.2041	0.2184	
0.62	0.674	0.3039	-0.1353	0.2934	0.4807	-0.1398	0.1581	0.4568	-0.0184	0.0775	0.3252	-0.2563	0.1099	0.418	-0.2041	0.2184	
0.64	0.674	0.3039	-0.1353	0.2932	0.4807	-0.1398	0.1581	0.4568	-0.0184	0.0775	0.3252	-0.2563	0.1099	0.418	-0.2041	0.2184	
0.66	0.674	0.304	-0.1353	0.293	0.4806	-0.1398	0.1581	0.4568	-0.0184	0.0775	0.3252	-0.2563	0.1099	0.418	-0.2041	0.2184	
0.68	0.674	0.3041	-0.1354	0.2927	0.4806	-0.1398	0.1581	0.4568	-0.0184	0.0775	0.3252	-0.2563	0.1099	0.418	-0.2041	0.2184	
0.7	0.674	0.3043	-0.1355	0.2923	0.4806	-0.1398	0.1581	0.4568	-0.0184	0.0775	0.3252	-0.2563	0.1099	0.418	-0.2041	0.2184	
0.72	0.6739	0.3045	-0.1357	0.2918	0.4807	-0.1398	0.1581	0.4568	-0.0184	0.0775	0.3252	-0.2563	0.1099	0.418	-0.2041	0.2184	
0.74	0.6739	0.3047	-0.1359	0.2913	0.4807	-0.1399	0.1581	0.4568	-0.0184	0.0775	0.3252	-0.2563	0.1099	0.418	-0.2041	0.2184	
0.76	0.6739	0.3051	-0.1362	0.2906	0.4807	-0.1399	0.1581	0.4568	-0.0184	0.0775	0.3252	-0.2564	0.1099	0.418	-0.2041	0.2185	
0.78	0.6738	0.3054	-0.1365	0.2898	0.4806	-0.1401	0.1581	0.4568	-0.0185	0.0775	0.3252	-0.2565	0.1099	0.418	-0.2041	0.2185	
0.8	0.6738	0.3059	-0.1369	0.2889	0.4806	-0.1402	0.1581	0.4568	-0.0186	0.0775	0.3252	-0.2566	0.1099	0.418	-0.2041	0.2185	
0.82	0.6737	0.3064	-0.1374	0.2879	0.4806	-0.1404	0.1581	0.4568	-0.0187	0.0775	0.3252	-0.2569	0.1099	0.418	-0.2041	0.2186	
0.84	0.6735	0.3069	-0.138	0.2868	0.4805	-0.1407	0.1581	0.4567	-0.0189	0.0775	0.3252	-0.2572	0.1099	0.418	-0.2041	0.2187	
0.86	0.6734	0.3075	-0.1387	0.2857	0.4804	-0.141	0.1581	0.4567	-0.0192	0.0775	0.3252	-0.2577	0.1099	0.418	-0.2041	0.2188	
0.88	0.6732	0.3082	-0.1394	0.2844	0.4803	-0.1414	0.1581	0.4566	-0.0194	0.0775	0.3252	-0.2582	0.1099	0.418	-0.2041	0.2189	
0.9	0.6729	0.3089	-0.1402	0.283	0.4801	-0.1418	0.1581	0.4565	-0.0198	0.0775	0.3252	-0.2589	0.1099	0.418	-0.2041	0.2191	
0.92	0.6726	0.3097	-0.1411	0.2816	0.4798	-0.1423	0.1581	0.4564	-0.0202	0.0775	0.3252	-0.2596	0.1099	0.418	-0.2041	0.2192	
0.94	0.6723	0.3106	-0.1421	0.2801	0.4795	-0.1429	0.1581	0.4562	-0.0207	0.0775	0.3252	-0.2605	0.1099	0.418	-0.2041	0.2195	
0.96	0.6719	0.3115	-0.1432	0.2785	0.4791	-0.1435	0.1581	0.456	-0.0213	0.0775	0.3252	-0.2615	0.1099	0.418	-0.2041	0.2197	
0.98	0.6714	0.3124	-0.1443	0.2768	0.4787	-0.1443	0.1581	0.4557	-0.0219	0.0775	0.3252	-0.2626	0.1099	0.418	-0.2041	0.22	
1	0.6709	0.3134	-0.1455	0.275	0.4782	-0.1451	0.1581	0.4553	-0.0226	0.0775	0.3252	-0.2638	0.1099	0.418	-0.2041	0.2202	
1.02	0.6703	0.3145	-0.1468	0.2731	0.4776	-0.1459	0.1581	0.4549	-0.0234	0.0775	0.3252	-0.265	0.1099	0.418	-0.2041	0.2206	
1.04	0.6696	0.3156	-0.1482	0.2712	0.477	-0.1469	0.1581	0.4544	-0.0243	0.0775	0.3252	-0.2664	0.1099	0.418	-0.2041	0.2209	
1.06	0.6689	0.3168	-0.1496	0.2692	0.4763	-0.1479	0.1581	0.4538	-0.0253	0.0775	0.3252	-0.2678	0.1099	0.418	-0.2041	0.2213	
1.08	0.668	0.318	-0.1512	0.2671	0.4756	-0.149	0.1581	0.4532	-0.0263	0.0775	0.3252	-0.2693	0.1099	0.418	-0.2041	0.2216	
1.1	0.6671	0.3193	-0.1528	0.2649	0.4748	-0.1502	0.1581	0.4525	-0.0275	0.0775	0.3252	-0.2709	0.1099	0.418	-0.2041	0.222	
1.12	0.6662	0.3206	-0.1545	0.2627	0.474	-0.1514	0.1581	0.4518	-0.0287	0.0775	0.3252	-0.2726	0.1099	0.418	-0.2041	0.2225	
1.14	0.6651	0.322	-0.1563	0.2603	0.4731	-0.1528	0.1581	0.4511	-0.0301	0.0775	0.3252	-0.2743	0.1099	0.418	-0.2041	0.2229	
1.16	0.6639	0.3235	-0.1581	0.258	0.4722	-0.1542	0.1581	0.4503	-0.0316	0.0775	0.3252	-0.2761	0.1099	0.418	-0.2041	0.2234	
1.18	0.6626	0.325	-0.1601	0.2555	0.4713	-0.1557	0.1581	0.4494	-0.0332	0.0775	0.3252	-0.278	0.1099	0.418	-0.2041	0.2239	
1.2	0.6612	0.3266	-0.1621	0.253	0.4703	-0.1574	0.1581	0.4486	-0.0349	0.0775	0.3252	-0.2799	0.1099	0.418	-0.2041	0.2244	
1.22	0.6597	0.3282	-0.1641	0.2505	0.4693	-0.1591	0.1581	0.4476	-0.0367	0.0775	0.3252	-0.2819	0.1099	0.4179	-0.2041	0.2249	
1.24	0.6582	0.3298	-0.1663	0.2479	0.4682	-0.1609	0.1581	0.4467	-0.0387	0.0775	0.3252	-0.2839	0.1099	0.4178	-0.2041	0.2254	
1.26	0.6566	0.3315	-0.1686	0.245	0.4672	-0.1628	0.1581	0.4457	-0.0407	0.0775	0.3252	-0.286	0.1099	0.4176	-0.204	0.226	
1.28	0.6547	0.3333	-0.171	0.2419	0.4661	-0.1647	0.1581	0.4447	-0.0428	0.0775	0.3252	-0.2881	0.1099	0.4174	-0.204	0.2266	
1.3	0.6526	0.3352	-0.1734	0.2384	0.465	-0.1668	0.1581	0.4437	-0.0451	0.0775	0.3252	-0.2902	0.1099	0.4171	-0.2039	0.2272	
1.32	0.6503	0.3374	-0.1759	0.2346	0.4638	-0.169	0.1581	0.4426	-0.0476	0.0775	0.3252	-0.2924	0.1099	0.4168	-0.2038	0.2278	
1.34	0.6479	0.3398	-0.1784	0.2303	0.4627	-0.1714	0.1581	0.4415	-0.0503	0.0775	0.3252	-0.2946	0.1099	0.4164	-0.2037	0.2284	
1.36	0.6458	0.3425	-0.181	0.2256	0.4615	-0.1739	0.1581	0.4404	-0.0532	0.0775	0.3252	-0.2969	0.1098	0.4159	-0.2035	0.2291	
1.38	0.6441	0.3456	-0.1838	0.2205	0.4603	-0.1764	0.1581	0.4393	-0.0561	0.0775	0.3252	-0.2991	0.1097	0.4153	-0.2034	0.2297	
1.4	0.6423	0.3494	-0.1869	0.215	0.4591	-0.1789	0.1581	0.4381	-0.0591	0.0775	0.3252	-0.3014	0.1096	0.4147	-0.2032	0.2304	
1.42	0.6394	0.3544	-0.1906	0.2093	0.4579	-0.1814	0.1581	0.437	-0.0619	0.0775	0.3252	-0.3037	0.1094	0.414	-0.203	0.2311	
1.44	0.634	0.3611	-0.1951	0.2034	0.4567	-0.1841	0.1581	0.4358	-0.0648	0.0775	0.3253	-0.3061	0.1092	0.4133	-0.2027	0.2318	
1.46	0.6249	0.3698	-0.2004	0.1973	0.4555	-0.1872	0.1581	0.4346	-0.0683	0.0775	0.3253	-0.3084	0.109	0.4125	-0.2024	0.2325	
1.48	0.6117	0.3809	-0.2065	0.1913	0.4543	-0.1913	0.1581	0.4334	-0.0731	0.0775	0.3253	-0.3107	0.1087	0.4116	-0.2021	0.2332	
1.5	0.5947	0.394	-0.2134	0.1854	0.4531	-0.1968	0.1581	0.4322	-0.0798	0.0775	0.3254	-0.313	0.1083	0.4107	-0.2018	0.2339	
1.52	0.5747	0.4087	-0.2208	0.1797	0.4519	-0.2037	0.1581	0.431	-0.0888	0.0775	0.3255	-0.3154	0.108	0.4098	-0.2014	0.2346	
1.54	0.553	0.4246	-0.2285	0.1741	0.4507	-0.2121	0.1581	0.4299	-0.0999	0.0775	0.3256	-0.3177	0.1075	0.4087	-0.2009	0.2354	
1.56	0.5304	0.4411	-0.2364	0.1687	0.4495	-0.2217	0.1582	0.4287	-0.1125	0.0775	0.3257	-0.32	0.1071	0.4077	-0.2005	0.2361	
1.58	0.5078	0.4575	-0.2441	0.1635	0.4484	-0.232	0.1582	0.4275	-0.1261	0.0775	0.3258	-0.3223	0.1066	0.4066	-0.2	0.2369	
1.6	0.486	0.4732	-0.2515	0.1584	0.4472	-0.2428	0.1582	0.4263	-0.1401	0.0775	0.3259	-0.3246	0.1061	0.4055	-0.1994	0.2377	
1.62	0.4664	0.4874	-0.2584	0.1536	0.4461	-0.2537	0.1583	0.4252	-0.1542	0.0776	0.3261	-0.327	0.1055	0.4043	-0.1988	0.2385	
1.64	0.4502	0.4996	-0.2646	0.1489	0.445	-0.2643	0.1583	0.424	-0.1677	0.0776	0.3263	-0.3294	0.105	0.4031	-0.1982	0.2392	
1.66	0.4379	0.5096	-0.2702	0.1444	0.4439	-0.2741	0.1584	0.4229	-0.1802	0.0776	0.3265	-0.3319	0.1043	0.4018	-0.1975	0.24	
1.68	0.4292	0.5174	-0.2753	0.1401	0.4428	-0.2828	0.1584	0.4218	-0.1908	0.0776	0.3267	-0.3346	0.1037	0.4006	-0.1968	0.2408	
1.7	0.4231	0.5235	-0.2801	0.1359	0.4418	-0.29	0.1585	0.4207	-0.1993	0.0776	0.327	-0.3374	0.103	0.3993	-0.196	0.2417	
1.72	0.4183	0.5283	-0.2846	0.1318	0.4407	-0.296	0.1586	0.4196	-0.2058	0.0777	0.3272	-0.3404	0.1023	0.3979	-0.1952	0.2425	
1.74	0.4139	0.5322	-0.289	0.1278	0.4398	-0.301	0.1587	0.4186	-0.2108	0.0777	0.3275	-0.3436	0.1016	0.3966	-0.1944	0.2434	
1.76	0.4095	0.5354	-0.2934	0.1238	0.4388	-0.3053	0.1588	0.4176	-0.215	0.0778	0.3279	-0.3469	0.1008	0.3952	-0.1934	0.2444	
1.78	0.4051	0.5383	-0.2975	0.1199	0.4379	-0.3092	0.1589	0.4166	-0.2188	0.0778	0.3282	-0.3504	0.1	0.3938	-0.1925	0.2455	
1.8	0.401	0.5409	-0.3015	0.1158	0.4371	-0.313	0.159	0.4156	-0.2226	0.0779	0.3286	-0.3541	0.0992	0.3924	-0.1914	0.2467	
1.82	0.3973	0.5433	-0.3053	0.1118	0.4362	-0.3165	0.1591	0.4147	-0.2262	0.0779	0.3291	-0.3577	0.0984	0.391	-0.1903	0.2481	
1.84	0.3941	0.5454	-0.3089	0.1076	0.4355	-0.3198	0.1593	0.4138	-0.2295	0.078	0.3295	-0.3614	0.0975	0.3896	-0.1892	0.2495	
1.86	0.3914	0.5473	-0.3122	0.1033	0.4347	-0.3228	0.1594	0.413	-0.2324	0.078	0.33	-0.3651	0.0967	0.3881	-0.188	0.2511	
1.88	0.389	0.549	-0.3153	0.099	0.4341	-0.3254	0.1596	0.4122	-0.235	0.0781	0.3305	-0.3687	0.0958	0.3867	-0.1867	0.2528	
1.9	0.3869	0.5505	-0.3181	0.0945	0.4334	-0.3276	0.1597	0.4114	-0.2371	0.0782	0.3311	-0.3721	0.0949	0.3853	-0.1854	0.2546	
1.92	0.3851	0.5517	-0.3207	0.0899	0.4329	-0.3295	0.1599	0.4107	-0.239	0.0783	0.3317	-0.3754	0.094	0.3838	-0.184	0.2565	
1.94	0.3835	0.5527	-0.3229	0.0854	0.4324	-0.3311	0.1601	0.4101	-0.2406	0.0784	0.3323	-0.3785	0.093	0.3824	-0.1826	0.2584	
1.96	0.3823	0.5534	-0.3248	0.0808	0.4319	-0.3323	0.1603	0.4095	-0.242	0.0785	0.333	-0.3812	0.0921	0.3809	-0.181	0.2603	
1.98	0.3813	0.554	-0.3264	0.0763	0.4315	-0.3332	0.1605	0.4089	-0.2431	0.0786	0.3337	-0.3837	0.0911	0.3795	-0.1795	0.2622	
2	0.3806	0.5544	-0.3277	0.0719	0.4312	-0.3337	0.1607	0.4084	-0.244	0.0787	0.3345	-0.3858	0.0902	0.378	-0.1778	0.2641	
2.02	0.3802	0.5545	-0.3287	0.0676	0.431	-0.3339	0.161	0.408	-0.2445	0.0789	0.3353	-0.3875	0.0892	0.3766	-0.1761	0.2659	
2.04	0.38	0.5545	-0.3293	0.0636	0.4308	-0.3336	0.1612	0.4076	-0.2447	0.079	0.3361	-0.3887	0.0882	0.3752	-0.1743	0.2676	
2.06	0.38	0.5543	-0.3295	0.0599	0.4308	-0.3329	0.1615	0.4073	-0.2446	0.0792	0.337	-0.3896	0.0872	0.3738	-0.1724	0.2692	
2.08	0.3802	0.5539	-0.3294	0.0566	0.4309	-0.3319	0.1618	0.4071	-0.2442	0.0793	0.338	-0.3899	0.0862	0.3725	-0.1705	0.2707	
2.1	0.3806	0.5533	-0.329	0.0536	0.4312	-0.3305	0.162	0.407	-0.2435	0.0795	0.3389	-0.3898	0.0852	0.3711	-0.1685	0.272	
2.12	0.3813	0.5525	-0.3283	0.0511	0.4316	-0.3286	0.1623	0.4069	-0.2423	0.0797	0.34	-0.3893	0.0842	0.3698	-0.1664	0.2731	
2.14	0.3822	0.5516	-0.3272	0.0491	0.4322	-0.3264	0.1627	0.4071	-0.2408	0.0798	0.3411	-0.3883	0.0831	0.3685	-0.1642	0.274	
2.16	0.3833	0.5505	-0.3258	0.0476	0.433	-0.3238	0.163	0.4073	-0.239	0.08	0.3422	-0.3868	0.0821	0.3672	-0.1619	0.2746	
2.18	0.3847	0.5491	-0.3241	0.0466	0.4339	-0.3208	0.1633	0.4078	-0.2368	0.0802	0.3434	-0.385	0.0811	0.366	-0.1596	0.2751	
2.2	0.3863	0.5475	-0.3221	0.0461	0.4351	-0.3175	0.1637	0.4085	-0.2342	0.0804	0.3446	-0.3827	0.0801	0.3648	-0.1571	0.2753	
2.22	0.3881	0.5455	-0.3197	0.0462	0.4365	-0.3138	0.164	0.4093	-0.2314	0.0807	0.3459	-0.38	0.0791	0.3636	-0.1547	0.2753	
2.24	0.3903	0.5433	-0.3169	0.047	0.4381	-0.3097	0.1644	0.4104	-0.2283	0.0809	0.3472	-0.3769	0.078	0.3625	-0.1521	0.2751	
2.26	0.3928	0.5411	-0.3138	0.0484	0.4398	-0.3053	0.1648	0.4117	-0.225	0.0811	0.3486	-0.3733	0.077	0.3614	-0.1495	0.2746	
2.28	0.3957	0.5388	-0.3102	0.0503	0.4417	-0.3006	0.1652	0.4132	-0.2214	0.0814	0.3501	-0.3693	0.076	0.3603	-0.1468	0.274	
2.3	0.399	0.5363	-0.3063	0.0528	0.4438	-0.2957	0.1657	0.415	-0.2177	0.0816	0.3516	-0.3649	0.075	0.3593	-0.1438	0.2733	
2.32	0.4025	0.5331	-0.3022	0.0557	0.446	-0.2904	0.1661	0.4169	-0.2137	0.0819	0.3532	-0.3602	0.074	0.3583	-0.1407	0.2723	
2.34	0.4062	0.5282	-0.2978	0.0591	0.4484	-0.2846	0.1666	0.419	-0.2097	0.0822	0.3548	-0.3551	0.0731	0.3574	-0.1376	0.2713	
2.36	0.4101	0.5207	-0.2931	0.0631	0.4509	-0.278	0.167	0.4212	-0.2056	0.0825	0.3565	-0.3496	0.0721	0.3566	-0.1345	0.2701	
2.38	0.4146	0.5097	-0.2877	0.0683	0.4535	-0.2704	0.1675	0.4237	-0.2014	0.0828	0.3583	-0.3434	0.0711	0.3558	-0.1316	0.2688	
2.4	0.4204	0.4948	-0.2811	0.075	0.4562	-0.2616	0.168	0.4263	-0.1971	0.0831	0.3601	-0.336	0.0702	0.355	-0.1288	0.2674	
2.42	0.4288	0.4759	-0.2728	0.0834	0.4591	-0.2516	0.1686	0.429	-0.1929	0.0835	0.362	-0.327	0.0692	0.3544	-0.1251	0.2659	
2.44	0.4408	0.4533	-0.2627	0.0933	0.462	-0.2406	0.1691	0.4318	-0.1886	0.0838	0.3639	-0.3159	0.0683	0.3538	-0.1197	0.2643	
2.46	0.4576	0.4275	-0.251	0.1044	0.4651	-0.2284	0.1696	0.4348	-0.1842	0.0842	0.366	-0.3023	0.0674	0.3532	-0.1111	0.2626	
2.48	0.48	0.399	-0.2381	0.116	0.4682	-0.2153	0.1702	0.4379	-0.1798	0.0845	0.3681	-0.2858	0.0665	0.3527	-0.098	0.2609	
2.5	0.5082	0.3687	-0.2246	0.1278	0.4714	-0.2017	0.1708	0.4412	-0.1753	0.0849	0.3702	-0.2663	0.0657	0.3522	-0.0796	0.2591	
2.52	0.5419	0.3381	-0.211	0.1394	0.4747	-0.188	0.1714	0.4445	-0.1706	0.0853	0.3725	-0.2439	0.0648	0.3519	-0.056	0.2572	
2.54	0.5801	0.3084	-0.1975	0.1505	0.478	-0.1748	0.172	0.4479	-0.1658	0.0857	0.3748	-0.2191	0.064	0.3518	-0.0274	0.2554	
2.56	0.6214	0.2812	-0.1848	0.1605	0.4814	-0.1629	0.1727	0.4513	-0.1608	0.0862	0.3772	-0.1929	0.0632	0.3523	0.0051	0.2535	
2.58	0.664	0.2572	-0.1732	0.1692	0.4848	-0.1526	0.1733	0.4548	-0.1556	0.0866	0.3795	-0.1663	0.0624	0.3535	0.0404	0.2516	
2.6	0.7062	0.2367	-0.1633	0.1761	0.4883	-0.1443	0.174	0.4583	-0.1501	0.087	0.3819	-0.1405	0.0616	0.3556	0.0773	0.2497	
2.62	0.7464	0.2196	-0.1553	0.1814	0.4918	-0.1381	0.1747	0.4619	-0.1445	0.0875	0.3845	-0.1164	0.0609	0.3589	0.1143	0.2478	
2.64	0.7837	0.2056	-0.1491	0.1853	0.4952	-0.134	0.1754	0.4656	-0.1388	0.088	0.3874	-0.0947	0.0602	0.3637	0.15	0.2458	
2.66	0.8173	0.194	-0.1443	0.1883	0.4986	-0.132	0.1762	0.4694	-0.1329	0.0885	0.3904	-0.0756	0.0595	0.3701	0.1832	0.2438	
2.68	0.847	0.1846	-0.1404	0.1909	0.502	-0.1319	0.1769	0.4732	-0.1271	0.089	0.3935	-0.0594	0.0589	0.378	0.2129	0.2417	
2.7	0.873	0.177	-0.1368	0.1933	0.5054	-0.1335	0.1777	0.477	-0.1212	0.0895	0.3963	-0.0458	0.0583	0.3875	0.2392	0.2396	
2.72	0.8959	0.1705	-0.1333	0.1954	0.5088	-0.1364	0.1785	0.4808	-0.1155	0.0901	0.3986	-0.0345	0.0577	0.3985	0.2623	0.2373	
2.74	0.9168	0.1648	-0.13	0.1973	0.5122	-0.1403	0.1793	0.4851	-0.1098	0.0906	0.4009	-0.0249	0.0571	0.411	0.283	0.235	
2.76	0.937	0.1593	-0.1268	0.1989	0.5158	-0.1449	0.1801	0.4908	-0.1044	0.0912	0.4044	-0.0163	0.0566	0.4257	0.302	0.2326	
2.78	0.9575	0.1536	-0.1238	0.2001	0.5194	-0.1498	0.181	0.4991	-0.0992	0.0918	0.4109	-0.008	0.0561	0.444	0.3197	0.2301	
2.8	0.9794	0.1475	-0.1208	0.201	0.5231	-0.1549	0.1819	0.5112	-0.0943	0.0924	0.4229	0.0002	0.0557	0.4678	0.3365	0.2276	
2.82	1.0033	0.1408	-0.1178	0.2014	0.5273	-0.1599	0.1828	0.528	-0.0896	0.093	0.4419	0.0086	0.0553	0.4993	0.3522	0.225	
2.84	1.0293	0.1333	-0.1148	0.2014	0.5326	-0.1647	0.1837	0.5499	-0.0853	0.0936	0.4688	0.017	0.0549	0.5401	0.3668	0.2224	
2.86	1.0577	0.125	-0.1116	0.2009	0.5395	-0.1692	0.1846	0.5771	-0.0813	0.0943	0.5031	0.0252	0.0546	0.5909	0.3801	0.2198	
2.88	1.0888	0.1159	-0.1084	0.2	0.5489	-0.1731	0.1856	0.6094	-0.0776	0.095	0.5439	0.0328	0.0543	0.6512	0.3923	0.2171	
2.9	1.123	0.1061	-0.1052	0.1985	0.5613	-0.1764	0.1866	0.6465	-0.0742	0.0956	0.5896	0.0396	0.054	0.7199	0.4033	0.2144	
2.92	1.1607	0.0957	-0.1019	0.1964	0.577	-0.1788	0.1876	0.6877	-0.071	0.0963	0.6389	0.0454	0.0538	0.7948	0.4132	0.2117	
2.94	1.2016	0.0849	-0.0986	0.1938	0.5963	-0.1803	0.1886	0.7316	-0.068	0.0971	0.69	0.0502	0.0537	0.8732	0.422	0.209	
2.96	1.2449	0.074	-0.0955	0.1906	0.6193	-0.1807	0.1896	0.7763	-0.065	0.0978	0.7407	0.0539	0.0536	0.9517	0.4296	0.2062	
2.98	1.2894	0.0632	-0.0924	0.187	0.6459	-0.1801	0.1906	0.8196	-0.0619	0.0986	0.7885	0.0566	0.0537	1.0267	0.4358	0.2034	
3	1.3338	0.0527	-0.0894	0.1831	0.6756	-0.1783	0.1917	0.8599	-0.0588	0.0994	0.8314	0.0583	0.054	1.0947	0.4403	0.2006	
3.02	1.3772	0.0427	-0.0865	0.1789	0.7073	-0.1754	0.1931	0.8961	-0.0555	0.1002	0.8684	0.0592	0.0545	1.1532	0.4428	0.1979	
3.04	1.4192	0.0331	-0.0837	0.1746	0.7395	-0.1712	0.1949	0.9278	-0.0521	0.101	0.8999	0.0595	0.0552	1.2011	0.4433	0.1954	
3.06	1.4596	0.0239	-0.081	0.1703	0.7706	-0.166	0.1973	0.9547	-0.0485	0.1018	0.9273	0.0595	0.0562	1.2388	0.4416	0.1932	
3.08	1.498	0.0152	-0.0781	0.1661	0.7997	-0.16	0.2004	0.977	-0.0446	0.1025	0.9518	0.0594	0.0576	1.2673	0.4377	0.1914	
3.1	1.5339	0.0067	-0.0751	0.162	0.8258	-0.1535	0.2042	0.995	-0.0401	0.1033	0.9738	0.0593	0.0593	1.2886	0.432	0.1902	
3.12	1.567	-0.0016	-0.0719	0.1583	0.8486	-0.1469	0.2089	1.009	-0.0345	0.1043	0.9926	0.0593	0.0615	1.3041	0.4245	0.1897	
3.14	1.5972	-0.0098	-0.0685	0.1552	0.868	-0.1407	0.2145	1.0198	-0.0274	0.1058	1.0073	0.0593	0.0641	1.3158	0.4155	0.19	
3.16	1.6246	-0.018	-0.0649	0.1531	0.8839	-0.1351	0.2211	1.028	-0.0186	0.1079	1.0168	0.0594	0.0671	1.3249	0.4049	0.1912	
3.18	1.6495	-0.0263	-0.0612	0.1522	0.8966	-0.1302	0.2289	1.0345	-0.0084	0.1108	1.0207	0.0594	0.0703	1.3327	0.3927	0.1931	
3.2	1.6718	-0.0345	-0.057	0.1527	0.9065	-0.1263	0.2376	1.0398	0.003	0.1142	1.0192	0.0594	0.0739	1.3399	0.3788	0.1959	
3.22	1.6914	-0.0427	-0.0523	0.155	0.9144	-0.1233	0.2471	1.0444	0.0148	0.118	1.0125	0.0594	0.0778	1.3468	0.3635	0.1992	
3.24	1.708	-0.0506	-0.0465	0.1591	0.921	-0.1214	0.2568	1.0486	0.0265	0.122	1.0011	0.0594	0.0822	1.3536	0.3476	0.2027	
3.26	1.7214	-0.0583	-0.0392	0.165	0.9269	-0.1203	0.2662	1.0527	0.0374	0.1258	0.9857	0.0594	0.0876	1.3604	0.3324	0.2058	
3.28	1.7318	-0.0655	-0.0302	0.1725	0.9324	-0.1199	0.2749	1.0566	0.0472	0.1295	0.9674	0.0594	0.0942	1.3672	0.3193	0.2081	
3.3	1.7395	-0.0724	-0.0196	0.1815	0.9379	-0.1199	0.2827	1.0607	0.0555	0.1327	0.9478	0.0594	0.1021	1.3741	0.3094	0.2089	
3.32	1.7448	-0.0786	-0.0079	0.1915	0.9431	-0.12	0.2893	1.0648	0.0619	0.1354	0.9289	0.0594	0.1109	1.381	0.304	0.208	
3.34	1.7481	-0.0842	0.0042	0.2019	0.9483	-0.1201	0.2947	1.069	0.0662	0.1373	0.9126	0.0594	0.1203	1.388	0.3038	0.2051	
3.36	1.7499	-0.0891	0.0162	0.212	0.9534	-0.1201	0.2987	1.0735	0.0686	0.1384	0.9005	0.0594	0.1296	1.3951	0.3097	0.2003	
3.38	1.7505	-0.0933	0.0274	0.2212	0.9586	-0.1201	0.3014	1.0781	0.0695	0.1388	0.8933	0.0594	0.1384	1.4023	0.3227	0.1937	
3.4	1.7505	-0.0966	0.0375	0.2292	0.9637	-0.1201	0.3029	1.0829	0.0695	0.1389	0.891	0.0594	0.1464	1.4095	0.3432	0.1857	
3.42	1.7503	-0.0991	0.046	0.2356	0.9689	-0.12	0.3035	1.0879	0.0692	0.1387	0.893	0.0594	0.1535	1.4167	0.3707	0.1766	
3.44	1.7502	-0.1009	0.0527	0.2406	0.9742	-0.12	0.3035	1.093	0.069	0.1386	0.8983	0.0594	0.1592	1.4237	0.4037	0.1672	
3.46	1.7501	-0.102	0.0571	0.2442	0.9793	-0.1201	0.3033	1.0982	0.0689	0.1385	0.9057	0.0594	0.1634	1.4302	0.4394	0.1581	
3.48	1.7502	-0.1026	0.0596	0.2466	0.9841	-0.1201	0.3032	1.1034	0.069	0.1386	0.9142	0.0594	0.1659	1.4362	0.4749	0.15	
3.5	1.7503	-0.1029	0.0606	0.2479	0.9886	-0.1201	0.3031	1.1087	0.0691	0.1386	0.9228	0.0594	0.167	1.4415	0.5082	0.1433	
3.52	1.7503	-0.1028	0.0603	0.2481	0.9932	-0.1201	0.3032	1.114	0.0691	0.1386	0.9331	0.0594	0.1668	1.4468	0.5444	0.1373	
3.54	1.7503	-0.1027	0.06	0.2483	0.9977	-0.1201	0.3033	1.1193	0.0691	0.1386	0.9434	0.0594	0.1666	1.4521	0.5805	0.1312	
3.56	1.7503	-0.1027	0.0598	0.2486	1.0022	-0.1201	0.3033	1.1246	0.0691	0.1386	0.9538	0.0594	0.1664	1.4575	0.6167	0.1252	
3.58	1.7503	-0.1026	0.0595	0.2488	1.0068	-0.1201	0.3034	1.1298	0.0691	0.1387	0.9641	0.0594	0.1661	1.4628	0.6529	0.1192	
