0	0.4281	0.3978	0.0692	-0.3077	0.2957	0.1651	0.0217	0.4108	0.1247	-0.0192	0.2332	0.2046	0.0032	0.4281	-0.1152	0.0617	
0.02	0.4282	0.3978	0.0661	-0.3082	0.2957	0.167	0.0224	0.4113	0.1356	-0.0183	0.2284	0.2288	0.0034	0.431	-0.1126	0.0595	
0.04	0.4282	0.3978	0.0631	-0.3087	0.2957	0.1689	0.0231	0.4119	0.1465	-0.0174	0.2235	0.253	0.0037	0.4339	-0.11	0.0573	
0.06	0.4282	0.3978	0.0601	-0.3092	0.2957	0.1707	0.0238	0.4124	0.1573	-0.0165	0.2186	0.2773	0.004	0.4367	-0.1074	0.0552	
0.08	0.4282	0.3978	0.0571	-0.3098	0.2957	0.1726	0.0245	0.413	0.1682	-0.0155	0.2138	0.3015	0.0043	0.4396	-0.1048	0.053	
0.1	0.4281	0.3978	0.0533	-0.3116	0.2957	0.1758	0.0259	0.4141	0.1791	-0.0138	0.2082	0.3246	0.005	0.4447	-0.0999	0.0503	
0.12	0.428	0.3978	0.0486	-0.3145	0.2957	0.1806	0.0279	0.4157	0.1918	-0.0114	0.2015	0.3482	0.0062	0.4516	-0.0929	0.0469	
0.14	0.4276	0.3978	0.043	-0.3185	0.2957	0.1874	0.0306	0.418	0.2064	-0.0081	0.1942	0.3721	0.0081	0.4604	-0.0836	0.0428	
0.16	0.427	0.3979	0.0367	-0.3235	0.2957	0.1966	0.0341	0.421	0.2229	-0.0037	0.1866	0.3963	0.0108	0.4707	-0.072	0.0382	
0.18	0.4261	0.398	0.0301	-0.3292	0.2956	0.2087	0.0384	0.4247	0.2414	0.0019	0.1794	0.4209	0.0145	0.4823	-0.0582	0.0333	
0.2	0.4248	0.3983	0.0232	-0.335	0.2954	0.2238	0.0435	0.429	0.2619	0.009	0.1731	0.4463	0.0193	0.4947	-0.0426	0.0284	
0.22	0.423	0.3986	0.0165	-0.3408	0.2949	0.2416	0.0493	0.4338	0.2844	0.0176	0.168	0.4731	0.0251	0.5075	-0.0255	0.0238	
0.24	0.4209	0.3991	0.0102	-0.3462	0.2941	0.2613	0.0556	0.4392	0.309	0.0276	0.1645	0.5016	0.0318	0.52	-0.0073	0.0199	
0.26	0.4183	0.3998	0.0043	-0.3509	0.2929	0.2821	0.0624	0.4451	0.3355	0.0386	0.1627	0.5324	0.0393	0.5318	0.0116	0.0168	
0.28	0.4151	0.4006	-0.001	-0.3546	0.2912	0.3036	0.0696	0.4515	0.3642	0.0504	0.1626	0.5658	0.0477	0.5427	0.0312	0.0149	
0.3	0.4113	0.4016	-0.0058	-0.3572	0.289	0.3258	0.0774	0.4584	0.3957	0.0628	0.1641	0.603	0.0579	0.5524	0.052	0.0142	
0.32	0.4066	0.4029	-0.01	-0.3587	0.2861	0.3496	0.0864	0.4657	0.431	0.0763	0.1669	0.6454	0.0711	0.5613	0.0751	0.0147	
0.34	0.4011	0.4043	-0.0139	-0.3592	0.2827	0.3762	0.097	0.4733	0.4717	0.0918	0.1707	0.6946	0.0892	0.5696	0.1021	0.0163	
0.36	0.3947	0.406	-0.0175	-0.3592	0.2788	0.4067	0.1098	0.4809	0.519	0.1103	0.1753	0.751	0.1137	0.5775	0.1351	0.0191	
0.38	0.3875	0.4078	-0.0209	-0.3591	0.2744	0.4416	0.1251	0.4879	0.5731	0.1323	0.1803	0.814	0.1453	0.5852	0.1755	0.0235	
0.4	0.3799	0.4097	-0.0242	-0.3589	0.2697	0.481	0.1429	0.4939	0.6332	0.1579	0.1858	0.8814	0.1834	0.5929	0.224	0.03	
0.42	0.3719	0.4118	-0.0274	-0.3589	0.2647	0.5248	0.163	0.4981	0.6975	0.1862	0.1916	0.9508	0.2262	0.6006	0.28	0.0395	
0.44	0.3637	0.4139	-0.0306	-0.3589	0.2595	0.5727	0.1853	0.5001	0.7638	0.2162	0.1977	1.0198	0.2714	0.6083	0.3419	0.0525	
0.46	0.3557	0.4162	-0.0337	-0.359	0.2543	0.6243	0.2095	0.4997	0.83	0.2469	0.204	1.0866	0.3164	0.6159	0.4071	0.0692	
0.48	0.348	0.4187	-0.0368	-0.359	0.2491	0.6785	0.2353	0.4969	0.8938	0.2772	0.2103	1.1493	0.3592	0.6235	0.4729	0.0891	
0.5	0.3409	0.4214	-0.04	-0.359	0.2442	0.7334	0.2624	0.4921	0.9526	0.3061	0.2167	1.2056	0.3977	0.631	0.5367	0.1114	
0.52	0.3346	0.4244	-0.0432	-0.359	0.2394	0.7867	0.29	0.4858	1.0038	0.3323	0.2229	1.2528	0.4301	0.6386	0.596	0.1349	
0.54	0.3295	0.4278	-0.0465	-0.359	0.235	0.8364	0.3177	0.4789	1.0452	0.3549	0.2289	1.2895	0.455	0.6462	0.649	0.1582	
0.56	0.3256	0.4315	-0.0499	-0.359	0.231	0.881	0.3446	0.4723	1.0761	0.3729	0.2347	1.3159	0.472	0.6538	0.6946	0.1803	
0.58	0.3229	0.4352	-0.0535	-0.359	0.2276	0.9203	0.3701	0.4667	1.0972	0.3863	0.2403	1.3336	0.4815	0.6615	0.7325	0.2001	
0.6	0.3214	0.439	-0.0573	-0.359	0.2249	0.9544	0.3936	0.4628	1.1104	0.3956	0.2456	1.3451	0.4854	0.6693	0.7636	0.2167	
0.62	0.3211	0.4425	-0.0611	-0.359	0.2231	0.9837	0.4145	0.4612	1.1178	0.402	0.2507	1.3526	0.4859	0.6773	0.7894	0.2294	
0.64	0.3219	0.4458	-0.0652	-0.359	0.2222	1.0084	0.4324	0.4619	1.1215	0.4068	0.2556	1.3572	0.4851	0.6853	0.8116	0.238	
0.66	0.3237	0.4486	-0.0693	-0.359	0.2224	1.029	0.4471	0.465	1.123	0.4108	0.2604	1.3596	0.4844	0.6936	0.8318	0.2429	
0.68	0.3262	0.4509	-0.0736	-0.359	0.2237	1.0459	0.4587	0.4703	1.1233	0.4146	0.2652	1.3605	0.4842	0.702	0.8504	0.245	
0.7	0.3291	0.4526	-0.0781	-0.359	0.2262	1.0596	0.4671	0.4775	1.1232	0.4183	0.27	1.3604	0.4844	0.7107	0.8675	0.2453	
0.72	0.3321	0.4538	-0.0828	-0.359	0.2299	1.0708	0.4727	0.4864	1.123	0.422	0.2749	1.36	0.4847	0.7196	0.883	0.245	
0.74	0.335	0.4544	-0.0875	-0.359	0.2346	1.0798	0.4758	0.4967	1.1229	0.4254	0.28	1.3596	0.4849	0.7288	0.8962	0.2446	
0.76	0.3375	0.4546	-0.0923	-0.359	0.2404	1.087	0.477	0.5084	1.1229	0.4288	0.2854	1.3595	0.4849	0.7382	0.9068	0.2445	
0.78	0.3395	0.4546	-0.097	-0.359	0.2473	1.0928	0.4771	0.5211	1.123	0.4322	0.2911	1.3596	0.4848	0.7478	0.9147	0.2446	
0.8	0.3409	0.4545	-0.1014	-0.359	0.2553	1.0975	0.4768	0.5349	1.123	0.4356	0.2976	1.3597	0.4847	0.7576	0.9199	0.2447	
0.82	0.3417	0.4545	-0.1054	-0.359	0.2645	1.1015	0.4765	0.5496	1.123	0.4392	0.3049	1.3598	0.4847	0.7678	0.9227	0.2448	
0.84	0.342	0.4544	-0.1088	-0.359	0.2748	1.1052	0.4764	0.565	1.123	0.4428	0.3135	1.3598	0.4847	0.7786	0.9237	0.2448	
0.86	0.342	0.4545	-0.1117	-0.359	0.2864	1.1087	0.4765	0.5809	1.123	0.4466	0.3236	1.3598	0.4847	0.7904	0.9237	0.2448	
0.88	0.3419	0.4545	-0.1139	-0.359	0.299	1.1122	0.4766	0.5971	1.123	0.4505	0.335	1.3598	0.4847	0.8037	0.9233	0.2447	
0.9	0.3418	0.4545	-0.1156	-0.359	0.3127	1.1158	0.4766	0.6135	1.123	0.4544	0.3477	1.3597	0.4847	0.8185	0.9231	0.2447	
0.92	0.3418	0.4545	-0.1166	-0.359	0.3272	1.1196	0.4767	0.6297	1.123	0.4583	0.3615	1.3597	0.4847	0.8346	0.923	0.2447	
0.94	0.3418	0.4545	-0.1172	-0.359	0.3423	1.1236	0.4766	0.6459	1.123	0.4621	0.3761	1.3598	0.4847	0.8516	0.9231	0.2447	
0.96	0.3419	0.4545	-0.1174	-0.359	0.3577	1.1278	0.4766	0.662	1.123	0.466	0.3912	1.3598	0.4847	0.8688	0.9232	0.2447	
0.98	0.3419	0.4545	-0.1174	-0.359	0.373	1.1324	0.4766	0.6781	1.123	0.4697	0.4066	1.3598	0.4847	0.8856	0.9233	0.2447	
1	0.3419	0.4545	-0.1174	-0.359	0.3879	1.1373	0.4766	0.694	1.123	0.4733	0.4219	1.3598	0.4847	0.9015	0.9233	0.2447	
1.02	0.3419	0.4545	-0.1173	-0.359	0.402	1.1425	0.4766	0.7096	1.123	0.4766	0.4371	1.3598	0.4847	0.916	0.9232	0.2447	
1.04	0.3419	0.4545	-0.1173	-0.359	0.4153	1.148	0.4766	0.7246	1.123	0.4795	0.4521	1.3598	0.4847	0.929	0.9232	0.2447	
1.06	0.3419	0.4545	-0.1173	-0.359	0.4278	1.1539	0.4766	0.739	1.123	0.4819	0.4672	1.3598	0.4847	0.9406	0.9232	0.2447	
1.08	0.3419	0.4545	-0.1173	-0.359	0.4397	1.16	0.4766	0.7526	1.123	0.484	0.4825	1.3598	0.4847	0.9511	0.9232	0.2447	
1.1	0.3419	0.4545	-0.1173	-0.359	0.4511	1.1662	0.4766	0.7656	1.123	0.4855	0.498	1.3598	0.4847	0.9609	0.9232	0.2447	
1.12	0.3419	0.4545	-0.1173	-0.359	0.4623	1.1723	0.4766	0.7782	1.123	0.4867	0.5135	1.3598	0.4847	0.9706	0.9232	0.2447	
1.14	0.3419	0.4545	-0.1173	-0.359	0.4732	1.1781	0.4766	0.7906	1.123	0.4874	0.5285	1.3598	0.4847	0.9803	0.9232	0.2447	
1.16	0.3419	0.4545	-0.1173	-0.359	0.4838	1.1832	0.4766	0.8027	1.123	0.4878	0.5425	1.3598	0.4847	0.9902	0.9232	0.2447	
1.18	0.3419	0.4545	-0.1173	-0.359	0.4937	1.1877	0.4766	0.8143	1.123	0.4879	0.5549	1.3598	0.4847	1.0001	0.9232	0.2447	
1.2	0.3419	0.4545	-0.1173	-0.359	0.5027	1.1915	0.4766	0.8252	1.123	0.4879	0.5656	1.3598	0.4847	1.0097	0.9232	0.2447	
1.22	0.3419	0.4545	-0.1173	-0.359	0.5107	1.1945	0.4766	0.835	1.123	0.4879	0.5743	1.3598	0.4847	1.0186	0.9232	0.2447	
1.24	0.3419	0.4545	-0.1173	-0.359	0.5174	1.1968	0.4766	0.8436	1.123	0.4879	0.5809	1.3598	0.4847	1.0262	0.9232	0.2447	
1.26	0.3419	0.4545	-0.1173	-0.359	0.5236	1.1981	0.4766	0.853	1.123	0.4879	0.5851	1.3598	0.4847	1.0329	0.9232	0.2447	
1.28	0.3419	0.4545	-0.1173	-0.359	0.5299	1.1994	0.4766	0.8624	1.123	0.4879	0.5893	1.3598	0.4847	1.0395	0.9232	0.2447	
1.3	0.3419	0.4545	-0.1173	-0.359	0.5361	1.2007	0.4766	0.8717	1.123	0.4879	0.5935	1.3598	0.4847	1.0462	0.9232	0.2447	
1.32	0.3419	0.4545	-0.1173	-0.359	0.5424	1.202	0.4766	0.8811	1.123	0.4879	0.5976	1.3598	0.4847	1.0528	0.9232	0.2447	
