0	0.7064	0.3815	0.2343	0.1956	0.0967	-0.0233	0.0689	0.1219	-0.0557	0.0266	0.0313	0.0225	0.0662	0.0352	0.0284	0.0637	
0.02	0.7197	0.3689	0.2185	0.1751	0.0989	-0.0152	0.0752	0.1234	-0.0286	0.03	0.0251	0.0698	0.0662	0.0352	0.0609	0.0651	
0.04	0.7331	0.3563	0.2026	0.1546	0.1011	-0.0071	0.0815	0.1248	-0.0016	0.0335	0.0188	0.1171	0.0661	0.0352	0.0935	0.0665	
0.06	0.7464	0.3437	0.1867	0.1342	0.1033	0.0011	0.0878	0.1263	0.0254	0.037	0.0126	0.1643	0.0661	0.0352	0.126	0.0679	
0.08	0.7598	0.3311	0.1709	0.1137	0.1055	0.0092	0.0941	0.1278	0.0524	0.0404	0.0064	0.2116	0.0661	0.0352	0.1586	0.0693	
0.1	0.7744	0.3185	0.1564	0.0942	0.1088	0.0178	0.1003	0.1301	0.0791	0.0446	-0.0005	0.2559	0.0661	0.0352	0.1886	0.0711	
0.12	0.7897	0.3056	0.1414	0.0734	0.1133	0.028	0.1074	0.1333	0.1037	0.0497	-0.0083	0.2998	0.0662	0.0353	0.2202	0.0732	
0.14	0.8065	0.2926	0.1263	0.0522	0.1191	0.0401	0.1155	0.1374	0.1258	0.0556	-0.0164	0.3422	0.0664	0.0356	0.2526	0.0757	
0.16	0.8258	0.2798	0.1117	0.0316	0.1263	0.0546	0.1244	0.1425	0.1458	0.0622	-0.024	0.3823	0.0668	0.0362	0.2846	0.0786	
0.18	0.8483	0.2675	0.0982	0.0126	0.1347	0.0719	0.134	0.1486	0.1644	0.0694	-0.0302	0.4196	0.0675	0.0374	0.3154	0.0818	
0.2	0.8747	0.2557	0.0862	-0.0041	0.1441	0.0928	0.1443	0.1558	0.1829	0.0775	-0.0339	0.4541	0.0685	0.0394	0.3448	0.0852	
0.22	0.9053	0.2448	0.0758	-0.0183	0.1542	0.1181	0.1553	0.1643	0.2031	0.0866	-0.034	0.4863	0.07	0.0422	0.3731	0.0888	
0.24	0.9399	0.2348	0.0671	-0.03	0.1649	0.1481	0.1669	0.1741	0.226	0.0969	-0.0296	0.5167	0.0721	0.046	0.401	0.0924	
0.26	0.9783	0.2257	0.06	-0.0394	0.1765	0.1829	0.1794	0.1854	0.2524	0.1086	-0.0196	0.546	0.0747	0.0508	0.4298	0.0962	
0.28	1.0198	0.2173	0.0547	-0.0465	0.1893	0.2221	0.1931	0.1987	0.2821	0.1217	-0.003	0.5745	0.0778	0.0568	0.4602	0.1001	
0.3	1.0637	0.2094	0.0511	-0.0516	0.2043	0.2654	0.2085	0.2142	0.315	0.1361	0.0206	0.6026	0.0816	0.0643	0.4928	0.1041	
0.32	1.109	0.2014	0.0495	-0.0548	0.2223	0.3125	0.226	0.2328	0.3505	0.1514	0.0515	0.6302	0.0858	0.0739	0.5277	0.1085	
0.34	1.1551	0.1931	0.0498	-0.0565	0.244	0.3631	0.2457	0.2552	0.3882	0.1675	0.0897	0.6573	0.0906	0.0865	0.5643	0.1131	
0.36	1.201	0.1844	0.052	-0.0566	0.2701	0.4169	0.2673	0.2827	0.427	0.1839	0.1347	0.6834	0.0958	0.1034	0.6015	0.118	
0.38	1.2455	0.1753	0.0559	-0.0552	0.3009	0.4727	0.2906	0.3167	0.4655	0.2004	0.1861	0.7081	0.1014	0.126	0.6384	0.1232	
0.4	1.2874	0.166	0.0611	-0.0521	0.3366	0.5294	0.3152	0.3581	0.5021	0.2165	0.2435	0.731	0.1076	0.1557	0.6738	0.1285	
0.42	1.3257	0.1568	0.0672	-0.0473	0.3773	0.5857	0.341	0.407	0.5353	0.2318	0.3066	0.7522	0.1145	0.1939	0.7068	0.1339	
0.44	1.3596	0.1478	0.0737	-0.0407	0.4223	0.6407	0.3681	0.4626	0.5645	0.246	0.3746	0.7718	0.122	0.2411	0.7368	0.1393	
0.46	1.3886	0.1392	0.0803	-0.0327	0.4704	0.6936	0.3963	0.523	0.5902	0.2589	0.4466	0.7906	0.1304	0.2971	0.7633	0.1451	
0.48	1.4125	0.1312	0.0865	-0.0234	0.5194	0.7441	0.4253	0.5861	0.6136	0.2708	0.5207	0.8089	0.1397	0.3603	0.7861	0.1517	
0.5	1.4311	0.1237	0.0917	-0.0131	0.5671	0.7915	0.4546	0.6493	0.6362	0.282	0.5948	0.8273	0.1504	0.4285	0.8053	0.16	
0.52	1.4441	0.1169	0.0955	-0.0019	0.6119	0.8354	0.4837	0.7105	0.6588	0.293	0.6664	0.8457	0.1628	0.4986	0.8215	0.1709	
0.54	1.4515	0.111	0.0975	0.0104	0.6528	0.8756	0.5124	0.7675	0.6817	0.3044	0.7335	0.8642	0.1775	0.5678	0.8355	0.1848	
0.56	1.4536	0.1059	0.0973	0.0244	0.6894	0.9119	0.5409	0.8183	0.7044	0.3168	0.7943	0.8825	0.1948	0.6329	0.8482	0.2021	
0.58	1.4506	0.1015	0.0947	0.041	0.7219	0.9444	0.5689	0.8612	0.7262	0.3305	0.8473	0.9004	0.2148	0.6912	0.8604	0.2223	
0.6	1.4431	0.0976	0.0902	0.0609	0.7504	0.9733	0.596	0.8953	0.7466	0.3458	0.8916	0.9176	0.2375	0.7407	0.8726	0.2448	
0.62	1.4313	0.0941	0.0841	0.085	0.7755	0.9987	0.6211	0.9207	0.7651	0.3623	0.9265	0.934	0.2627	0.7803	0.8851	0.2687	
0.64	1.4155	0.091	0.0771	0.1137	0.7981	1.0208	0.6433	0.9386	0.7813	0.3796	0.9524	0.9499	0.2901	0.81	0.8981	0.2927	
0.66	1.3959	0.0883	0.0698	0.1476	0.8192	1.0397	0.6619	0.9505	0.7944	0.3975	0.97	0.9653	0.3193	0.8307	0.9114	0.3158	
0.68	1.374	0.0854	0.0608	0.1844	0.8391	1.0585	0.6794	0.9587	0.8045	0.4177	0.9794	0.981	0.3508	0.844	0.925	0.3404	
0.7	1.3522	0.0826	0.0517	0.2212	0.8591	1.0773	0.697	0.967	0.8146	0.4379	0.9888	0.9967	0.3824	0.8573	0.9386	0.3651	
0.72	1.3304	0.0798	0.0426	0.258	0.879	1.0961	0.7146	0.9752	0.8247	0.4581	0.9982	1.0124	0.4139	0.8706	0.9522	0.3897	
0.74	1.3086	0.0769	0.0336	0.2948	0.8989	1.115	0.7321	0.9834	0.8348	0.4784	1.0076	1.0281	0.4454	0.8839	0.9659	0.4144	
