0	0.6708	0.2899	0.2009	0.0273	0.4619	0.0826	0.1359	0.433	0.0697	-0.0242	0.242	0.2948	-0.0445	0.2228	0.161	-0.157	
0.02	0.7137	0.2728	0.2009	0.0361	0.4696	0.1067	0.1362	0.4409	0.0956	-0.0179	0.2357	0.3347	-0.0441	0.2228	0.1768	-0.1527	
0.04	0.7566	0.2557	0.2009	0.0448	0.4772	0.1308	0.1365	0.4488	0.1215	-0.0117	0.2294	0.3746	-0.0436	0.2228	0.1926	-0.1484	
0.06	0.7994	0.2386	0.2009	0.0536	0.4849	0.1549	0.1368	0.4567	0.1473	-0.0055	0.223	0.4145	-0.0432	0.2228	0.2084	-0.144	
0.08	0.8423	0.2215	0.2009	0.0624	0.4925	0.179	0.1371	0.4646	0.1732	0.0008	0.2167	0.4544	-0.0427	0.2229	0.2242	-0.1397	
0.1	0.8851	0.2042	0.2009	0.0709	0.5002	0.204	0.1381	0.4708	0.1981	0.0076	0.2087	0.4936	-0.0413	0.2228	0.2386	-0.1351	
0.12	0.9288	0.1884	0.2009	0.0788	0.5077	0.2324	0.1395	0.4742	0.2253	0.0158	0.1986	0.5314	-0.0389	0.2228	0.254	-0.1297	
0.14	0.9722	0.1741	0.2009	0.0861	0.5151	0.2642	0.1416	0.475	0.2545	0.0256	0.1869	0.5682	-0.0353	0.2228	0.2699	-0.1237	
0.16	1.0139	0.1611	0.2009	0.0931	0.5223	0.2991	0.1444	0.4734	0.2854	0.0367	0.1736	0.6047	-0.0304	0.223	0.2859	-0.1172	
0.18	1.0527	0.1493	0.2009	0.1002	0.5293	0.3368	0.1484	0.4698	0.3175	0.0492	0.1593	0.6415	-0.0241	0.2234	0.3018	-0.1106	
0.2	1.0881	0.1389	0.2009	0.1078	0.536	0.3766	0.1537	0.4648	0.3507	0.0628	0.1443	0.6783	-0.0164	0.2241	0.318	-0.1042	
0.22	1.1196	0.13	0.2009	0.1162	0.5424	0.4181	0.1607	0.4591	0.3852	0.0775	0.1294	0.7148	-0.0072	0.2254	0.3351	-0.098	
0.24	1.1474	0.1228	0.2009	0.1257	0.5485	0.4603	0.1697	0.4533	0.4206	0.0931	0.1152	0.7502	0.0037	0.2274	0.3537	-0.092	
0.26	1.1714	0.1172	0.2009	0.1362	0.5544	0.5018	0.1805	0.4482	0.4569	0.1096	0.102	0.7846	0.0165	0.2303	0.3744	-0.086	
0.28	1.1919	0.1132	0.2009	0.1476	0.56	0.5414	0.1927	0.4442	0.4932	0.1267	0.0903	0.818	0.0312	0.2341	0.3968	-0.0796	
0.3	1.2095	0.1106	0.2009	0.1594	0.5654	0.5778	0.2055	0.4417	0.5287	0.1446	0.0802	0.8504	0.0478	0.2391	0.4201	-0.0724	
0.32	1.2251	0.1091	0.2009	0.1711	0.5705	0.61	0.2184	0.441	0.5627	0.1632	0.0719	0.8816	0.0657	0.2451	0.4434	-0.0641	
0.34	1.2396	0.1086	0.2009	0.1822	0.5756	0.6372	0.2306	0.4421	0.5943	0.1827	0.0655	0.9105	0.0843	0.2519	0.4655	-0.0549	
0.36	1.2536	0.1085	0.2009	0.1924	0.5808	0.6588	0.2417	0.4453	0.6233	0.203	0.0616	0.9362	0.1026	0.2593	0.4856	-0.0449	
0.38	1.2671	0.1087	0.2009	0.2014	0.5868	0.675	0.2513	0.4506	0.6495	0.2236	0.0604	0.9579	0.12	0.2666	0.5027	-0.0345	
0.4	1.2798	0.1088	0.2009	0.209	0.5942	0.6862	0.2589	0.4582	0.6727	0.244	0.062	0.9754	0.1356	0.2736	0.5164	-0.024	
0.42	1.2915	0.1089	0.2009	0.2151	0.6035	0.6934	0.2646	0.4681	0.6929	0.2632	0.0663	0.9891	0.1491	0.2798	0.5263	-0.0137	
0.44	1.3016	0.1088	0.2009	0.2197	0.6147	0.6975	0.2681	0.4798	0.71	0.2808	0.0727	0.9996	0.1602	0.2851	0.5325	-0.004	
0.46	1.3101	0.1088	0.2009	0.223	0.6275	0.6995	0.2699	0.4928	0.7242	0.2962	0.0805	1.0073	0.1685	0.2894	0.5356	0.0049	
0.48	1.3169	0.1087	0.2009	0.2254	0.6411	0.7002	0.2704	0.5062	0.7361	0.3092	0.0888	1.0125	0.174	0.2926	0.5366	0.0127	
0.5	1.322	0.1087	0.2009	0.2273	0.6547	0.7002	0.2703	0.5191	0.7458	0.3198	0.0969	1.0157	0.177	0.2947	0.5364	0.0192	
0.52	1.3256	0.1087	0.2009	0.2289	0.6677	0.7001	0.27	0.531	0.7538	0.3278	0.1043	1.0171	0.1782	0.2958	0.536	0.0245	
0.54	1.3278	0.1088	0.2009	0.2305	0.6796	0.6999	0.2699	0.5415	0.76	0.3332	0.1107	1.0174	0.1782	0.2962	0.5357	0.0289	
0.56	1.329	0.1088	0.2009	0.2321	0.69	0.6999	0.2699	0.5503	0.7643	0.3362	0.1156	1.0171	0.1778	0.2962	0.5357	0.0328	
0.58	1.3294	0.1088	0.2009	0.2337	0.6984	0.7	0.27	0.5571	0.7667	0.3374	0.119	1.0168	0.1775	0.2961	0.5358	0.0364	
0.6	1.3294	0.1088	0.2009	0.2352	0.7045	0.7	0.27	0.562	0.7677	0.3374	0.121	1.0166	0.1774	0.296	0.5359	0.0399	
0.62	1.3292	0.1088	0.2009	0.2365	0.7081	0.7	0.2701	0.5648	0.7678	0.337	0.1217	1.0166	0.1775	0.296	0.536	0.0433	
0.64	1.3291	0.1088	0.2009	0.2378	0.7096	0.7	0.2701	0.5659	0.7675	0.3367	0.1218	1.0168	0.1777	0.296	0.536	0.0467	
0.66	1.3291	0.1088	0.2009	0.2389	0.7098	0.7	0.27	0.566	0.7672	0.3366	0.1215	1.0168	0.1777	0.296	0.5359	0.0498	
0.68	1.3291	0.1088	0.2009	0.24	0.7094	0.7	0.27	0.5657	0.7671	0.3367	0.1213	1.0169	0.1777	0.2961	0.5359	0.0528	
0.7	1.3292	0.1088	0.2009	0.241	0.7089	0.7	0.27	0.5654	0.7672	0.3368	0.1213	1.0169	0.1777	0.2961	0.5359	0.0555	
0.72	1.3292	0.1088	0.2009	0.2419	0.7088	0.7	0.27	0.5653	0.7673	0.3369	0.1213	1.0168	0.1777	0.2961	0.5359	0.0581	
0.74	1.3292	0.1088	0.2009	0.2427	0.7089	0.7	0.27	0.5654	0.7673	0.3369	0.1214	1.0168	0.1776	0.296	0.5359	0.0605	
0.76	1.3292	0.1088	0.2009	0.2435	0.709	0.7	0.27	0.5655	0.7673	0.3369	0.1215	1.0168	0.1776	0.296	0.5359	0.0627	
0.78	1.3292	0.1088	0.2009	0.2442	0.7091	0.7	0.27	0.5656	0.7673	0.3369	0.1215	1.0168	0.1777	0.296	0.5359	0.0649	
0.8	1.3292	0.1088	0.2009	0.2448	0.7092	0.7	0.27	0.5656	0.7673	0.3368	0.1214	1.0168	0.1777	0.296	0.5359	0.0668	
0.82	1.3292	0.1088	0.2009	0.2454	0.7091	0.7	0.27	0.5655	0.7673	0.3368	0.1214	1.0168	0.1777	0.296	0.5359	0.0686	
0.84	1.3292	0.1088	0.2009	0.2459	0.7091	0.7	0.27	0.5655	0.7673	0.3369	0.1214	1.0168	0.1777	0.296	0.5359	0.0702	
0.86	1.3292	0.1088	0.2009	0.2464	0.709	0.7	0.27	0.5655	0.7673	0.3369	0.1214	1.0168	0.1777	0.296	0.5359	0.0717	
0.88	1.3292	0.1088	0.2009	0.2467	0.709	0.7	0.27	0.5655	0.7673	0.3369	0.1214	1.0168	0.1777	0.296	0.5359	0.0731	
0.9	1.3292	0.1088	0.2009	0.2471	0.709	0.7	0.27	0.5655	0.7673	0.3369	0.1214	1.0168	0.1777	0.296	0.5359	0.0742	
0.92	1.3292	0.1088	0.2009	0.2474	0.7091	0.7	0.27	0.5655	0.7673	0.3369	0.1214	1.0168	0.1777	0.296	0.5359	0.0753	
0.94	1.3292	0.1088	0.2009	0.2476	0.7091	0.7	0.27	0.5655	0.7673	0.3369	0.1214	1.0168	0.1777	0.296	0.5359	0.0762	
0.96	1.3292	0.1088	0.2009	0.2478	0.7091	0.7	0.27	0.5655	0.7673	0.3369	0.1214	1.0168	0.1777	0.296	0.5359	0.0769	
0.98	1.3292	0.1088	0.2009	0.2479	0.7091	0.7	0.27	0.5655	0.7673	0.3369	0.1214	1.0168	0.1777	0.296	0.5359	0.0776	
1	1.3292	0.1088	0.2009	0.248	0.7091	0.7	0.27	0.5655	0.7673	0.3369	0.1214	1.0168	0.1777	0.296	0.5359	0.078	
1.02	1.3292	0.1088	0.2009	0.2481	0.7091	0.7	0.27	0.5655	0.7673	0.3369	0.1214	1.0168	0.1777	0.296	0.5359	0.0784	
1.04	1.3292	0.1088	0.2009	0.2481	0.7091	0.7	0.27	0.5655	0.7673	0.3369	0.1214	1.0168	0.1777	0.296	0.5359	0.0786	
1.06	1.3292	0.1088	0.2009	0.2481	0.7091	0.7	0.27	0.5655	0.7673	0.3369	0.1214	1.0168	0.1777	0.296	0.5359	0.0787	
1.08	1.3292	0.1088	0.2009	0.248	0.7091	0.7	0.27	0.5655	0.7673	0.3369	0.1214	1.0168	0.1777	0.296	0.5359	0.0787	
1.1	1.3292	0.1088	0.2009	0.2479	0.7091	0.7	0.27	0.5655	0.7673	0.3369	0.1214	1.0168	0.1777	0.296	0.5359	0.0786	
1.12	1.3292	0.1088	0.2009	0.2478	0.7091	0.7	0.27	0.5655	0.7673	0.3369	0.1214	1.0168	0.1777	0.296	0.5359	0.0785	
1.14	1.3292	0.1088	0.2009	0.2476	0.7091	0.7	0.27	0.5655	0.7673	0.3369	0.1214	1.0168	0.1777	0.296	0.5359	0.0782	
1.16	1.3292	0.1088	0.2009	0.2474	0.7091	0.7	0.27	0.5655	0.7673	0.3369	0.1214	1.0168	0.1777	0.296	0.5359	0.0778	
1.18	1.3292	0.1088	0.2009	0.2472	0.7091	0.7	0.27	0.5655	0.7673	0.3369	0.1214	1.0168	0.1777	0.296	0.5359	0.0773	
1.2	1.3292	0.1088	0.2009	0.2469	0.7091	0.7	0.27	0.5655	0.7673	0.3369	0.1214	1.0168	0.1777	0.296	0.5359	0.0768	
1.22	1.3292	0.1088	0.2009	0.2465	0.7091	0.7	0.27	0.5655	0.7673	0.3369	0.1214	1.0168	0.1777	0.296	0.5359	0.0761	
1.24	1.3292	0.1088	0.2009	0.2462	0.7091	0.7	0.27	0.5655	0.7673	0.3369	0.1214	1.0168	0.1777	0.296	0.5359	0.0754	
1.26	1.3292	0.1088	0.2009	0.2458	0.7091	0.7	0.27	0.5655	0.7673	0.3369	0.1214	1.0168	0.1777	0.296	0.5359	0.0746	
1.28	1.3292	0.1088	0.2009	0.2453	0.7091	0.7	0.27	0.5655	0.7673	0.3369	0.1214	1.0168	0.1777	0.296	0.5359	0.0736	
1.3	1.3292	0.1088	0.2009	0.2448	0.7091	0.7	0.27	0.5655	0.7673	0.3369	0.1214	1.0168	0.1777	0.296	0.5359	0.0726	
1.32	1.3292	0.1088	0.2009	0.2442	0.7091	0.7	0.27	0.5655	0.7673	0.3369	0.1214	1.0168	0.1777	0.296	0.5359	0.0715	
1.34	1.3292	0.1088	0.2009	0.2436	0.7091	0.7	0.27	0.5655	0.7673	0.3369	0.1214	1.0168	0.1777	0.296	0.5359	0.0702	
1.36	1.3292	0.1088	0.2009	0.243	0.7091	0.7	0.27	0.5655	0.7673	0.3369	0.1214	1.0168	0.1777	0.296	0.5359	0.0689	
1.38	1.3292	0.1088	0.2009	0.2423	0.7091	0.7	0.27	0.5655	0.7673	0.3369	0.1214	1.0168	0.1777	0.296	0.5359	0.0674	
1.4	1.3292	0.1088	0.2009	0.2415	0.7091	0.7	0.27	0.5655	0.7673	0.3369	0.1214	1.0168	0.1777	0.296	0.5359	0.0658	
1.42	1.3292	0.1088	0.2009	0.2407	0.7091	0.7	0.27	0.5655	0.7673	0.3369	0.1214	1.0168	0.1777	0.296	0.5359	0.0641	
1.44	1.3292	0.1088	0.2009	0.2399	0.7091	0.7	0.27	0.5655	0.7673	0.3369	0.1214	1.0168	0.1777	0.296	0.5359	0.0623	
1.46	1.3292	0.1088	0.2009	0.239	0.7091	0.7	0.27	0.5655	0.7673	0.3369	0.1214	1.0168	0.1777	0.296	0.5359	0.0603	
1.48	1.3292	0.1088	0.2009	0.238	0.7091	0.7	0.27	0.5655	0.7673	0.3369	0.1214	1.0168	0.1777	0.296	0.5359	0.0583	
1.5	1.3292	0.1088	0.2009	0.237	0.7091	0.7	0.27	0.5655	0.7673	0.3369	0.1214	1.0168	0.1777	0.296	0.5359	0.0561	
1.52	1.3292	0.1088	0.2009	0.2359	0.7091	0.7	0.27	0.5655	0.7673	0.3369	0.1214	1.0168	0.1777	0.296	0.5359	0.0538	
1.54	1.3292	0.1088	0.2009	0.2348	0.7091	0.7	0.27	0.5655	0.7673	0.3369	0.1214	1.0168	0.1777	0.296	0.5359	0.0513	
1.56	1.3292	0.1088	0.2009	0.2336	0.7091	0.7	0.27	0.5655	0.7673	0.3369	0.1214	1.0168	0.1777	0.296	0.5359	0.0487	
1.58	1.3292	0.1088	0.2009	0.2324	0.7091	0.7	0.27	0.5655	0.7673	0.3369	0.1214	1.0168	0.1777	0.296	0.5359	0.046	
1.6	1.3292	0.1088	0.2009	0.2311	0.7091	0.7	0.27	0.5655	0.7673	0.3369	0.1214	1.0168	0.1777	0.296	0.5359	0.0431	
1.62	1.3292	0.1088	0.2009	0.2298	0.7091	0.7	0.27	0.5655	0.7673	0.3369	0.1214	1.0168	0.1777	0.296	0.5359	0.0402	
1.64	1.3292	0.1088	0.2009	0.2285	0.7091	0.7	0.27	0.5655	0.7673	0.3369	0.1214	1.0168	0.1777	0.296	0.5359	0.0373	
1.66	1.3292	0.1088	0.2009	0.2271	0.7091	0.7	0.27	0.5655	0.7673	0.3369	0.1214	1.0168	0.1777	0.296	0.5359	0.0343	
1.68	1.3292	0.1088	0.2009	0.2258	0.7091	0.7	0.27	0.5655	0.7673	0.3369	0.1214	1.0168	0.1777	0.296	0.5359	0.0314	
