0	0.5596	0.4365	0.0752	-0.1525	0.2999	-0.0195	-0.0481	0.3202	-0.144	-0.0676	0.3267	-0.166	-0.2074	0.3076	-0.2228	0.0711	
0.02	0.5885	0.4201	0.0752	-0.1565	0.3404	-0.0195	-0.0481	0.3568	-0.1318	-0.0676	0.3267	-0.1539	-0.2074	0.3197	-0.2228	0.0711	
0.04	0.6175	0.4037	0.0752	-0.1606	0.3808	-0.0195	-0.0481	0.3934	-0.1196	-0.0676	0.3268	-0.1417	-0.2074	0.3318	-0.2228	0.0711	
0.06	0.6464	0.3872	0.0752	-0.1646	0.4213	-0.0195	-0.0481	0.43	-0.1074	-0.0676	0.3268	-0.1296	-0.2074	0.344	-0.2228	0.0711	
0.08	0.6753	0.3708	0.0752	-0.1687	0.4617	-0.0195	-0.0481	0.4666	-0.0952	-0.0676	0.3268	-0.1174	-0.2074	0.3561	-0.2228	0.0711	
0.1	0.7058	0.3534	0.0751	-0.1733	0.5002	-0.0196	-0.0481	0.499	-0.0851	-0.0676	0.3271	-0.1057	-0.2074	0.3669	-0.2228	0.0711	
0.12	0.7352	0.3359	0.0752	-0.1789	0.5302	-0.0196	-0.0481	0.5266	-0.0745	-0.0676	0.3277	-0.096	-0.2074	0.3783	-0.2228	0.0711	
0.14	0.7636	0.3183	0.0754	-0.1851	0.5527	-0.0195	-0.0481	0.5497	-0.064	-0.0676	0.3288	-0.0881	-0.2074	0.3901	-0.2228	0.0711	
0.16	0.792	0.3007	0.0761	-0.1913	0.5694	-0.0193	-0.0481	0.5683	-0.0545	-0.0676	0.3305	-0.0816	-0.2074	0.4016	-0.2228	0.0711	
0.18	0.8217	0.2835	0.0772	-0.1973	0.5824	-0.019	-0.0481	0.583	-0.0464	-0.0676	0.3329	-0.0762	-0.2074	0.4128	-0.2228	0.071	
0.2	0.854	0.2669	0.0791	-0.2023	0.5932	-0.0185	-0.0481	0.5948	-0.0405	-0.0676	0.336	-0.0714	-0.2074	0.4234	-0.2228	0.0708	
0.22	0.8899	0.2515	0.0816	-0.2061	0.6031	-0.0176	-0.0481	0.6051	-0.0369	-0.0676	0.3399	-0.067	-0.2074	0.4337	-0.2228	0.0704	
0.24	0.9292	0.2374	0.0848	-0.2083	0.6125	-0.0164	-0.0481	0.6149	-0.0353	-0.0676	0.3447	-0.063	-0.2074	0.444	-0.2228	0.0699	
0.26	0.9711	0.2251	0.0889	-0.2087	0.6218	-0.0148	-0.0481	0.6255	-0.0351	-0.0676	0.3504	-0.0594	-0.2074	0.4547	-0.2228	0.0691	
0.28	1.0146	0.2145	0.0942	-0.2074	0.6312	-0.0127	-0.0481	0.6375	-0.0356	-0.0676	0.3571	-0.0563	-0.2074	0.4657	-0.2228	0.0682	
0.3	1.0593	0.2055	0.1011	-0.2043	0.6407	-0.0102	-0.0481	0.6516	-0.036	-0.0676	0.3652	-0.0536	-0.2074	0.4771	-0.2228	0.0669	
0.32	1.1049	0.1976	0.1103	-0.1999	0.6508	-0.0073	-0.0481	0.6684	-0.0361	-0.0676	0.3747	-0.0514	-0.2074	0.4886	-0.2228	0.0653	
0.34	1.1514	0.1906	0.1221	-0.1945	0.6615	-0.0039	-0.0481	0.688	-0.0361	-0.0676	0.386	-0.0497	-0.2074	0.5	-0.2228	0.0635	
0.36	1.1979	0.1839	0.1367	-0.1883	0.6731	-0.0002	-0.0481	0.71	-0.0359	-0.0676	0.3991	-0.0486	-0.2074	0.511	-0.2228	0.0613	
0.38	1.2432	0.1776	0.1537	-0.1815	0.6855	0.0038	-0.0481	0.7336	-0.0358	-0.0676	0.4138	-0.048	-0.2074	0.5214	-0.2228	0.059	
0.4	1.2855	0.1715	0.1727	-0.1744	0.6987	0.008	-0.0481	0.758	-0.0358	-0.0676	0.4301	-0.0481	-0.2074	0.5311	-0.2228	0.0566	
0.42	1.3241	0.1658	0.193	-0.167	0.7127	0.0124	-0.0481	0.7824	-0.0358	-0.0676	0.4476	-0.0487	-0.2074	0.5399	-0.2228	0.0543	
0.44	1.3586	0.1605	0.2142	-0.1594	0.7275	0.017	-0.0481	0.806	-0.0359	-0.0676	0.466	-0.05	-0.2074	0.5478	-0.2228	0.0522	
0.46	1.3897	0.1558	0.2359	-0.1515	0.743	0.0216	-0.0481	0.8281	-0.0359	-0.0676	0.4846	-0.052	-0.2074	0.5549	-0.2228	0.0503	
0.48	1.4183	0.1518	0.2575	-0.1435	0.7591	0.0263	-0.0481	0.848	-0.0359	-0.0676	0.5029	-0.0546	-0.2074	0.5615	-0.2228	0.0487	
0.5	1.4447	0.1486	0.2783	-0.1354	0.7753	0.031	-0.0481	0.8653	-0.0359	-0.0676	0.5205	-0.058	-0.2074	0.5676	-0.2228	0.0474	
0.52	1.469	0.1462	0.2978	-0.127	0.7911	0.0358	-0.0481	0.8797	-0.0359	-0.0676	0.5369	-0.0622	-0.2074	0.5734	-0.2228	0.0465	
0.54	1.4909	0.1446	0.3155	-0.1184	0.8058	0.0407	-0.0481	0.8916	-0.0359	-0.0676	0.552	-0.067	-0.2074	0.5792	-0.2228	0.0459	
0.56	1.5105	0.1438	0.3315	-0.1096	0.8189	0.0456	-0.0481	0.9016	-0.0359	-0.0676	0.5658	-0.0724	-0.2074	0.585	-0.2228	0.0455	
0.58	1.5279	0.1435	0.3458	-0.1006	0.8301	0.0507	-0.0481	0.9108	-0.0359	-0.0676	0.5784	-0.078	-0.2074	0.591	-0.2228	0.0454	
0.6	1.5437	0.1435	0.3587	-0.0917	0.8392	0.0559	-0.0481	0.9196	-0.0359	-0.0676	0.59	-0.0836	-0.2074	0.597	-0.2228	0.0454	
0.62	1.5584	0.1436	0.3702	-0.083	0.8464	0.0614	-0.0481	0.9286	-0.0359	-0.0676	0.6008	-0.0889	-0.2074	0.6033	-0.2228	0.0455	
0.64	1.5722	0.1437	0.3801	-0.0749	0.8515	0.0672	-0.0481	0.9376	-0.0359	-0.0676	0.6109	-0.0936	-0.2074	0.6099	-0.2228	0.0455	
0.66	1.5852	0.1437	0.3883	-0.0678	0.8549	0.0733	-0.0481	0.9467	-0.0359	-0.0676	0.6206	-0.0976	-0.2074	0.6169	-0.2228	0.0455	
0.68	1.5973	0.1437	0.3948	-0.0616	0.8566	0.08	-0.0481	0.9554	-0.0359	-0.0676	0.6304	-0.1008	-0.2074	0.6241	-0.2228	0.0455	
0.7	1.6086	0.1436	0.3995	-0.0565	0.8573	0.0874	-0.0481	0.9637	-0.0359	-0.0676	0.6408	-0.1033	-0.2074	0.6313	-0.2228	0.0455	
0.72	1.6191	0.1436	0.4027	-0.0525	0.8573	0.0955	-0.0481	0.9713	-0.0359	-0.0676	0.6524	-0.1049	-0.2074	0.6384	-0.2228	0.0455	
0.74	1.6292	0.1436	0.4047	-0.0496	0.8571	0.1045	-0.0481	0.9779	-0.0359	-0.0676	0.6657	-0.1058	-0.2074	0.6451	-0.2228	0.0455	
0.76	1.639	0.1436	0.4057	-0.0477	0.8569	0.1144	-0.0481	0.9835	-0.0359	-0.0676	0.6813	-0.1061	-0.2074	0.651	-0.2228	0.0455	
0.78	1.649	0.1436	0.4058	-0.0469	0.857	0.1247	-0.0481	0.989	-0.0359	-0.0676	0.6969	-0.106	-0.2074	0.6573	-0.2228	0.0455	
0.8	1.6589	0.1436	0.4059	-0.0462	0.857	0.135	-0.0481	0.9946	-0.0359	-0.0676	0.7125	-0.1059	-0.2074	0.6635	-0.2228	0.0455	
0.82	1.6688	0.1436	0.406	-0.0454	0.8571	0.1453	-0.0481	1.0001	-0.0359	-0.0676	0.7281	-0.1059	-0.2074	0.6697	-0.2228	0.0455	
0.84	1.6787	0.1436	0.4061	-0.0447	0.8571	0.1556	-0.0481	1.0056	-0.0359	-0.0676	0.7437	-0.1058	-0.2074	0.6759	-0.2228	0.0455	
