0	0.3921	0.5332	-0.4359	-0.0721	0.2796	-0.2901	0.1734	0.2683	-0.2458	0.1004	0.3407	-0.3765	0.1553	0.4683	-0.3352	0.417	
0.02	0.3921	0.5331	-0.4359	-0.0699	0.2796	-0.2901	0.1734	0.2683	-0.2458	0.1004	0.3407	-0.3765	0.1553	0.4683	-0.3352	0.417	
0.04	0.3921	0.533	-0.4359	-0.0677	0.2796	-0.2901	0.1734	0.2683	-0.2458	0.1004	0.3407	-0.3765	0.1553	0.4683	-0.3352	0.417	
0.06	0.3921	0.5329	-0.4359	-0.0655	0.2796	-0.2901	0.1734	0.2683	-0.2458	0.1004	0.3407	-0.3765	0.1553	0.4683	-0.3352	0.417	
0.08	0.3921	0.5328	-0.4359	-0.0633	0.2796	-0.2901	0.1734	0.2683	-0.2458	0.1004	0.3407	-0.3765	0.1553	0.4683	-0.3352	0.417	
0.1	0.3921	0.5325	-0.4359	-0.0608	0.2796	-0.2901	0.1734	0.2683	-0.2458	0.1004	0.3407	-0.3765	0.1553	0.4683	-0.3352	0.417	
0.12	0.3921	0.532	-0.4359	-0.0579	0.2796	-0.2901	0.1734	0.2683	-0.2458	0.1004	0.3407	-0.3765	0.1553	0.4683	-0.3352	0.417	
0.14	0.3921	0.5312	-0.4359	-0.0545	0.2796	-0.2901	0.1734	0.2683	-0.2458	0.1004	0.3407	-0.3765	0.1553	0.4683	-0.3352	0.417	
0.16	0.3921	0.5302	-0.4359	-0.0507	0.2796	-0.2901	0.1734	0.2683	-0.2458	0.1004	0.3407	-0.3765	0.1553	0.4683	-0.3352	0.417	
0.18	0.3921	0.5288	-0.4359	-0.0467	0.2796	-0.2901	0.1734	0.2683	-0.2458	0.1004	0.3407	-0.3765	0.1553	0.4683	-0.3352	0.417	
0.2	0.3921	0.5271	-0.4359	-0.0424	0.2796	-0.2901	0.1734	0.2683	-0.2458	0.1004	0.3407	-0.3765	0.1553	0.4683	-0.3352	0.417	
0.22	0.3921	0.525	-0.4359	-0.0379	0.2796	-0.2901	0.1734	0.2683	-0.2458	0.1004	0.3407	-0.3765	0.1553	0.4683	-0.3352	0.417	
0.24	0.3921	0.5226	-0.4359	-0.0335	0.2796	-0.2901	0.1734	0.2683	-0.2458	0.1004	0.3407	-0.3765	0.1553	0.4683	-0.3352	0.417	
0.26	0.3921	0.52	-0.4358	-0.0292	0.2796	-0.2901	0.1734	0.2683	-0.2458	0.1004	0.3407	-0.3765	0.1553	0.4683	-0.335	0.4169	
0.28	0.3921	0.5171	-0.4358	-0.025	0.2796	-0.2901	0.1734	0.2683	-0.2458	0.1004	0.3407	-0.3765	0.1553	0.4681	-0.3348	0.4167	
0.3	0.3921	0.5141	-0.4356	-0.021	0.2796	-0.29	0.1734	0.2683	-0.2458	0.1004	0.3407	-0.3764	0.1553	0.4679	-0.3343	0.4164	
0.32	0.3921	0.5111	-0.4352	-0.0172	0.2796	-0.2898	0.1734	0.2683	-0.2458	0.1004	0.3407	-0.3762	0.1553	0.4674	-0.3336	0.416	
0.34	0.3921	0.508	-0.4347	-0.0137	0.2796	-0.2895	0.1734	0.2683	-0.2457	0.1004	0.3407	-0.3759	0.1553	0.4667	-0.3326	0.4155	
0.36	0.3921	0.505	-0.434	-0.0106	0.2796	-0.289	0.1734	0.2683	-0.2455	0.1004	0.3407	-0.3755	0.1553	0.4657	-0.3312	0.4148	
0.38	0.3921	0.5021	-0.433	-0.0077	0.2797	-0.2884	0.1734	0.2683	-0.2451	0.1004	0.3407	-0.3748	0.1553	0.4643	-0.3295	0.4139	
0.4	0.3921	0.4994	-0.4318	-0.005	0.2798	-0.2874	0.1734	0.2684	-0.2446	0.1004	0.3407	-0.3739	0.1552	0.4626	-0.3273	0.4129	
0.42	0.3921	0.4967	-0.4302	-0.0025	0.28	-0.2862	0.1734	0.2685	-0.2439	0.1004	0.3407	-0.3727	0.1551	0.4606	-0.3246	0.4117	
0.44	0.3922	0.4943	-0.4283	-0.0001	0.2803	-0.2848	0.1734	0.2687	-0.2428	0.1004	0.3407	-0.3712	0.155	0.4582	-0.3214	0.4103	
0.46	0.3923	0.4919	-0.4261	0.0022	0.2807	-0.283	0.1734	0.269	-0.2415	0.1004	0.3408	-0.3694	0.1547	0.4554	-0.3178	0.4087	
0.48	0.3925	0.4897	-0.4236	0.0047	0.2813	-0.2809	0.1734	0.2694	-0.2398	0.1004	0.3408	-0.3673	0.1543	0.4524	-0.3137	0.407	
0.5	0.3927	0.4875	-0.4208	0.0071	0.2821	-0.2785	0.1734	0.27	-0.2378	0.1004	0.3409	-0.3648	0.1538	0.4492	-0.3091	0.4052	
0.52	0.3931	0.4853	-0.4178	0.0098	0.2831	-0.2758	0.1734	0.2707	-0.2354	0.1004	0.3411	-0.3621	0.1532	0.4457	-0.3042	0.4032	
0.54	0.3935	0.4831	-0.4144	0.0127	0.2843	-0.2728	0.1734	0.2716	-0.2327	0.1005	0.3414	-0.3592	0.1523	0.4422	-0.2991	0.401	
0.56	0.3941	0.4807	-0.4109	0.0162	0.2857	-0.2695	0.1735	0.2726	-0.2296	0.1005	0.3418	-0.356	0.1514	0.4385	-0.2936	0.3985	
0.58	0.3949	0.4782	-0.4071	0.0208	0.2874	-0.266	0.1736	0.2739	-0.2263	0.1005	0.3423	-0.3525	0.1502	0.4348	-0.2874	0.3955	
0.6	0.3957	0.4752	-0.4031	0.0268	0.2892	-0.2622	0.1737	0.2753	-0.2226	0.1006	0.343	-0.3487	0.1489	0.4311	-0.2802	0.3919	
0.62	0.3968	0.4717	-0.399	0.0345	0.2912	-0.2582	0.1739	0.2769	-0.2186	0.1007	0.3439	-0.3446	0.1474	0.4274	-0.2716	0.3878	
0.64	0.398	0.4675	-0.3946	0.0442	0.2934	-0.254	0.1741	0.2787	-0.2144	0.1008	0.3449	-0.3402	0.1458	0.4238	-0.2613	0.3832	
0.66	0.3993	0.4627	-0.3898	0.0556	0.2958	-0.2495	0.1744	0.2808	-0.2099	0.101	0.3462	-0.3356	0.144	0.4204	-0.2493	0.3781	
0.68	0.4009	0.4573	-0.3844	0.0684	0.2984	-0.2445	0.1747	0.2831	-0.2051	0.1012	0.3478	-0.3309	0.1421	0.4172	-0.236	0.3727	
0.7	0.4026	0.4512	-0.3783	0.0819	0.3012	-0.2388	0.1751	0.2857	-0.2	0.1015	0.3497	-0.3259	0.14	0.4142	-0.2217	0.367	
0.72	0.4044	0.4445	-0.3715	0.0958	0.3042	-0.2322	0.1755	0.2885	-0.1946	0.1018	0.3518	-0.3203	0.1378	0.4115	-0.2069	0.3612	
0.74	0.4065	0.4374	-0.3639	0.1095	0.3073	-0.2244	0.1761	0.2914	-0.1889	0.1022	0.3541	-0.3132	0.1355	0.409	-0.1916	0.3554	
0.76	0.4087	0.4301	-0.3556	0.1223	0.3107	-0.2154	0.1767	0.2943	-0.1829	0.1027	0.3566	-0.3031	0.133	0.4069	-0.1752	0.3496	
0.78	0.4111	0.4227	-0.3467	0.1339	0.3141	-0.2052	0.1773	0.2976	-0.1769	0.1032	0.3595	-0.2885	0.1305	0.4052	-0.1569	0.3439	
0.8	0.4138	0.4153	-0.3373	0.1437	0.3178	-0.1936	0.1781	0.3017	-0.1705	0.1038	0.3628	-0.2679	0.1278	0.4041	-0.1355	0.3383	
0.82	0.4167	0.4081	-0.3276	0.1518	0.3215	-0.1806	0.1789	0.3071	-0.1633	0.1044	0.3666	-0.2402	0.1251	0.404	-0.1094	0.3329	
0.84	0.4198	0.401	-0.3177	0.1583	0.3255	-0.1658	0.1799	0.3143	-0.1545	0.1051	0.3712	-0.2046	0.1222	0.4049	-0.0771	0.3276	
0.86	0.4229	0.3942	-0.3077	0.1635	0.3298	-0.1491	0.1809	0.3238	-0.1429	0.1059	0.376	-0.1609	0.119	0.407	-0.0372	0.3225	
0.88	0.4261	0.3875	-0.2979	0.1679	0.3347	-0.1303	0.182	0.3358	-0.1272	0.1068	0.3808	-0.1094	0.1152	0.4099	0.0115	0.3179	
0.9	0.4296	0.3813	-0.2881	0.1719	0.3403	-0.1092	0.1832	0.35	-0.1066	0.1077	0.3852	-0.0508	0.1108	0.4136	0.0692	0.314	
0.92	0.4336	0.3755	-0.2786	0.1758	0.3469	-0.0858	0.1846	0.3667	-0.0808	0.1087	0.3895	0.0132	0.1056	0.4182	0.1347	0.3109	
0.94	0.4384	0.3701	-0.2691	0.1797	0.3545	-0.0601	0.1861	0.3859	-0.0498	0.1097	0.395	0.0809	0.0997	0.4248	0.2061	0.3091	
0.96	0.4443	0.3649	-0.2596	0.1836	0.3632	-0.0312	0.1876	0.4079	-0.0139	0.1109	0.4041	0.1509	0.0931	0.4354	0.2809	0.3086	
0.98	0.4515	0.3592	-0.2498	0.1875	0.373	0.0025	0.1892	0.4329	0.0269	0.1121	0.4194	0.2222	0.0863	0.4521	0.3571	0.3094	
1	0.4602	0.352	-0.2395	0.1915	0.3838	0.0426	0.1908	0.4608	0.0723	0.1134	0.4427	0.2947	0.0796	0.477	0.4331	0.3114	
1.02	0.4709	0.3425	-0.2284	0.1954	0.3959	0.09	0.1926	0.4914	0.1224	0.1148	0.4747	0.3679	0.0734	0.5108	0.5081	0.3143	
1.04	0.4853	0.3299	-0.2163	0.1994	0.4095	0.144	0.1951	0.524	0.1766	0.1163	0.5149	0.4415	0.0683	0.5536	0.581	0.3177	
1.06	0.5053	0.314	-0.2032	0.2033	0.4253	0.2029	0.1986	0.5581	0.2344	0.1179	0.5625	0.5146	0.0644	0.6046	0.6508	0.3212	
1.08	0.5328	0.2948	-0.1897	0.2073	0.4434	0.2644	0.2034	0.5933	0.2949	0.1195	0.6171	0.5864	0.0623	0.6631	0.7165	0.3244	
1.1	0.5686	0.2732	-0.1763	0.2114	0.4641	0.3263	0.2095	0.6295	0.3571	0.1211	0.6777	0.6562	0.0619	0.7285	0.7779	0.327	
1.12	0.6118	0.2499	-0.1636	0.2161	0.4869	0.3869	0.217	0.6663	0.4197	0.123	0.7426	0.7235	0.0636	0.7997	0.8352	0.3287	
1.14	0.6602	0.2261	-0.152	0.222	0.5113	0.4444	0.2258	0.703	0.4815	0.1254	0.8086	0.7873	0.0676	0.8744	0.8891	0.3293	
1.16	0.7114	0.203	-0.1419	0.23	0.5369	0.4965	0.2356	0.7385	0.5409	0.1285	0.8717	0.8462	0.0742	0.9497	0.9397	0.3289	
1.18	0.7633	0.1818	-0.1334	0.2406	0.5631	0.5414	0.2464	0.7717	0.5963	0.1326	0.9285	0.8992	0.0836	1.0221	0.9866	0.3274	
1.2	0.8145	0.1635	-0.1268	0.254	0.5892	0.5774	0.2577	0.8018	0.6458	0.138	0.9773	0.9453	0.0959	1.0891	1.0287	0.3252	
1.22	0.8636	0.1486	-0.1222	0.2701	0.6144	0.6046	0.2692	0.8284	0.688	0.1446	1.0181	0.9846	0.1108	1.1495	1.0653	0.3223	
1.24	0.9091	0.1375	-0.1195	0.2884	0.6373	0.6242	0.2805	0.8517	0.7218	0.1524	1.0521	1.0177	0.1278	1.2034	1.0964	0.3191	
1.26	0.9487	0.1297	-0.1184	0.3085	0.6571	0.638	0.291	0.8719	0.7471	0.1609	1.0805	1.0458	0.1461	1.2514	1.1224	0.3156	
1.28	0.9808	0.1246	-0.1183	0.3297	0.6729	0.6482	0.3007	0.8894	0.7646	0.1697	1.1043	1.0698	0.165	1.2941	1.1444	0.312	
1.3	1.0047	0.1212	-0.1186	0.3512	0.685	0.6563	0.3095	0.904	0.7758	0.1783	1.1242	1.0906	0.1838	1.3321	1.1634	0.3081	
1.32	1.0208	0.1189	-0.1189	0.3722	0.6938	0.6633	0.3175	0.9157	0.7822	0.1863	1.1413	1.1086	0.2019	1.3655	1.1799	0.3038	
1.34	1.0306	0.1171	-0.119	0.3919	0.6999	0.6697	0.3249	0.9248	0.7854	0.1932	1.1564	1.1244	0.2184	1.3947	1.1946	0.2985	
1.36	1.0359	0.1155	-0.1189	0.4098	0.7039	0.6761	0.3316	0.9315	0.7865	0.1988	1.1705	1.1381	0.2329	1.4202	1.2077	0.292	
1.38	1.0379	0.1142	-0.1188	0.4256	0.7061	0.6826	0.3378	0.9359	0.7867	0.2029	1.1839	1.15	0.2449	1.4424	1.2199	0.2841	
1.4	1.0373	0.1133	-0.1187	0.4396	0.7071	0.6897	0.3432	0.9381	0.7865	0.2056	1.1967	1.1604	0.2544	1.4619	1.2313	0.2747	
1.42	1.0345	0.1128	-0.1187	0.4522	0.7072	0.6972	0.3479	0.9383	0.7863	0.2071	1.2084	1.1696	0.2618	1.4788	1.2423	0.2642	
1.44	1.0297	0.1127	-0.1188	0.4639	0.707	0.7053	0.3518	0.9364	0.7862	0.2076	1.2188	1.1776	0.2677	1.4933	1.2528	0.2528	
1.46	1.0236	0.1131	-0.1188	0.4753	0.7068	0.7134	0.355	0.9329	0.7863	0.2076	1.2274	1.1847	0.2728	1.5051	1.2628	0.2411	
1.48	1.0172	0.1139	-0.1188	0.4866	0.7067	0.7214	0.3574	0.9283	0.7864	0.2074	1.2339	1.1911	0.2776	1.514	1.2718	0.2295	
1.5	1.0118	0.115	-0.1188	0.4978	0.7067	0.7287	0.3593	0.9229	0.7864	0.2073	1.2382	1.197	0.2823	1.52	1.2797	0.2184	
1.52	1.0082	0.1166	-0.1188	0.5086	0.7068	0.7352	0.3605	0.9174	0.7864	0.2073	1.2406	1.2027	0.2871	1.5232	1.2861	0.208	
1.54	1.0065	0.1185	-0.1188	0.5187	0.7069	0.7406	0.3613	0.9122	0.7864	0.2073	1.2414	1.2084	0.2919	1.5244	1.2909	0.1987	
1.56	1.0063	0.121	-0.1188	0.5277	0.7069	0.7449	0.3617	0.9077	0.7864	0.2074	1.2415	1.2142	0.2969	1.5244	1.2941	0.1905	
1.58	1.0067	0.1239	-0.1188	0.5355	0.7069	0.7481	0.3618	0.904	0.7863	0.2074	1.2412	1.2203	0.3019	1.524	1.2958	0.1832	
1.6	1.0072	0.1272	-0.1188	0.5418	0.7068	0.7501	0.3618	0.9015	0.7863	0.2074	1.2409	1.2266	0.3069	1.5237	1.2965	0.1767	
1.62	1.0074	0.1307	-0.1188	0.5468	0.7068	0.7512	0.3618	0.9	0.7864	0.2074	1.2409	1.2333	0.3119	1.5236	1.2965	0.1706	
1.64	1.0073	0.1342	-0.1188	0.5504	0.7068	0.7517	0.3617	0.8994	0.7864	0.2074	1.241	1.2403	0.3168	1.5237	1.2963	0.165	
1.66	1.0072	0.1375	-0.1188	0.5527	0.7068	0.7517	0.3617	0.8994	0.7864	0.2074	1.2411	1.2477	0.3212	1.5239	1.2961	0.1598	
1.68	1.007	0.1405	-0.1188	0.554	0.7068	0.7515	0.3617	0.8996	0.7864	0.2074	1.2411	1.2555	0.3252	1.5239	1.2961	0.155	
1.7	1.007	0.1431	-0.1188	0.5544	0.7068	0.7514	0.3617	0.8997	0.7864	0.2074	1.2411	1.2636	0.3286	1.5239	1.2961	0.1507	
1.72	1.007	0.1453	-0.1188	0.5544	0.7068	0.7514	0.3618	0.8998	0.7864	0.2074	1.2411	1.272	0.3314	1.5239	1.2962	0.1471	
1.74	1.0071	0.147	-0.1188	0.5543	0.7068	0.7514	0.3618	0.8997	0.7864	0.2074	1.2411	1.2805	0.3338	1.5239	1.2962	0.1442	
1.76	1.0071	0.1487	-0.1188	0.5542	0.7068	0.7515	0.3617	0.8996	0.7864	0.2074	1.241	1.289	0.3363	1.5239	1.2962	0.1413	
1.78	1.0072	0.1504	-0.1188	0.554	0.7068	0.7515	0.3617	0.8996	0.7864	0.2074	1.241	1.2975	0.3387	1.5238	1.2962	0.1384	
1.8	1.0072	0.1522	-0.1188	0.5539	0.7068	0.7516	0.3617	0.8995	0.7864	0.2074	1.241	1.306	0.3412	1.5238	1.2962	0.1355	
