0	0.5227	-0.0886	0.2543	-0.0281	0.1017	0.2516	0.1125	0.235	0.5813	0.0623	0.0896	0.5117	-0.1175	-0.179	0.6202	-0.1106	
0.02	0.5625	-0.1176	0.2431	-0.0281	0.0566	0.2057	0.1035	0.225	0.5813	0.0623	0.0914	0.5131	-0.1158	-0.1632	0.6106	-0.119	
0.04	0.6024	-0.1466	0.2318	-0.028	0.0116	0.1597	0.0945	0.215	0.5813	0.0623	0.0932	0.5146	-0.1142	-0.1475	0.601	-0.1274	
0.06	0.6423	-0.1757	0.2206	-0.028	-0.0334	0.1137	0.0855	0.2049	0.5813	0.0623	0.0949	0.5161	-0.1126	-0.1318	0.5914	-0.1358	
0.08	0.6822	-0.2047	0.2093	-0.028	-0.0785	0.0678	0.0765	0.1949	0.5812	0.0622	0.0967	0.5175	-0.111	-0.1161	0.5817	-0.1443	
0.1	0.7207	-0.2334	0.1993	-0.028	-0.1214	0.0257	0.0689	0.1857	0.5812	0.0622	0.0994	0.5204	-0.1087	-0.0995	0.5725	-0.1524	
0.12	0.7602	-0.2595	0.1911	-0.0281	-0.1611	-0.0083	0.0628	0.1753	0.5814	0.0623	0.1032	0.5246	-0.1055	-0.0801	0.5627	-0.1586	
0.14	0.7994	-0.2834	0.1846	-0.0284	-0.1977	-0.0351	0.0582	0.1643	0.5817	0.0625	0.108	0.5302	-0.1015	-0.0583	0.5529	-0.163	
0.16	0.8371	-0.3059	0.18	-0.0289	-0.2318	-0.0559	0.055	0.1531	0.5825	0.0629	0.1139	0.5372	-0.0965	-0.0352	0.5438	-0.1659	
0.18	0.8726	-0.3276	0.1772	-0.0299	-0.2635	-0.0722	0.053	0.1424	0.5838	0.0636	0.1207	0.5454	-0.0905	-0.0117	0.5362	-0.1677	
0.2	0.9055	-0.3486	0.1761	-0.0314	-0.2928	-0.0852	0.052	0.1326	0.5857	0.0646	0.1281	0.5548	-0.0835	0.0115	0.5307	-0.1686	
0.22	0.936	-0.3693	0.1764	-0.0334	-0.3199	-0.0961	0.0516	0.1241	0.5886	0.0661	0.1362	0.5656	-0.0755	0.0337	0.5277	-0.1689	
0.24	0.9642	-0.3892	0.1781	-0.0361	-0.3449	-0.1056	0.0516	0.117	0.5923	0.068	0.1451	0.5779	-0.0668	0.0546	0.5273	-0.1683	
0.26	0.9901	-0.4084	0.1809	-0.0396	-0.3678	-0.114	0.0518	0.1113	0.5972	0.0705	0.1549	0.592	-0.0573	0.0745	0.5296	-0.1666	
0.28	1.0138	-0.4265	0.1846	-0.0437	-0.3889	-0.1212	0.0519	0.1071	0.6032	0.0734	0.1665	0.6082	-0.0474	0.0938	0.5343	-0.1634	
0.3	1.0354	-0.4435	0.1889	-0.0484	-0.4081	-0.127	0.0519	0.1046	0.6101	0.077	0.1803	0.6263	-0.0372	0.1135	0.5411	-0.1583	
0.32	1.0553	-0.4592	0.1942	-0.0537	-0.4252	-0.1309	0.0518	0.1038	0.618	0.0811	0.1969	0.6464	-0.0266	0.1346	0.5497	-0.1506	
0.34	1.0738	-0.4736	0.2008	-0.0595	-0.4399	-0.1332	0.0518	0.1048	0.6267	0.086	0.2165	0.6686	-0.0156	0.1577	0.5599	-0.1398	
0.36	1.0912	-0.4864	0.2094	-0.0656	-0.4518	-0.134	0.0518	0.1075	0.6364	0.0916	0.239	0.6929	-0.0039	0.1836	0.5717	-0.1255	
0.38	1.1075	-0.4974	0.2208	-0.0723	-0.4607	-0.134	0.0518	0.1119	0.6475	0.0981	0.2643	0.7197	0.0088	0.2122	0.585	-0.1072	
0.4	1.1227	-0.5064	0.2355	-0.0796	-0.4665	-0.1337	0.0518	0.1176	0.6607	0.1055	0.2922	0.7486	0.0227	0.2437	0.6001	-0.0845	
0.42	1.1368	-0.5131	0.254	-0.0875	-0.4691	-0.1335	0.0518	0.1246	0.6769	0.1138	0.3225	0.7793	0.0382	0.2779	0.6173	-0.0575	
0.44	1.15	-0.5173	0.2762	-0.096	-0.4688	-0.1334	0.0518	0.1327	0.6967	0.1232	0.3546	0.811	0.0555	0.3146	0.6372	-0.0266	
0.46	1.1626	-0.5189	0.3019	-0.105	-0.4659	-0.1335	0.0518	0.1419	0.7207	0.1341	0.3881	0.8432	0.0746	0.3534	0.6599	0.0076	
0.48	1.1748	-0.518	0.3306	-0.1141	-0.461	-0.1336	0.0518	0.152	0.7488	0.1468	0.4219	0.8757	0.0953	0.3934	0.686	0.0447	
0.5	1.1868	-0.515	0.3613	-0.1227	-0.455	-0.1336	0.0518	0.1626	0.7811	0.1615	0.4553	0.9087	0.1176	0.4336	0.7152	0.0847	
0.52	1.1988	-0.5105	0.3929	-0.1303	-0.4483	-0.1336	0.0518	0.1732	0.8174	0.1783	0.4874	0.9419	0.1412	0.4726	0.7473	0.1285	
0.54	1.211	-0.5049	0.4238	-0.1361	-0.4416	-0.1336	0.0518	0.183	0.8577	0.1972	0.5178	0.9752	0.1659	0.5099	0.7817	0.1774	
0.56	1.2235	-0.4989	0.4525	-0.1394	-0.4355	-0.1336	0.0518	0.1913	0.9017	0.2182	0.5465	1.008	0.1914	0.5449	0.8178	0.2325	
0.58	1.2363	-0.493	0.4773	-0.1395	-0.4304	-0.1336	0.0518	0.1978	0.9487	0.241	0.5733	1.0398	0.2169	0.5778	0.8547	0.2942	
0.6	1.2492	-0.4875	0.4972	-0.1361	-0.4268	-0.1336	0.0518	0.2022	0.9973	0.2651	0.5978	1.0702	0.2415	0.6082	0.8912	0.3614	
0.62	1.2618	-0.483	0.5118	-0.129	-0.4247	-0.1336	0.0518	0.2046	1.0455	0.2901	0.6195	1.099	0.2644	0.6356	0.926	0.4317	
0.64	1.2738	-0.4798	0.5213	-0.1188	-0.4238	-0.1336	0.0518	0.2052	1.0914	0.3151	0.6377	1.1255	0.2848	0.6593	0.9578	0.5017	
0.66	1.2846	-0.4779	0.5266	-0.1062	-0.4238	-0.1336	0.0518	0.2043	1.1331	0.3391	0.6522	1.1493	0.3022	0.6789	0.9852	0.568	
0.68	1.294	-0.4771	0.5285	-0.0918	-0.424	-0.1336	0.0518	0.2023	1.1696	0.3614	0.6631	1.1696	0.3166	0.6945	1.0077	0.6278	
0.7	1.3035	-0.4773	0.5263	-0.0749	-0.4241	-0.1336	0.0518	0.1979	1.2069	0.3836	0.6724	1.1888	0.3301	0.7087	1.0283	0.6924	
0.72	1.3131	-0.4775	0.5242	-0.058	-0.4242	-0.1336	0.0518	0.1936	1.2443	0.4057	0.6817	1.2079	0.3436	0.7228	1.049	0.757	
0.74	1.3227	-0.4777	0.522	-0.041	-0.4243	-0.1336	0.0518	0.1893	1.2816	0.4279	0.691	1.2271	0.3572	0.737	1.0696	0.8216	
0.76	1.3323	-0.4778	0.5199	-0.0241	-0.4244	-0.1336	0.0518	0.1849	1.3189	0.45	0.7003	1.2462	0.3707	0.7512	1.0903	0.8862	
