0	0.6019	0.5929	0.3776	0.0276	0.2332	-0.0326	0.0851	0.2533	-0.0975	-0.0557	0.0952	-0.1021	-0.044	0.2676	-0.1375	-0.0366	
0.02	0.5898	0.5422	0.3735	0.037	0.2334	-0.031	0.0851	0.2533	-0.075	-0.0553	0.0825	-0.0779	-0.044	0.2585	-0.1356	-0.0369	
0.04	0.5776	0.4914	0.3694	0.0463	0.2336	-0.0294	0.0851	0.2533	-0.0524	-0.055	0.0697	-0.0537	-0.044	0.2495	-0.1337	-0.0372	
0.06	0.5654	0.4407	0.3653	0.0556	0.2338	-0.0278	0.0852	0.2534	-0.0299	-0.0546	0.057	-0.0295	-0.044	0.2405	-0.1318	-0.0376	
0.08	0.5532	0.39	0.3612	0.0649	0.234	-0.0262	0.0852	0.2534	-0.0074	-0.0543	0.0442	-0.0053	-0.044	0.2315	-0.1299	-0.0379	
0.1	0.5449	0.345	0.3564	0.0735	0.2346	-0.0243	0.0852	0.2537	0.0108	-0.0537	0.0319	0.0164	-0.044	0.2228	-0.1274	-0.0385	
0.12	0.538	0.2974	0.3503	0.0829	0.2356	-0.0219	0.0851	0.2542	0.0284	-0.053	0.018	0.0391	-0.044	0.2149	-0.124	-0.0392	
0.14	0.5333	0.2493	0.343	0.0929	0.2372	-0.019	0.0851	0.2552	0.0448	-0.0519	0.0029	0.0618	-0.044	0.2078	-0.1198	-0.0402	
0.16	0.5315	0.2034	0.3345	0.1028	0.2393	-0.0156	0.0851	0.2566	0.0589	-0.0506	-0.0127	0.0833	-0.044	0.2014	-0.1148	-0.0415	
0.18	0.533	0.1625	0.325	0.1122	0.2423	-0.0117	0.0851	0.2586	0.0701	-0.049	-0.0281	0.1024	-0.044	0.1958	-0.109	-0.043	
0.2	0.5381	0.128	0.315	0.1206	0.246	-0.0075	0.0852	0.2613	0.0782	-0.0471	-0.0427	0.1184	-0.044	0.1909	-0.1024	-0.0448	
0.22	0.5463	0.0999	0.3046	0.1281	0.2504	-0.003	0.0852	0.2647	0.0837	-0.045	-0.0564	0.1312	-0.044	0.1868	-0.0953	-0.0468	
0.24	0.5569	0.0774	0.2943	0.1345	0.2556	0.0017	0.0852	0.2688	0.0876	-0.0426	-0.0692	0.1412	-0.044	0.1834	-0.0878	-0.0491	
0.26	0.569	0.0591	0.284	0.1402	0.2615	0.0065	0.0852	0.2736	0.0907	-0.04	-0.0812	0.149	-0.0442	0.1808	-0.0799	-0.0515	
0.28	0.5819	0.0436	0.274	0.1454	0.2679	0.0114	0.0851	0.2789	0.0936	-0.0372	-0.093	0.1553	-0.0445	0.1788	-0.072	-0.054	
0.3	0.595	0.0297	0.2644	0.1503	0.2747	0.0162	0.0852	0.2847	0.0966	-0.0343	-0.1047	0.1604	-0.0451	0.1776	-0.0641	-0.0566	
0.32	0.6081	0.0165	0.2553	0.1552	0.2819	0.021	0.0852	0.2908	0.0997	-0.0313	-0.1165	0.165	-0.046	0.1769	-0.0563	-0.0593	
0.34	0.6212	0.0033	0.247	0.16	0.2892	0.0256	0.0852	0.2973	0.103	-0.0283	-0.1282	0.169	-0.0472	0.1769	-0.0489	-0.062	
0.36	0.6347	-0.0102	0.2401	0.1647	0.2968	0.0299	0.0852	0.3041	0.1063	-0.0252	-0.1396	0.1729	-0.0488	0.1775	-0.0417	-0.0646	
0.38	0.6488	-0.0244	0.2348	0.1693	0.3045	0.0339	0.0854	0.311	0.1097	-0.022	-0.1503	0.1767	-0.0507	0.1789	-0.0351	-0.0673	
0.4	0.6639	-0.0396	0.2317	0.1738	0.3121	0.0376	0.0856	0.3178	0.1132	-0.019	-0.1597	0.1806	-0.0531	0.1809	-0.0288	-0.0698	
0.42	0.6803	-0.0561	0.231	0.1782	0.3196	0.0409	0.0859	0.3242	0.117	-0.0159	-0.1676	0.1847	-0.0558	0.1838	-0.0231	-0.0723	
0.44	0.6981	-0.0739	0.2328	0.1825	0.3272	0.0441	0.0863	0.3299	0.1209	-0.013	-0.1734	0.1889	-0.0589	0.1873	-0.0179	-0.0747	
0.46	0.7178	-0.0928	0.2371	0.1867	0.3353	0.0472	0.0869	0.3351	0.125	-0.0101	-0.1767	0.1935	-0.0622	0.1915	-0.013	-0.077	
0.48	0.7396	-0.1126	0.2437	0.1909	0.3451	0.0503	0.0876	0.3407	0.1293	-0.0073	-0.1762	0.1985	-0.0656	0.1962	-0.0084	-0.0793	
0.5	0.7639	-0.1329	0.2523	0.195	0.3578	0.0534	0.0886	0.3482	0.1338	-0.0046	-0.1703	0.2038	-0.0691	0.2016	-0.004	-0.0816	
0.52	0.7906	-0.1534	0.2627	0.1991	0.3744	0.0566	0.0897	0.3596	0.1385	-0.002	-0.1572	0.2094	-0.0726	0.2083	0.0004	-0.0839	
0.54	0.8191	-0.1739	0.2747	0.2032	0.3956	0.0597	0.0911	0.3761	0.1435	0.0006	-0.1353	0.2153	-0.076	0.2171	0.0047	-0.0862	
0.56	0.8486	-0.1946	0.2881	0.2076	0.421	0.0632	0.0929	0.398	0.1489	0.0033	-0.104	0.2216	-0.0792	0.229	0.0091	-0.0887	
0.58	0.8779	-0.2154	0.303	0.2123	0.4502	0.0676	0.095	0.4245	0.1547	0.0061	-0.0641	0.2288	-0.0823	0.2443	0.0136	-0.0913	
0.6	0.9062	-0.236	0.3189	0.2178	0.4824	0.0741	0.0974	0.4541	0.1614	0.009	-0.0174	0.2378	-0.0852	0.263	0.0184	-0.0941	
0.62	0.933	-0.2559	0.3354	0.2242	0.5169	0.0838	0.0999	0.4855	0.1698	0.012	0.0336	0.2495	-0.0876	0.2846	0.0239	-0.0972	
0.64	0.9581	-0.2743	0.3517	0.2319	0.5529	0.0978	0.1025	0.5175	0.1812	0.0151	0.0864	0.2649	-0.0893	0.3085	0.0304	-0.1008	
0.66	0.9811	-0.2906	0.3672	0.2408	0.5891	0.1167	0.1053	0.5493	0.1969	0.0185	0.1384	0.2844	-0.0898	0.3343	0.0382	-0.1051	
0.68	1.0017	-0.3045	0.3814	0.2511	0.6237	0.1408	0.1087	0.5795	0.2182	0.0222	0.1869	0.3082	-0.0886	0.3615	0.0473	-0.1104	
0.7	1.0194	-0.3159	0.394	0.2626	0.6547	0.1699	0.1132	0.6066	0.2456	0.0267	0.2295	0.3355	-0.0853	0.3893	0.0574	-0.1169	
0.72	1.0341	-0.3247	0.4047	0.2749	0.6808	0.2036	0.1194	0.6292	0.2787	0.0323	0.2642	0.3656	-0.08	0.4162	0.068	-0.1247	
0.74	1.0461	-0.3312	0.4133	0.2875	0.7018	0.2408	0.1275	0.6467	0.3157	0.0391	0.2899	0.3971	-0.0728	0.4407	0.0785	-0.1338	
0.76	1.0557	-0.3356	0.4195	0.2998	0.7182	0.2797	0.137	0.6597	0.3542	0.0473	0.307	0.4283	-0.0645	0.4616	0.0885	-0.1443	
0.78	1.0634	-0.3381	0.4232	0.3111	0.7306	0.3185	0.1474	0.6694	0.3917	0.0568	0.3172	0.4574	-0.0557	0.4784	0.0976	-0.156	
0.8	1.0694	-0.3391	0.4249	0.3208	0.7399	0.3552	0.1582	0.677	0.4261	0.0675	0.3224	0.4829	-0.0472	0.4912	0.1054	-0.1688	
0.82	1.0742	-0.3389	0.4247	0.3304	0.7459	0.3924	0.1717	0.6855	0.4646	0.0795	0.324	0.5073	-0.0365	0.5026	0.1125	-0.1827	
0.84	1.079	-0.3388	0.4244	0.3399	0.7519	0.4295	0.1853	0.6941	0.5032	0.0916	0.3255	0.5317	-0.0258	0.5139	0.1196	-0.1966	
0.86	1.0838	-0.3386	0.4242	0.3495	0.7579	0.4666	0.1988	0.7027	0.5418	0.1037	0.3271	0.5561	-0.0151	0.5252	0.1267	-0.2106	
0.88	1.0886	-0.3384	0.4239	0.3591	0.764	0.5037	0.2123	0.7113	0.5803	0.1157	0.3287	0.5805	-0.0044	0.5365	0.1338	-0.2245	
