0	0.3998	0.3771	0.1639	0.0268	-0.0528	0.0008	0.0221	0.0644	0.0946	-0.0285	0.0414	0.1208	0.0253	0.151	0.0699	-0.0981	
0.02	0.4254	0.3422	0.1645	0.0614	-0.0517	0.0472	0.0366	0.0309	0.1627	-0.0051	0.0316	0.2627	0.0806	0.1455	0.2428	0.0009	
0.04	0.451	0.3074	0.165	0.0961	-0.0506	0.0936	0.0511	-0.0026	0.2308	0.0183	0.0218	0.4045	0.1359	0.1399	0.4157	0.0999	
0.06	0.4766	0.2726	0.1655	0.1307	-0.0495	0.1399	0.0656	-0.0362	0.2989	0.0417	0.012	0.5464	0.1912	0.1344	0.5886	0.199	
0.08	0.5022	0.2378	0.166	0.1654	-0.0484	0.1863	0.0801	-0.0697	0.367	0.0651	0.0022	0.6882	0.2465	0.1289	0.7615	0.298	
0.1	0.5258	0.2045	0.1674	0.1959	-0.0464	0.2335	0.0962	-0.0944	0.4317	0.0901	0.0073	0.8149	0.2924	0.1374	0.921	0.3775	
0.12	0.5477	0.1751	0.1696	0.228	-0.0435	0.2864	0.116	-0.1103	0.4936	0.1193	0.0268	0.9285	0.3307	0.1561	1.0524	0.4488	
0.14	0.5681	0.1494	0.1728	0.2601	-0.0394	0.3428	0.1388	-0.1157	0.551	0.1512	0.0595	1.029	0.3601	0.1849	1.1575	0.5099	
0.16	0.5869	0.1273	0.1769	0.2907	-0.0337	0.4001	0.1636	-0.1095	0.6026	0.1843	0.104	1.1166	0.3801	0.2229	1.2404	0.5585	
0.18	0.6042	0.1081	0.1818	0.3179	-0.0261	0.4559	0.1891	-0.0916	0.6474	0.2167	0.1575	1.1918	0.3904	0.2687	1.3053	0.5929	
0.2	0.6203	0.0916	0.1872	0.3409	-0.016	0.5083	0.2143	-0.0635	0.6845	0.2471	0.2161	1.2562	0.3923	0.3201	1.3563	0.6137	
0.22	0.6357	0.0774	0.1926	0.3599	-0.0034	0.5558	0.2385	-0.0274	0.7135	0.2746	0.2753	1.3126	0.3882	0.3744	1.3963	0.6236	
0.24	0.6511	0.0655	0.1972	0.3756	0.0114	0.5975	0.2612	0.0143	0.7348	0.2987	0.331	1.3635	0.3807	0.4287	1.4276	0.6268	
0.26	0.667	0.0557	0.2003	0.3892	0.0281	0.6333	0.2823	0.0595	0.7496	0.319	0.3805	1.4101	0.3719	0.48	1.4521	0.6274	
0.28	0.6836	0.0478	0.2015	0.4015	0.0459	0.6637	0.3017	0.1064	0.7601	0.3355	0.4229	1.4525	0.3635	0.5261	1.4713	0.628	
0.3	0.701	0.0417	0.2006	0.4129	0.0645	0.6892	0.3194	0.1535	0.7683	0.3487	0.4586	1.4893	0.3561	0.5657	1.4865	0.6295	
0.32	0.7192	0.0369	0.1975	0.4236	0.0836	0.7108	0.3355	0.1991	0.7761	0.3589	0.4887	1.5196	0.3501	0.599	1.4983	0.6319	
0.34	0.7383	0.0334	0.1926	0.4337	0.1028	0.7288	0.3499	0.2417	0.7843	0.367	0.5143	1.5427	0.3459	0.6269	1.5071	0.6347	
0.36	0.7583	0.0307	0.1862	0.4429	0.1223	0.7436	0.363	0.2806	0.7934	0.3733	0.5364	1.559	0.3432	0.6506	1.5129	0.6376	
0.38	0.7793	0.029	0.1788	0.4511	0.1419	0.7552	0.3749	0.3158	0.803	0.3782	0.5559	1.5696	0.342	0.6712	1.5161	0.6406	
0.4	0.8007	0.028	0.1709	0.4583	0.1618	0.7637	0.3855	0.348	0.8127	0.3819	0.573	1.5758	0.3418	0.6893	1.5173	0.6442	
0.42	0.8219	0.0275	0.163	0.4645	0.1818	0.7695	0.3946	0.3777	0.8222	0.3843	0.5881	1.5789	0.342	0.7048	1.5173	0.6484	
0.44	0.8419	0.0275	0.1555	0.4694	0.2016	0.7729	0.402	0.4049	0.8309	0.3856	0.6015	1.58	0.3423	0.7181	1.5169	0.6532	
0.46	0.8599	0.0276	0.1486	0.4731	0.2208	0.7746	0.4077	0.4292	0.8387	0.386	0.6133	1.5801	0.3424	0.7295	1.5165	0.6583	
0.48	0.8755	0.0277	0.1422	0.4756	0.2389	0.7752	0.4116	0.4503	0.8453	0.386	0.624	1.5799	0.3424	0.7399	1.5164	0.6634	
0.5	0.8883	0.0277	0.136	0.477	0.2553	0.7752	0.414	0.4679	0.8506	0.3858	0.6338	1.5797	0.3423	0.7503	1.5165	0.6681	
0.52	0.8985	0.0277	0.1298	0.4775	0.2697	0.775	0.4152	0.4825	0.8546	0.3857	0.6432	1.5796	0.3422	0.761	1.5167	0.6724	
0.54	0.9059	0.0277	0.1233	0.4775	0.2817	0.7749	0.4156	0.4944	0.8572	0.3857	0.6525	1.5797	0.3422	0.7723	1.5168	0.676	
0.56	0.9106	0.0276	0.1166	0.4773	0.2909	0.7749	0.4155	0.5038	0.8586	0.3857	0.6619	1.5798	0.3422	0.7837	1.5168	0.6788	
0.58	0.9131	0.0276	0.1098	0.4772	0.2973	0.7749	0.4154	0.511	0.8592	0.3858	0.6715	1.5798	0.3423	0.7944	1.5167	0.6806	
0.6	0.914	0.0277	0.1029	0.4772	0.301	0.775	0.4153	0.5162	0.8592	0.3858	0.6814	1.5798	0.3423	0.8039	1.5167	0.6816	
0.62	0.9137	0.0277	0.0956	0.4772	0.3017	0.775	0.4153	0.5194	0.859	0.3858	0.6916	1.5798	0.3423	0.8137	1.5167	0.6815	
0.64	0.9133	0.0277	0.0882	0.4773	0.3023	0.775	0.4154	0.5227	0.8589	0.3858	0.7017	1.5797	0.3423	0.8235	1.5167	0.6815	
0.66	0.913	0.0277	0.0808	0.4773	0.3029	0.775	0.4154	0.5259	0.8587	0.3857	0.7118	1.5797	0.3423	0.8333	1.5167	0.6814	
0.68	0.9127	0.0277	0.0734	0.4774	0.3035	0.775	0.4155	0.5291	0.8585	0.3857	0.722	1.5797	0.3423	0.8431	1.5167	0.6814	
