0	0.2715	0.4474	0.2686	0.1732	0.1234	0.0369	0.0846	0.0567	0.0091	-0.0182	0.042	-0.0091	0.1045	0.0369	-0.0342	0.0509	
0.02	0.2716	0.4406	0.2686	0.1733	0.1234	0.0508	0.0913	0.0607	0.0266	-0.0169	0.0425	0.0269	0.1057	0.0446	-0.0056	0.0519	
0.04	0.2716	0.4337	0.2686	0.1734	0.1234	0.0647	0.098	0.0647	0.0441	-0.0156	0.0429	0.0629	0.1069	0.0522	0.023	0.053	
0.06	0.2717	0.4268	0.2686	0.1735	0.1233	0.0787	0.1046	0.0688	0.0616	-0.0144	0.0434	0.0989	0.1081	0.0599	0.0516	0.054	
0.08	0.2717	0.42	0.2686	0.1736	0.1233	0.0926	0.1113	0.0728	0.0791	-0.0131	0.0438	0.1349	0.1093	0.0675	0.0802	0.0551	
0.1	0.2717	0.4134	0.2686	0.174	0.1234	0.1103	0.1184	0.0783	0.098	-0.0109	0.0454	0.1725	0.1113	0.0788	0.1118	0.0568	
0.12	0.2715	0.4062	0.2686	0.1746	0.1238	0.1343	0.1279	0.0862	0.1221	-0.0076	0.0481	0.2173	0.1147	0.0943	0.1484	0.0596	
0.14	0.271	0.3984	0.2686	0.1756	0.1246	0.166	0.1405	0.0968	0.1531	-0.0025	0.0523	0.2702	0.1205	0.115	0.1915	0.064	
0.16	0.27	0.3903	0.2686	0.1769	0.126	0.2061	0.157	0.1106	0.1931	0.0055	0.0581	0.3318	0.1304	0.1422	0.2424	0.071	
0.18	0.2683	0.382	0.2687	0.1786	0.1281	0.2546	0.1773	0.1278	0.2436	0.0181	0.0656	0.4022	0.1459	0.1774	0.3013	0.0814	
0.2	0.2657	0.3733	0.2687	0.1808	0.1312	0.3108	0.2014	0.1481	0.3053	0.037	0.0746	0.4804	0.1684	0.222	0.3677	0.096	
0.22	0.262	0.3639	0.2689	0.1836	0.1351	0.3736	0.2288	0.171	0.3773	0.064	0.0855	0.5651	0.1989	0.2772	0.4403	0.115	
0.24	0.2571	0.3536	0.2692	0.1874	0.1402	0.4407	0.2591	0.1961	0.4578	0.1003	0.099	0.6545	0.2375	0.3431	0.5173	0.1381	
0.26	0.2508	0.342	0.2697	0.1924	0.1464	0.5098	0.2918	0.2232	0.5446	0.1464	0.1163	0.7469	0.2835	0.4192	0.5967	0.1645	
0.28	0.2431	0.3294	0.2705	0.1986	0.1544	0.5786	0.3263	0.2522	0.6354	0.2015	0.1388	0.8409	0.3353	0.5042	0.6763	0.1932	
0.3	0.2344	0.316	0.2717	0.2063	0.1644	0.6454	0.3618	0.2826	0.7277	0.2638	0.1679	0.9346	0.3907	0.5958	0.7536	0.2227	
0.32	0.225	0.3022	0.2732	0.2154	0.1771	0.7088	0.3976	0.3142	0.8185	0.3306	0.2042	1.0255	0.4468	0.691	0.8259	0.2519	
0.34	0.2157	0.2886	0.2752	0.2258	0.193	0.7677	0.4331	0.3464	0.9041	0.399	0.2476	1.1108	0.5007	0.7865	0.8909	0.2796	
0.36	0.2069	0.2752	0.2776	0.2375	0.2126	0.8215	0.4682	0.3794	0.9812	0.4661	0.2971	1.1874	0.5501	0.8786	0.9471	0.3048	
0.38	0.199	0.2622	0.2803	0.2504	0.2366	0.8699	0.5031	0.4135	1.0478	0.5295	0.3515	1.2535	0.5935	0.9639	0.9943	0.3268	
0.4	0.1923	0.2499	0.2834	0.2647	0.2654	0.9132	0.5381	0.4496	1.1034	0.5873	0.4096	1.3087	0.6298	1.0401	1.0332	0.3453	
0.42	0.1869	0.2382	0.2872	0.2807	0.2995	0.9526	0.5731	0.4883	1.149	0.6382	0.4698	1.3538	0.6591	1.1058	1.0647	0.3602	
0.44	0.1829	0.2275	0.2924	0.2987	0.3387	0.9891	0.6078	0.5292	1.1864	0.6818	0.5304	1.3902	0.6818	1.161	1.0904	0.3718	
0.46	0.1802	0.2178	0.2995	0.3186	0.3821	1.0238	0.6414	0.5716	1.2171	0.7182	0.5893	1.4193	0.6993	1.2066	1.1114	0.3809	
0.48	0.1788	0.2093	0.3091	0.3405	0.4281	1.0566	0.6729	0.614	1.2424	0.7484	0.6448	1.4422	0.713	1.2444	1.1291	0.3879	
0.5	0.1783	0.2018	0.3218	0.3642	0.4751	1.0869	0.7018	0.6557	1.2631	0.7741	0.6961	1.4598	0.7247	1.2763	1.1446	0.3936	
0.52	0.1783	0.1952	0.3377	0.3895	0.5215	1.1137	0.7276	0.6961	1.2805	0.7966	0.7432	1.4734	0.7357	1.3039	1.1587	0.3981	
0.54	0.1784	0.1896	0.3565	0.4168	0.5667	1.1363	0.7502	0.7354	1.2956	0.8172	0.7869	1.4843	0.7467	1.3284	1.1721	0.4017	
0.56	0.1786	0.185	0.3777	0.4466	0.6107	1.1547	0.77	0.7735	1.3097	0.8364	0.8281	1.4937	0.7579	1.3504	1.185	0.4042	
0.58	0.1786	0.1814	0.4005	0.4795	0.6539	1.1693	0.7873	0.8099	1.3236	0.8543	0.867	1.5022	0.7692	1.3697	1.1974	0.4057	
0.6	0.1786	0.1789	0.4235	0.5161	0.6967	1.1806	0.8026	0.8437	1.3378	0.8708	0.903	1.5103	0.7805	1.3864	1.209	0.4062	
0.62	0.1785	0.1775	0.4454	0.5565	0.7388	1.1888	0.8161	0.8741	1.3519	0.8862	0.9352	1.5178	0.7918	1.4002	1.2195	0.4063	
0.64	0.1785	0.177	0.465	0.6007	0.7802	1.1943	0.8283	0.9004	1.3657	0.9009	0.9629	1.5244	0.8032	1.4111	1.2285	0.4061	
0.66	0.1785	0.1769	0.4814	0.6487	0.8211	1.1975	0.8394	0.9228	1.3788	0.9153	0.9855	1.5297	0.8147	1.4191	1.2356	0.4059	
0.68	0.1785	0.1771	0.4958	0.6992	0.8641	1.198	0.8518	0.9469	1.3939	0.9295	1.0067	1.5338	0.8265	1.4237	1.2412	0.406	
0.7	0.1785	0.1772	0.5103	0.7497	0.9071	1.1986	0.8641	0.971	1.4091	0.9438	1.0279	1.5379	0.8382	1.4284	1.2468	0.406	
0.72	0.1785	0.1774	0.5247	0.8002	0.9501	1.1991	0.8765	0.995	1.4243	0.958	1.0491	1.542	0.85	1.433	1.2523	0.406	
0.74	0.1786	0.1776	0.5392	0.8507	0.9931	1.1997	0.8888	1.0191	1.4394	0.9722	1.0703	1.5461	0.8618	1.4377	1.2579	0.406	
