0	0.4962	0.3577	0.1374	0.0223	-0.1124	-0.022	0.0252	0.0773	0.1503	-0.2073	0.0585	0.0108	-0.2395	0.019	-0.0688	-0.3194	
0.02	0.5409	0.3248	0.1586	0.0589	-0.1166	0.0408	0.0579	0.0241	0.2244	-0.1677	0.0295	0.0767	-0.2039	0.0264	-0.035	-0.2989	
0.04	0.5857	0.2918	0.1797	0.0955	-0.1208	0.1036	0.0905	-0.0292	0.2985	-0.1281	0.0005	0.1426	-0.1683	0.0339	-0.0011	-0.2784	
0.06	0.6304	0.2588	0.2009	0.132	-0.125	0.1664	0.1232	-0.0825	0.3726	-0.0885	-0.0286	0.2085	-0.1327	0.0413	0.0328	-0.2579	
0.08	0.6752	0.2258	0.2221	0.1686	-0.1292	0.2292	0.1559	-0.1358	0.4467	-0.0489	-0.0576	0.2745	-0.0971	0.0487	0.0667	-0.2374	
0.1	0.7168	0.1947	0.2415	0.2019	-0.1338	0.2906	0.1882	-0.1852	0.5144	-0.0103	-0.0824	0.3361	-0.0642	0.0561	0.1045	-0.2156	
0.12	0.7495	0.1685	0.2584	0.2357	-0.1443	0.3512	0.2227	-0.2307	0.573	0.0254	-0.1072	0.3923	-0.0325	0.0646	0.1419	-0.1931	
0.14	0.7744	0.147	0.2725	0.2686	-0.1595	0.4088	0.2578	-0.271	0.6218	0.058	-0.1309	0.4419	-0.0025	0.0739	0.1789	-0.1693	
0.16	0.7931	0.1296	0.2842	0.2989	-0.1771	0.4616	0.2917	-0.3055	0.6612	0.0873	-0.1522	0.4842	0.0247	0.0835	0.2153	-0.1441	
0.18	0.8074	0.1156	0.2937	0.3255	-0.1949	0.5082	0.3227	-0.3333	0.6921	0.1137	-0.1696	0.5192	0.0487	0.0931	0.2508	-0.1177	
0.2	0.8194	0.1042	0.301	0.3475	-0.2104	0.5477	0.3498	-0.3541	0.7158	0.1374	-0.1827	0.5475	0.0689	0.1024	0.2849	-0.0908	
0.22	0.8306	0.0948	0.3063	0.3649	-0.2222	0.5795	0.3723	-0.3681	0.734	0.1584	-0.1916	0.5703	0.0855	0.1112	0.3169	-0.0643	
0.24	0.8419	0.0869	0.3098	0.378	-0.2293	0.6032	0.3901	-0.3757	0.7479	0.1768	-0.197	0.5883	0.0989	0.1194	0.346	-0.0389	
0.26	0.8538	0.0801	0.312	0.3877	-0.2317	0.6198	0.4037	-0.3776	0.7586	0.1925	-0.1995	0.6024	0.1097	0.1271	0.3711	-0.0156	
0.28	0.8661	0.0741	0.3134	0.3953	-0.2292	0.6306	0.414	-0.3745	0.7671	0.2056	-0.1998	0.6133	0.1183	0.1346	0.3915	0.0049	
0.3	0.8788	0.0684	0.3146	0.4017	-0.222	0.6377	0.4218	-0.3673	0.7742	0.2166	-0.1981	0.6219	0.1252	0.142	0.4069	0.0219	
0.32	0.8916	0.0626	0.3156	0.4077	-0.2105	0.6431	0.4283	-0.3565	0.7805	0.2257	-0.1945	0.6292	0.1308	0.1496	0.4179	0.0351	
0.34	0.9044	0.0566	0.3167	0.4137	-0.1952	0.6481	0.4339	-0.3425	0.7863	0.2332	-0.1894	0.6361	0.1354	0.1575	0.4257	0.0445	
0.36	0.9173	0.0506	0.3175	0.4195	-0.1769	0.6534	0.4389	-0.3257	0.7918	0.2393	-0.1829	0.6429	0.1391	0.1657	0.4317	0.0508	
0.38	0.9302	0.0447	0.3182	0.4251	-0.1567	0.6592	0.4435	-0.3066	0.7971	0.2438	-0.1755	0.6501	0.1424	0.1741	0.4371	0.0548	
0.4	0.9432	0.0393	0.3186	0.4305	-0.1354	0.6654	0.4474	-0.2858	0.8021	0.2469	-0.1673	0.6573	0.1454	0.1828	0.4426	0.0575	
0.42	0.9563	0.0344	0.3188	0.4357	-0.114	0.6721	0.4505	-0.2639	0.8068	0.2485	-0.1586	0.6644	0.1484	0.1918	0.4483	0.0596	
0.44	0.9692	0.0303	0.3188	0.4407	-0.0929	0.6792	0.4529	-0.2416	0.8112	0.2491	-0.1494	0.6711	0.1513	0.201	0.4543	0.0616	
0.46	0.9821	0.0269	0.3187	0.4456	-0.0725	0.6868	0.4544	-0.2191	0.8154	0.2491	-0.14	0.677	0.1543	0.2104	0.4605	0.0636	
0.48	0.9948	0.0244	0.3184	0.4505	-0.0527	0.6946	0.4553	-0.1966	0.8194	0.2489	-0.1305	0.682	0.1574	0.2198	0.4669	0.0656	
0.5	1.0075	0.0226	0.318	0.4554	-0.0333	0.7022	0.4556	-0.1736	0.8232	0.2487	-0.1212	0.6861	0.1606	0.2291	0.4736	0.0676	
0.52	1.0201	0.0216	0.3174	0.4603	-0.014	0.7094	0.4556	-0.1502	0.8269	0.2486	-0.1125	0.6893	0.164	0.2379	0.4808	0.0695	
0.54	1.0324	0.0213	0.3166	0.4652	0.0055	0.7157	0.4555	-0.1262	0.8305	0.2487	-0.1047	0.6916	0.1675	0.246	0.4883	0.0714	
0.56	1.0445	0.0212	0.3156	0.4701	0.0251	0.7211	0.4554	-0.1019	0.8339	0.2488	-0.0978	0.6931	0.1712	0.2531	0.4961	0.0732	
0.58	1.0563	0.0214	0.3144	0.4754	0.0447	0.7254	0.4554	-0.0777	0.8373	0.2488	-0.0921	0.6939	0.1751	0.2592	0.5042	0.0751	
0.6	1.0679	0.0215	0.313	0.4812	0.0634	0.7285	0.4554	-0.0539	0.8405	0.2488	-0.0876	0.6942	0.1791	0.2641	0.5125	0.077	
0.62	1.0795	0.0215	0.3115	0.4878	0.0808	0.7306	0.4555	-0.0306	0.8437	0.2488	-0.0842	0.6942	0.1832	0.2678	0.5209	0.0791	
0.64	1.0913	0.0215	0.3098	0.4953	0.0963	0.7317	0.4555	-0.0079	0.8468	0.2488	-0.082	0.6941	0.1874	0.2705	0.5294	0.0814	
0.66	1.1032	0.0214	0.3079	0.5039	0.1097	0.7321	0.4555	0.014	0.8498	0.2488	-0.0807	0.694	0.1914	0.2722	0.5377	0.0844	
0.68	1.115	0.0214	0.3058	0.5137	0.1207	0.7322	0.4555	0.0348	0.8526	0.2488	-0.0803	0.694	0.1951	0.2732	0.5458	0.0882	
0.7	1.1264	0.0214	0.303	0.5246	0.1292	0.732	0.4555	0.0543	0.8552	0.2488	-0.0803	0.6941	0.1985	0.2735	0.5533	0.093	
0.72	1.1368	0.0214	0.2992	0.5368	0.135	0.7319	0.4554	0.0723	0.8576	0.2488	-0.0804	0.6941	0.2014	0.2735	0.5601	0.0987	
0.74	1.146	0.0214	0.294	0.5506	0.1384	0.7319	0.4554	0.0886	0.8596	0.2488	-0.0805	0.6941	0.2038	0.2734	0.5659	0.1053	
0.76	1.1538	0.0214	0.2871	0.5658	0.1397	0.7319	0.4555	0.1034	0.8613	0.2488	-0.0806	0.6941	0.2057	0.2733	0.5706	0.1123	
0.78	1.1601	0.0214	0.2785	0.5818	0.1399	0.732	0.4555	0.1169	0.8626	0.2488	-0.0805	0.6941	0.2071	0.2733	0.5744	0.1195	
0.8	1.1648	0.0214	0.2684	0.598	0.1395	0.732	0.4555	0.129	0.8637	0.2488	-0.0805	0.6941	0.208	0.2733	0.5771	0.1265	
0.82	1.1681	0.0214	0.257	0.6134	0.1391	0.732	0.4555	0.1398	0.8644	0.2488	-0.0805	0.6941	0.2085	0.2733	0.5789	0.1328	
0.84	1.1699	0.0214	0.2447	0.6274	0.139	0.732	0.4555	0.149	0.8649	0.2488	-0.0805	0.6941	0.2086	0.2734	0.5798	0.1382	
0.86	1.1701	0.0214	0.2304	0.6426	0.1391	0.732	0.4555	0.158	0.865	0.2488	-0.0805	0.6941	0.2086	0.2733	0.58	0.1432	
0.88	1.1704	0.0214	0.2161	0.6577	0.1393	0.732	0.4555	0.1669	0.8652	0.2488	-0.0805	0.6941	0.2085	0.2733	0.5801	0.1481	
0.9	1.1707	0.0214	0.2018	0.6728	0.1394	0.732	0.4555	0.1758	0.8654	0.2488	-0.0805	0.6941	0.2085	0.2733	0.5802	0.1531	
0.92	1.171	0.0214	0.1875	0.6879	0.1396	0.7319	0.4555	0.1848	0.8655	0.2488	-0.0805	0.6941	0.2084	0.2733	0.5804	0.158	
