0	0.7734	0.2546	-0.0722	-0.0351	0.3042	-0.0345	-0.0916	0.1485	0.0333	-0.0676	0.1873	0.0344	-0.1847	0.1464	-0.2228	0.1865	
0.02	0.8056	0.238	-0.061	-0.0351	0.3041	-0.0345	-0.0887	0.1456	0.0337	-0.0676	0.1731	0.0392	-0.1847	0.1261	-0.2228	0.1864	
0.04	0.8378	0.2214	-0.0498	-0.0351	0.3041	-0.0345	-0.0858	0.1427	0.0341	-0.0676	0.1589	0.0441	-0.1847	0.1059	-0.2228	0.1864	
0.06	0.8699	0.2048	-0.0386	-0.0351	0.3041	-0.0346	-0.0829	0.1397	0.0345	-0.0676	0.1447	0.0489	-0.1847	0.0856	-0.2228	0.1864	
0.08	0.9021	0.1882	-0.0275	-0.0351	0.3041	-0.0346	-0.08	0.1368	0.0349	-0.0676	0.1305	0.0538	-0.1847	0.0654	-0.2228	0.1864	
0.1	0.9358	0.1722	-0.0207	-0.0351	0.3041	-0.0345	-0.0765	0.1327	0.0357	-0.0676	0.1184	0.0596	-0.1847	0.0466	-0.2228	0.1864	
0.12	0.9712	0.1562	-0.0162	-0.0352	0.3041	-0.0343	-0.0723	0.1272	0.0369	-0.0676	0.1053	0.0664	-0.1847	0.0269	-0.2228	0.1865	
0.14	1.0076	0.1405	-0.0151	-0.0351	0.3045	-0.0337	-0.0671	0.1205	0.0386	-0.0676	0.092	0.0735	-0.1847	0.0069	-0.2228	0.1866	
0.16	1.0445	0.1253	-0.019	-0.0351	0.3053	-0.0326	-0.0612	0.1129	0.0409	-0.0676	0.079	0.0806	-0.1847	-0.0126	-0.2228	0.187	
0.18	1.0811	0.1105	-0.0286	-0.035	0.3066	-0.0309	-0.0547	0.1048	0.0438	-0.0676	0.0673	0.0874	-0.1847	-0.0307	-0.2228	0.1876	
0.2	1.1171	0.0962	-0.0438	-0.0348	0.3086	-0.0284	-0.0477	0.0968	0.0473	-0.0676	0.0573	0.0935	-0.1847	-0.0471	-0.2228	0.1885	
0.22	1.1519	0.0823	-0.0635	-0.0346	0.3114	-0.0252	-0.0404	0.0895	0.0515	-0.0676	0.0489	0.0984	-0.1847	-0.0616	-0.2228	0.1897	
0.24	1.1849	0.0686	-0.086	-0.0341	0.315	-0.0212	-0.033	0.0837	0.0561	-0.0676	0.0418	0.1019	-0.1847	-0.0745	-0.2228	0.1914	
0.26	1.2155	0.0552	-0.1092	-0.0334	0.3196	-0.0161	-0.0254	0.0798	0.0613	-0.0676	0.0358	0.104	-0.1847	-0.0859	-0.2228	0.1936	
0.28	1.2432	0.0424	-0.1313	-0.0322	0.3255	-0.0093	-0.0178	0.0783	0.0668	-0.0676	0.0307	0.1048	-0.1847	-0.0961	-0.2228	0.1962	
0.3	1.2679	0.0305	-0.1509	-0.0307	0.3332	-0.0002	-0.0102	0.0793	0.0727	-0.0676	0.0266	0.1049	-0.1847	-0.1052	-0.2228	0.1992	
0.32	1.2899	0.0196	-0.1671	-0.0287	0.3429	0.0123	-0.0025	0.0828	0.0787	-0.0676	0.0238	0.1046	-0.1847	-0.1132	-0.2228	0.2024	
0.34	1.3093	0.0102	-0.1794	-0.0263	0.3549	0.0287	0.0053	0.0887	0.0849	-0.0675	0.0223	0.1044	-0.1847	-0.1203	-0.2228	0.2057	
0.36	1.3264	0.0022	-0.1878	-0.0237	0.369	0.0496	0.013	0.0968	0.0911	-0.0674	0.0225	0.1043	-0.1847	-0.1267	-0.2228	0.2087	
0.38	1.3413	-0.0041	-0.1929	-0.0208	0.3853	0.0754	0.0204	0.1071	0.0973	-0.0672	0.0243	0.1044	-0.1847	-0.1325	-0.2228	0.2114	
0.4	1.3541	-0.0087	-0.1952	-0.0171	0.4037	0.1065	0.0277	0.1196	0.1034	-0.067	0.0277	0.1044	-0.1847	-0.1378	-0.2228	0.2137	
0.42	1.3651	-0.0117	-0.1959	-0.0118	0.4244	0.1434	0.0351	0.1344	0.1094	-0.0665	0.0327	0.1045	-0.1847	-0.1428	-0.2228	0.2156	
0.44	1.3745	-0.0133	-0.1957	-0.0041	0.4477	0.1863	0.0432	0.1514	0.1154	-0.066	0.039	0.1045	-0.1847	-0.1474	-0.2228	0.2169	
0.46	1.383	-0.0139	-0.1954	0.0072	0.4736	0.2352	0.0529	0.1705	0.1212	-0.0653	0.0465	0.1045	-0.1847	-0.1516	-0.2228	0.2178	
0.48	1.3909	-0.0138	-0.1952	0.0231	0.5018	0.2898	0.0648	0.1915	0.1269	-0.0644	0.0549	0.1045	-0.1847	-0.1554	-0.2228	0.2183	
0.5	1.3989	-0.0136	-0.1952	0.044	0.5319	0.3491	0.0796	0.214	0.1326	-0.0634	0.0638	0.1044	-0.1847	-0.1586	-0.2228	0.2185	
0.52	1.4071	-0.0135	-0.1953	0.0702	0.5632	0.4121	0.0975	0.2374	0.1382	-0.0622	0.073	0.1044	-0.1847	-0.1613	-0.2228	0.2185	
0.54	1.4158	-0.0135	-0.1954	0.1014	0.5949	0.4774	0.1185	0.2612	0.1439	-0.0608	0.082	0.1045	-0.1847	-0.1634	-0.2228	0.2185	
0.56	1.4251	-0.0135	-0.1955	0.1372	0.626	0.5436	0.1426	0.2847	0.1497	-0.0593	0.0907	0.1045	-0.1847	-0.1649	-0.2228	0.2184	
0.58	1.4349	-0.0136	-0.1954	0.1768	0.6554	0.609	0.1692	0.3073	0.1556	-0.0577	0.099	0.1045	-0.1847	-0.1657	-0.2228	0.2184	
0.6	1.445	-0.0136	-0.1954	0.2193	0.6821	0.672	0.1981	0.3284	0.1615	-0.056	0.1067	0.1045	-0.1847	-0.1658	-0.2228	0.2184	
0.62	1.4552	-0.0136	-0.1954	0.264	0.7052	0.7313	0.2284	0.3476	0.1672	-0.0542	0.1139	0.1045	-0.1847	-0.1651	-0.2228	0.2184	
0.64	1.4649	-0.0136	-0.1954	0.3102	0.724	0.7859	0.2592	0.3649	0.1725	-0.0522	0.1205	0.1045	-0.1847	-0.1637	-0.2228	0.2185	
0.66	1.4739	-0.0136	-0.1954	0.3575	0.7385	0.8352	0.2897	0.3804	0.1773	-0.0502	0.1266	0.1045	-0.1847	-0.1616	-0.2228	0.2185	
0.68	1.4819	-0.0136	-0.1954	0.4055	0.7487	0.8789	0.3191	0.3945	0.1814	-0.0481	0.1325	0.1045	-0.1847	-0.1586	-0.2228	0.2184	
0.7	1.4887	-0.0136	-0.1954	0.4539	0.7552	0.9168	0.3467	0.4078	0.1848	-0.046	0.1381	0.1045	-0.1847	-0.1548	-0.2228	0.2184	
0.72	1.4942	-0.0136	-0.1954	0.5023	0.7587	0.9493	0.3723	0.4205	0.1875	-0.0441	0.1436	0.1045	-0.1847	-0.1502	-0.2228	0.2184	
0.74	1.4983	-0.0136	-0.1954	0.5498	0.7599	0.9773	0.3957	0.4327	0.1895	-0.0423	0.1491	0.1045	-0.1847	-0.1448	-0.2228	0.2184	
0.76	1.5011	-0.0136	-0.1954	0.5956	0.76	1.0016	0.417	0.4444	0.1907	-0.0408	0.1547	0.1045	-0.1847	-0.1388	-0.2228	0.2184	
0.78	1.5026	-0.0136	-0.1954	0.6387	0.7596	1.0231	0.4362	0.4554	0.1914	-0.0395	0.1604	0.1045	-0.1847	-0.1325	-0.2228	0.2184	
0.8	1.5031	-0.0136	-0.1954	0.6782	0.7593	1.0427	0.4534	0.4652	0.1917	-0.0385	0.1662	0.1045	-0.1847	-0.1263	-0.2228	0.2184	
0.82	1.5032	-0.0136	-0.1954	0.7138	0.7592	1.0607	0.4688	0.4737	0.1917	-0.0378	0.1722	0.1045	-0.1847	-0.1204	-0.2228	0.2184	
0.84	1.503	-0.0136	-0.1954	0.7452	0.7593	1.0773	0.4823	0.4807	0.1916	-0.0373	0.1785	0.1045	-0.1847	-0.1152	-0.2228	0.2184	
0.86	1.5028	-0.0136	-0.1954	0.7726	0.7594	1.0926	0.4945	0.4862	0.1915	-0.0371	0.185	0.1045	-0.1847	-0.1107	-0.2228	0.2184	
0.88	1.5028	-0.0136	-0.1954	0.7961	0.7595	1.1067	0.5054	0.4902	0.1915	-0.037	0.1916	0.1045	-0.1847	-0.1071	-0.2228	0.2184	
0.9	1.5028	-0.0136	-0.1954	0.8159	0.7595	1.1193	0.5154	0.4928	0.1915	-0.037	0.1983	0.1045	-0.1847	-0.1044	-0.2228	0.2184	
0.92	1.5029	-0.0136	-0.1954	0.8324	0.7595	1.1304	0.5246	0.4942	0.1916	-0.037	0.2048	0.1045	-0.1847	-0.1026	-0.2228	0.2184	
0.94	1.5029	-0.0136	-0.1954	0.8463	0.7594	1.1401	0.533	0.4947	0.1916	-0.0371	0.211	0.1045	-0.1847	-0.1016	-0.2228	0.2184	
0.96	1.5029	-0.0136	-0.1954	0.8612	0.7594	1.1499	0.5417	0.4946	0.1916	-0.037	0.2175	0.1045	-0.1847	-0.1014	-0.2228	0.2184	
0.98	1.5029	-0.0136	-0.1954	0.8761	0.7594	1.1596	0.5503	0.4944	0.1916	-0.037	0.224	0.1045	-0.1847	-0.1013	-0.2228	0.2184	
1	1.5029	-0.0136	-0.1954	0.891	0.7594	1.1694	0.559	0.4943	0.1915	-0.037	0.2305	0.1045	-0.1847	-0.1011	-0.2228	0.2184	
1.02	1.5028	-0.0136	-0.1954	0.906	0.7594	1.1792	0.5677	0.4942	0.1915	-0.037	0.2369	0.1045	-0.1847	-0.101	-0.2228	0.2184	
