0	0.3742	0.5508	0.1232	-0.0432	-0.023	-0.1276	0.1386	0.0354	0.0511	-0.0979	0.0135	-0.131	0.0825	0.0423	-0.0481	-0.0699	
0.02	0.3765	0.5225	0.1201	-0.0445	-0.0193	-0.1236	0.1386	0.0252	0.0537	-0.0979	-0.005	-0.1284	0.0825	0.0305	-0.0481	-0.0699	
0.04	0.3788	0.4942	0.1169	-0.0459	-0.0156	-0.1197	0.1386	0.0151	0.0563	-0.0979	-0.0235	-0.1258	0.0825	0.0187	-0.0481	-0.0699	
0.06	0.3811	0.4659	0.1138	-0.0473	-0.0119	-0.1158	0.1386	0.0049	0.0589	-0.0979	-0.0421	-0.1232	0.0825	0.0069	-0.0481	-0.0699	
0.08	0.3834	0.4376	0.1107	-0.0486	-0.0082	-0.1118	0.1386	-0.0052	0.0615	-0.0979	-0.0606	-0.1206	0.0825	-0.0048	-0.0481	-0.0699	
0.1	0.3876	0.4108	0.1076	-0.0512	-0.0039	-0.1076	0.1386	-0.0144	0.0649	-0.0979	-0.0773	-0.1172	0.0825	-0.0127	-0.048	-0.07	
0.12	0.3949	0.3838	0.1044	-0.0549	0.0014	-0.1026	0.1386	-0.0239	0.0692	-0.0979	-0.0871	-0.113	0.0825	-0.0189	-0.048	-0.0701	
0.14	0.4066	0.3568	0.1012	-0.0598	0.0076	-0.0971	0.1386	-0.0329	0.0745	-0.0979	-0.0905	-0.1079	0.0825	-0.0228	-0.0481	-0.0703	
0.16	0.424	0.3302	0.098	-0.0661	0.0146	-0.0911	0.1386	-0.0409	0.0807	-0.0979	-0.0886	-0.102	0.0825	-0.0238	-0.0481	-0.0707	
0.18	0.4477	0.304	0.0947	-0.0738	0.0224	-0.0849	0.1386	-0.0473	0.0877	-0.0979	-0.0826	-0.0955	0.0825	-0.0213	-0.0481	-0.0714	
0.2	0.478	0.2789	0.0914	-0.0828	0.0307	-0.0787	0.1386	-0.0516	0.0951	-0.0979	-0.0733	-0.0886	0.0824	-0.0153	-0.048	-0.0722	
0.22	0.515	0.2548	0.0881	-0.0931	0.0394	-0.0728	0.1386	-0.0535	0.1027	-0.0979	-0.0612	-0.0816	0.0822	-0.0056	-0.0477	-0.0734	
0.24	0.5583	0.232	0.0847	-0.1044	0.0485	-0.0672	0.1386	-0.0528	0.1103	-0.0979	-0.0465	-0.0747	0.0817	0.0076	-0.0471	-0.0748	
0.26	0.6074	0.2102	0.0813	-0.1164	0.0578	-0.062	0.1387	-0.0492	0.1176	-0.0979	-0.0292	-0.0678	0.0808	0.0243	-0.0461	-0.0764	
0.28	0.6611	0.1892	0.0779	-0.1288	0.0676	-0.0572	0.1388	-0.0425	0.1246	-0.0979	-0.0092	-0.0613	0.0796	0.0443	-0.0446	-0.0782	
0.3	0.7178	0.1689	0.0744	-0.1414	0.0782	-0.0529	0.139	-0.0328	0.131	-0.0979	0.0138	-0.0551	0.0778	0.0675	-0.0424	-0.0802	
0.32	0.7754	0.1493	0.0709	-0.154	0.0902	-0.0489	0.1394	-0.0199	0.1368	-0.0979	0.0399	-0.049	0.0755	0.0939	-0.0395	-0.0822	
0.34	0.832	0.1307	0.0673	-0.1664	0.1045	-0.0453	0.1399	-0.0036	0.1422	-0.0978	0.0698	-0.0429	0.0727	0.1235	-0.0357	-0.0843	
0.36	0.8864	0.1136	0.0638	-0.1783	0.1219	-0.0416	0.1406	0.0166	0.1471	-0.0976	0.104	-0.0361	0.0693	0.1565	-0.0311	-0.0863	
0.38	0.9383	0.0983	0.0601	-0.1895	0.1431	-0.0374	0.1416	0.042	0.1518	-0.0972	0.1429	-0.0281	0.0654	0.1937	-0.0256	-0.0882	
0.4	0.9878	0.0847	0.0565	-0.1997	0.1684	-0.032	0.1429	0.0741	0.1566	-0.0967	0.1874	-0.0186	0.0611	0.2362	-0.0192	-0.0898	
0.42	1.0351	0.0727	0.0528	-0.2084	0.1976	-0.0249	0.1445	0.1139	0.1615	-0.0959	0.2383	-0.0077	0.0566	0.2853	-0.0119	-0.0911	
0.44	1.08	0.0622	0.049	-0.2156	0.2303	-0.0157	0.1466	0.1616	0.1665	-0.095	0.2965	0.0045	0.052	0.3419	-0.0039	-0.0919	
0.46	1.1219	0.0528	0.0453	-0.221	0.2661	-0.004	0.1491	0.2163	0.1717	-0.0938	0.3621	0.0177	0.0473	0.4064	0.0047	-0.0922	
0.48	1.1601	0.0447	0.0415	-0.2243	0.3042	0.0107	0.1518	0.2764	0.177	-0.0922	0.4345	0.032	0.0428	0.4775	0.0138	-0.0921	
0.5	1.1947	0.0375	0.0376	-0.2244	0.344	0.0294	0.1547	0.3405	0.1831	-0.0903	0.5114	0.0487	0.0384	0.5531	0.0236	-0.0916	
0.52	1.2255	0.0313	0.0338	-0.2197	0.3844	0.0533	0.1578	0.4071	0.191	-0.0879	0.5902	0.0697	0.0345	0.6305	0.0344	-0.0905	
0.54	1.2529	0.0258	0.0298	-0.2081	0.4243	0.0837	0.1617	0.4749	0.2026	-0.0849	0.6679	0.0971	0.0312	0.7068	0.0471	-0.0882	
0.56	1.2766	0.0207	0.0258	-0.1878	0.4626	0.1207	0.1669	0.5416	0.2201	-0.0817	0.742	0.1324	0.0289	0.7795	0.0625	-0.0839	
0.58	1.2965	0.0159	0.0218	-0.1574	0.498	0.1638	0.1744	0.6048	0.2451	-0.0781	0.8107	0.1759	0.0281	0.8464	0.0817	-0.0766	
0.6	1.3123	0.0113	0.0177	-0.1166	0.5296	0.2116	0.185	0.6618	0.2784	-0.0745	0.8723	0.227	0.0293	0.9052	0.1052	-0.0655	
0.62	1.3242	0.007	0.0138	-0.0661	0.5569	0.2626	0.1991	0.7109	0.3197	-0.0704	0.9251	0.2844	0.0329	0.9545	0.133	-0.0501	
0.64	1.3328	0.0032	0.0102	-0.0074	0.5797	0.3156	0.2169	0.7519	0.3682	-0.0654	0.9678	0.3464	0.0397	0.9936	0.1643	-0.0303	
0.66	1.3389	-0.0002	0.0069	0.0573	0.598	0.3689	0.2384	0.7854	0.4222	-0.0583	1.0002	0.4109	0.05	1.0235	0.1976	-0.0065	
0.68	1.343	-0.003	0.0041	0.1255	0.6122	0.4207	0.2633	0.8126	0.4802	-0.0483	1.0232	0.475	0.0643	1.0457	0.2313	0.0209	
0.7	1.3454	-0.0051	0.0017	0.1946	0.6225	0.4688	0.2907	0.8348	0.5396	-0.0345	1.0387	0.5352	0.0824	1.0626	0.2636	0.051	
0.72	1.3462	-0.0067	-0.0001	0.2615	0.6291	0.511	0.3195	0.8527	0.5977	-0.0172	1.0488	0.5881	0.1038	1.0762	0.293	0.0825	
0.74	1.3455	-0.0077	-0.0014	0.3233	0.6326	0.546	0.3479	0.8673	0.6511	0.0031	1.0554	0.6313	0.128	1.0878	0.3182	0.1141	
0.76	1.3435	-0.0082	-0.0023	0.3773	0.634	0.5734	0.3742	0.8792	0.6971	0.0252	1.0597	0.6639	0.1539	1.098	0.3384	0.144	
0.78	1.3404	-0.0084	-0.0027	0.4221	0.634	0.5939	0.397	0.8894	0.7341	0.0479	1.0622	0.6869	0.1807	1.1068	0.3532	0.1709	
0.8	1.3368	-0.0084	-0.0029	0.4574	0.6336	0.6085	0.4154	0.8985	0.7618	0.0701	1.0633	0.7018	0.2077	1.114	0.3629	0.1939	
0.82	1.3318	-0.0084	-0.0029	0.4873	0.6334	0.6187	0.4313	0.9084	0.7838	0.0963	1.0632	0.7096	0.2357	1.1194	0.3664	0.2143	
0.84	1.3268	-0.0083	-0.0028	0.5173	0.6333	0.6288	0.4472	0.9182	0.8057	0.1226	1.063	0.7174	0.2636	1.1249	0.3699	0.2347	
0.86	1.3218	-0.0082	-0.0028	0.5472	0.6332	0.6389	0.4632	0.928	0.8276	0.1488	1.0629	0.7252	0.2916	1.1303	0.3734	0.2552	
0.88	1.3168	-0.0082	-0.0027	0.5771	0.633	0.6491	0.4791	0.9378	0.8496	0.1751	1.0627	0.7329	0.3196	1.1358	0.3769	0.2756	
