0	0.4653	0.38	0.2843	0.1377	0.1985	-0.0546	0.1219	0.2502	-0.0295	-0.1937	0.1712	-0.0041	-0.1091	0.0365	0.0284	-0.2242	
0.02	0.4941	0.3503	0.2801	0.135	0.2125	-0.0415	0.1222	0.2682	-0.0201	-0.1927	0.1712	0.0022	-0.1091	0.0365	0.0395	-0.2326	
0.04	0.523	0.3207	0.2759	0.1324	0.2265	-0.0283	0.1226	0.2861	-0.0106	-0.1917	0.1712	0.0086	-0.1091	0.0365	0.0505	-0.241	
0.06	0.5518	0.291	0.2716	0.1298	0.2405	-0.0152	0.1229	0.3041	-0.0011	-0.1908	0.1712	0.0149	-0.1091	0.0365	0.0615	-0.2495	
0.08	0.5806	0.2614	0.2674	0.1271	0.2545	-0.002	0.1233	0.322	0.0084	-0.1898	0.1712	0.0213	-0.1091	0.0365	0.0726	-0.2579	
0.1	0.6105	0.2321	0.2626	0.1233	0.2665	0.0107	0.1243	0.3403	0.018	-0.1879	0.1712	0.0278	-0.1091	0.0365	0.0809	-0.2652	
0.12	0.6396	0.2027	0.26	0.1183	0.2788	0.0226	0.126	0.3538	0.0293	-0.1851	0.1712	0.0352	-0.1091	0.0365	0.088	-0.2713	
0.14	0.6682	0.1737	0.2591	0.112	0.291	0.034	0.1286	0.3633	0.042	-0.1813	0.1712	0.0434	-0.1091	0.0365	0.0937	-0.2761	
0.16	0.6969	0.1456	0.2592	0.1045	0.3024	0.0452	0.1321	0.37	0.0558	-0.1765	0.1712	0.0522	-0.1091	0.0365	0.0976	-0.2796	
0.18	0.7256	0.1189	0.2596	0.0958	0.3126	0.0564	0.1366	0.3752	0.0704	-0.1705	0.1712	0.0613	-0.1091	0.0365	0.0996	-0.2821	
0.2	0.7542	0.0943	0.2598	0.0861	0.3213	0.0679	0.1422	0.3794	0.0857	-0.1635	0.1712	0.0707	-0.1091	0.0365	0.1001	-0.2837	
0.22	0.7828	0.0719	0.2599	0.0757	0.3288	0.0798	0.1487	0.383	0.1017	-0.1554	0.1712	0.0805	-0.1091	0.0365	0.0998	-0.2844	
0.24	0.8112	0.052	0.2598	0.0648	0.3354	0.0925	0.1561	0.386	0.1187	-0.1465	0.1712	0.0909	-0.1091	0.0365	0.0993	-0.2847	
0.26	0.8391	0.0342	0.2597	0.0537	0.3416	0.1062	0.1641	0.388	0.1372	-0.1369	0.1712	0.1023	-0.1091	0.0365	0.099	-0.2847	
0.28	0.8661	0.0183	0.2596	0.0426	0.3475	0.1213	0.1728	0.389	0.1578	-0.1265	0.1712	0.1146	-0.1091	0.0365	0.099	-0.2846	
0.3	0.8916	0.0038	0.2596	0.0317	0.3533	0.1382	0.182	0.3891	0.1809	-0.1154	0.1712	0.1279	-0.1091	0.0365	0.0991	-0.2845	
0.32	0.9155	-0.0094	0.2596	0.021	0.3589	0.157	0.1916	0.3882	0.2066	-0.1034	0.1712	0.1419	-0.1091	0.0365	0.0993	-0.2845	
0.34	0.9375	-0.0215	0.2597	0.0104	0.3643	0.1779	0.2017	0.3867	0.235	-0.0903	0.1712	0.156	-0.1091	0.0365	0.0993	-0.2846	
0.36	0.9583	-0.0325	0.2597	0	0.3696	0.2011	0.2121	0.3845	0.2657	-0.0761	0.1712	0.1698	-0.1091	0.0365	0.0993	-0.2846	
0.38	0.9782	-0.0424	0.2597	-0.0101	0.3747	0.227	0.223	0.3819	0.298	-0.061	0.1712	0.1831	-0.1091	0.0365	0.0993	-0.2846	
0.4	0.9976	-0.0513	0.2597	-0.0198	0.3797	0.2557	0.2343	0.3789	0.3311	-0.0456	0.1713	0.1954	-0.1091	0.0365	0.0992	-0.2846	
0.42	1.0163	-0.0593	0.2597	-0.0292	0.3846	0.2878	0.2462	0.3756	0.3634	-0.0305	0.1716	0.2064	-0.109	0.0365	0.0992	-0.2846	
0.44	1.0339	-0.0662	0.2597	-0.038	0.3893	0.3231	0.2587	0.372	0.3936	-0.0164	0.172	0.2159	-0.1089	0.0365	0.0992	-0.2846	
0.46	1.0499	-0.0723	0.2597	-0.0464	0.3939	0.3612	0.2717	0.3683	0.4205	-0.0039	0.1726	0.2237	-0.1086	0.0365	0.0992	-0.2846	
0.48	1.0637	-0.0776	0.2597	-0.0543	0.3982	0.4015	0.2854	0.3646	0.4433	0.0068	0.1735	0.23	-0.1081	0.0365	0.0993	-0.2846	
0.5	1.0755	-0.0823	0.2597	-0.0616	0.4024	0.4431	0.2997	0.3609	0.4616	0.0154	0.1748	0.235	-0.1075	0.0365	0.0993	-0.2846	
0.52	1.0856	-0.0865	0.2597	-0.0679	0.4063	0.4854	0.315	0.3573	0.4755	0.0219	0.1764	0.2393	-0.1067	0.0365	0.0993	-0.2846	
0.54	1.0943	-0.0906	0.2597	-0.0731	0.41	0.5275	0.3312	0.354	0.4853	0.0262	0.1783	0.2431	-0.1056	0.0365	0.0992	-0.2846	
0.56	1.102	-0.0945	0.2597	-0.0768	0.4135	0.5688	0.3484	0.351	0.4913	0.0286	0.1807	0.2468	-0.1043	0.0365	0.0992	-0.2846	
0.58	1.1092	-0.0985	0.2597	-0.0789	0.417	0.6087	0.3664	0.3484	0.4945	0.0296	0.1834	0.2505	-0.1027	0.0365	0.0992	-0.2846	
0.6	1.1161	-0.1024	0.2597	-0.0797	0.4205	0.6467	0.3852	0.3462	0.4956	0.0296	0.1864	0.2543	-0.1008	0.0365	0.0992	-0.2846	
0.62	1.123	-0.1064	0.2597	-0.0798	0.4241	0.6827	0.4043	0.3446	0.4955	0.0293	0.1899	0.2581	-0.0987	0.0365	0.0993	-0.2846	
0.64	1.1299	-0.1104	0.2597	-0.0791	0.4279	0.7172	0.4235	0.3436	0.4952	0.0291	0.1936	0.262	-0.0964	0.0365	0.0993	-0.2846	
0.66	1.1368	-0.1143	0.2597	-0.0771	0.4318	0.7504	0.4426	0.3433	0.4949	0.029	0.1976	0.266	-0.0938	0.0365	0.0993	-0.2846	
0.68	1.1436	-0.1182	0.2597	-0.0715	0.4359	0.7825	0.4614	0.3437	0.4948	0.0291	0.2018	0.2702	-0.091	0.0365	0.0993	-0.2846	
0.7	1.15	-0.1219	0.2597	-0.0589	0.4405	0.8138	0.4797	0.3449	0.4949	0.0292	0.2063	0.2744	-0.0881	0.0365	0.0992	-0.2846	
0.72	1.1559	-0.1257	0.2597	-0.0351	0.4457	0.8443	0.4978	0.3468	0.4951	0.0292	0.211	0.2787	-0.0849	0.0365	0.0992	-0.2846	
0.74	1.161	-0.1295	0.2597	0.004	0.4522	0.8741	0.5157	0.3493	0.4951	0.0292	0.2159	0.2832	-0.0817	0.0365	0.0992	-0.2846	
0.76	1.1653	-0.1336	0.2597	0.061	0.4604	0.9031	0.5336	0.3523	0.4951	0.0292	0.2211	0.2877	-0.0782	0.0365	0.0992	-0.2846	
0.78	1.1687	-0.1383	0.2597	0.137	0.4705	0.9315	0.5515	0.356	0.4951	0.0292	0.2264	0.2922	-0.0746	0.0365	0.0993	-0.2846	
0.8	1.1713	-0.1438	0.2597	0.2307	0.4824	0.9586	0.5691	0.3606	0.495	0.0292	0.2318	0.2967	-0.0709	0.0365	0.0993	-0.2846	
0.82	1.173	-0.1502	0.2597	0.3391	0.4954	0.984	0.5858	0.3665	0.495	0.0292	0.2371	0.3012	-0.067	0.0365	0.0993	-0.2846	
0.84	1.1739	-0.1573	0.2597	0.4576	0.509	1.0067	0.6012	0.374	0.495	0.0292	0.242	0.3055	-0.063	0.0365	0.0992	-0.2846	
0.86	1.1742	-0.1647	0.2597	0.5808	0.5225	1.0262	0.6148	0.3829	0.495	0.0292	0.2465	0.3095	-0.059	0.0365	0.0992	-0.2846	
0.88	1.1742	-0.1722	0.2597	0.7027	0.5352	1.0425	0.6265	0.3928	0.4951	0.0292	0.2504	0.313	-0.0551	0.0365	0.0992	-0.2846	
0.9	1.1741	-0.1792	0.2597	0.8181	0.5467	1.0557	0.6361	0.4032	0.4951	0.0292	0.2536	0.3161	-0.0514	0.0365	0.0992	-0.2846	
0.92	1.174	-0.1855	0.2597	0.9222	0.5563	1.0659	0.6434	0.4134	0.4951	0.0292	0.2562	0.3186	-0.0481	0.0365	0.0993	-0.2846	
0.94	1.1741	-0.1923	0.2597	1.0159	0.5644	1.0743	0.6478	0.4258	0.4951	0.0292	0.2581	0.3209	-0.0447	0.0365	0.0993	-0.2846	
0.96	1.1741	-0.1991	0.2597	1.1096	0.5725	1.0828	0.6523	0.4382	0.495	0.0292	0.2601	0.3231	-0.0413	0.0365	0.0993	-0.2846	
0.98	1.1741	-0.2059	0.2597	1.2033	0.5806	1.0912	0.6568	0.4506	0.495	0.0292	0.262	0.3254	-0.0379	0.0365	0.0992	-0.2846	
1	1.1741	-0.2127	0.2597	1.297	0.5887	1.0996	0.6613	0.463	0.495	0.0292	0.264	0.3277	-0.0345	0.0365	0.0992	-0.2846	
