0	0.2814	0.564	0.1052	-0.0597	0.0701	-0.1602	0.1263	0.1414	0.0822	-0.0849	0.0929	-0.1546	0.0832	0.0886	-0.0745	-0.0699	
0.02	0.285	0.5478	0.1015	-0.0596	0.0818	-0.1602	0.1263	0.1303	0.0851	-0.0849	0.0804	-0.1403	0.0829	0.0913	-0.0716	-0.0699	
0.04	0.2887	0.5316	0.0977	-0.0596	0.0935	-0.1602	0.1263	0.1192	0.0881	-0.0849	0.0679	-0.126	0.0825	0.094	-0.0686	-0.0699	
0.06	0.2923	0.5154	0.094	-0.0596	0.1052	-0.1602	0.1263	0.1081	0.091	-0.0849	0.0553	-0.1117	0.0822	0.0968	-0.0656	-0.0699	
0.08	0.2959	0.4991	0.0903	-0.0596	0.1168	-0.1602	0.1263	0.097	0.094	-0.0849	0.0428	-0.0974	0.0819	0.0995	-0.0626	-0.0699	
0.1	0.3013	0.4815	0.0862	-0.0596	0.1251	-0.1602	0.1264	0.0865	0.0974	-0.0849	0.0356	-0.084	0.0811	0.1084	-0.0583	-0.0699	
0.12	0.3093	0.4623	0.0812	-0.0597	0.1317	-0.1602	0.1267	0.0769	0.1017	-0.0849	0.0319	-0.0694	0.0796	0.1264	-0.0524	-0.0699	
0.14	0.3205	0.4409	0.0757	-0.0598	0.1356	-0.1602	0.1271	0.0682	0.1069	-0.0849	0.0327	-0.054	0.0774	0.1534	-0.045	-0.0699	
0.16	0.3351	0.4174	0.0698	-0.0601	0.136	-0.1602	0.1278	0.0605	0.1129	-0.0849	0.0393	-0.038	0.0745	0.1888	-0.0359	-0.0699	
0.18	0.3537	0.3921	0.0639	-0.0605	0.1326	-0.1602	0.1288	0.0535	0.1195	-0.0849	0.0524	-0.0212	0.0706	0.2315	-0.0248	-0.0699	
0.2	0.3763	0.3654	0.0583	-0.0612	0.1254	-0.1602	0.1301	0.0473	0.1266	-0.0849	0.072	-0.0031	0.0659	0.2797	-0.0118	-0.0699	
0.22	0.4034	0.3378	0.0535	-0.0622	0.1148	-0.1602	0.1317	0.0418	0.1339	-0.0849	0.0976	0.0171	0.0604	0.3316	0.0032	-0.0698	
0.24	0.4351	0.31	0.0496	-0.0636	0.1018	-0.1602	0.1337	0.0373	0.1413	-0.0847	0.1283	0.04	0.0543	0.3857	0.0198	-0.0695	
0.26	0.4713	0.2828	0.0469	-0.0653	0.0873	-0.1602	0.1361	0.0339	0.1485	-0.0845	0.1634	0.0656	0.0477	0.4416	0.0372	-0.0691	
0.28	0.5114	0.257	0.0453	-0.0674	0.0724	-0.1603	0.1388	0.032	0.1556	-0.0841	0.202	0.0935	0.041	0.4995	0.0548	-0.0685	
0.3	0.5542	0.2332	0.045	-0.0699	0.0582	-0.1605	0.1418	0.0318	0.1625	-0.0835	0.2438	0.1232	0.0344	0.5604	0.0721	-0.0676	
0.32	0.5987	0.2118	0.0459	-0.0728	0.0453	-0.1608	0.145	0.0337	0.1694	-0.0826	0.2882	0.1542	0.0282	0.6246	0.0893	-0.0663	
0.34	0.6435	0.1929	0.0478	-0.076	0.0343	-0.1613	0.1485	0.0381	0.1763	-0.0812	0.3354	0.1863	0.0226	0.6915	0.107	-0.0647	
0.36	0.6878	0.1761	0.0506	-0.0795	0.0251	-0.162	0.1521	0.0452	0.1829	-0.0793	0.3855	0.2196	0.018	0.7595	0.1267	-0.0625	
0.38	0.731	0.1611	0.0542	-0.0833	0.0179	-0.1629	0.1558	0.0555	0.1891	-0.0768	0.4387	0.2545	0.0144	0.8268	0.1503	-0.0599	
0.4	0.7724	0.1477	0.0583	-0.0872	0.0124	-0.1642	0.1597	0.0692	0.1953	-0.0737	0.4949	0.2914	0.0122	0.8917	0.1791	-0.057	
0.42	0.8112	0.1357	0.0628	-0.0914	0.0089	-0.1657	0.1636	0.0866	0.2024	-0.0702	0.5531	0.3315	0.0111	0.9532	0.2142	-0.0537	
0.44	0.8466	0.1248	0.0674	-0.0957	0.0072	-0.1675	0.1677	0.1076	0.212	-0.0663	0.6122	0.3759	0.0112	1.0102	0.2557	-0.0502	
0.46	0.878	0.1152	0.0722	-0.1002	0.0074	-0.1697	0.1718	0.1321	0.2264	-0.062	0.6702	0.426	0.0124	1.0615	0.3029	-0.0462	
0.48	0.9057	0.1068	0.0768	-0.1049	0.0094	-0.1722	0.1761	0.1595	0.2479	-0.0568	0.7253	0.4825	0.0147	1.1056	0.3545	-0.0413	
0.5	0.9299	0.1	0.0812	-0.1099	0.013	-0.175	0.1807	0.1891	0.2776	-0.0497	0.7758	0.5448	0.0185	1.1413	0.4086	-0.0346	
0.52	0.9511	0.0947	0.0853	-0.1152	0.0183	-0.1781	0.1855	0.2199	0.3157	-0.0396	0.8201	0.6111	0.0243	1.1686	0.4629	-0.0253	
0.54	0.9694	0.0911	0.0889	-0.1209	0.0254	-0.1816	0.1905	0.2505	0.3614	-0.0254	0.8573	0.6788	0.0327	1.1886	0.5149	-0.0126	
0.56	0.9847	0.0889	0.0918	-0.1271	0.0349	-0.1852	0.1958	0.2801	0.4136	-0.0068	0.8866	0.7452	0.0439	1.2031	0.5628	0.004	
0.58	0.9965	0.0878	0.0938	-0.1338	0.0475	-0.1891	0.201	0.3075	0.4712	0.0161	0.9083	0.8078	0.0577	1.2139	0.6056	0.0243	
0.6	1.0045	0.0878	0.0947	-0.1409	0.0637	-0.1931	0.206	0.3324	0.5326	0.0428	0.9229	0.8649	0.0731	1.2223	0.6432	0.0475	
0.62	1.0086	0.0892	0.0945	-0.1481	0.0833	-0.1975	0.2106	0.3545	0.5956	0.0726	0.9317	0.9152	0.089	1.2288	0.6764	0.0723	
0.64	1.0093	0.0923	0.0929	-0.155	0.1053	-0.2024	0.2146	0.374	0.6575	0.1045	0.9361	0.9576	0.1045	1.2333	0.706	0.0974	
0.66	1.0072	0.0975	0.0899	-0.1614	0.1287	-0.208	0.218	0.3911	0.7153	0.1378	0.9376	0.9917	0.119	1.236	0.7331	0.1213	
0.68	1.003	0.1048	0.0857	-0.1671	0.1522	-0.2144	0.2207	0.4063	0.7675	0.1717	0.9377	1.0177	0.1321	1.237	0.7585	0.143	
0.7	0.9975	0.1138	0.0804	-0.1719	0.1747	-0.2215	0.2227	0.4199	0.814	0.2053	0.9372	1.0367	0.1431	1.237	0.7823	0.1614	
0.72	0.9912	0.1241	0.0743	-0.1758	0.1952	-0.2291	0.224	0.4326	0.856	0.2379	0.9369	1.0505	0.1515	1.2366	0.8045	0.176	
0.74	0.9849	0.1353	0.0679	-0.1787	0.2128	-0.237	0.2247	0.4446	0.895	0.2692	0.9369	1.0605	0.157	1.2363	0.8242	0.1863	
0.76	0.9774	0.149	0.0604	-0.1804	0.2284	-0.246	0.2248	0.4575	0.931	0.2973	0.937	1.0686	0.1583	1.2364	0.8443	0.1914	
0.78	0.9699	0.1626	0.053	-0.182	0.244	-0.2549	0.2249	0.4703	0.967	0.3254	0.9372	1.0767	0.1596	1.2364	0.8645	0.1965	
0.8	0.9623	0.1762	0.0456	-0.1837	0.2596	-0.2638	0.225	0.4831	1.0031	0.3535	0.9374	1.0849	0.1609	1.2365	0.8847	0.2016	
0.82	0.9548	0.1899	0.0381	-0.1854	0.2752	-0.2728	0.2251	0.496	1.0391	0.3816	0.9375	1.093	0.1623	1.2366	0.9048	0.2067	
