0	0.4352	0.3571	0.1342	0.0293	0.1495	-0.0955	0.0512	0.43	0.0119	-0.1592	0.2413	-0.0633	-0.2335	0.1489	-0.1355	-0.3103	
0.02	0.4859	0.3358	0.1384	0.0333	0.1979	-0.0875	0.0512	0.4712	0.0182	-0.1592	0.2728	-0.0633	-0.2335	0.1698	-0.1355	-0.3103	
0.04	0.5367	0.3145	0.1427	0.0373	0.2463	-0.0795	0.0512	0.5124	0.0246	-0.1592	0.3044	-0.0633	-0.2335	0.1907	-0.1355	-0.3103	
0.06	0.5875	0.2931	0.1469	0.0413	0.2947	-0.0715	0.0512	0.5535	0.0309	-0.1592	0.3359	-0.0633	-0.2335	0.2115	-0.1355	-0.3103	
0.08	0.6382	0.2718	0.1511	0.0454	0.3432	-0.0635	0.0512	0.5947	0.0373	-0.1592	0.3674	-0.0633	-0.2335	0.2324	-0.1355	-0.3103	
0.1	0.6925	0.2509	0.1564	0.0496	0.3908	-0.0561	0.0512	0.6372	0.0434	-0.1592	0.3973	-0.0633	-0.2335	0.253	-0.1355	-0.3103	
0.12	0.7464	0.2311	0.163	0.0545	0.4387	-0.048	0.0512	0.681	0.05	-0.1592	0.4294	-0.0633	-0.2335	0.2759	-0.1355	-0.3103	
0.14	0.7983	0.2126	0.1709	0.0601	0.486	-0.0395	0.0512	0.7246	0.0566	-0.1592	0.4626	-0.0633	-0.2335	0.3	-0.1355	-0.3103	
0.16	0.8478	0.1955	0.1798	0.066	0.5313	-0.0308	0.0512	0.7668	0.0629	-0.1592	0.4955	-0.0633	-0.2335	0.3241	-0.1355	-0.3103	
0.18	0.8952	0.1794	0.1892	0.0722	0.5735	-0.0225	0.0512	0.8071	0.0684	-0.1592	0.5266	-0.0633	-0.2335	0.3471	-0.1355	-0.3103	
0.2	0.9414	0.1638	0.1987	0.0783	0.6118	-0.0149	0.0512	0.8453	0.073	-0.1592	0.5551	-0.0633	-0.2335	0.3681	-0.1355	-0.3103	
0.22	0.9871	0.1486	0.2075	0.0842	0.6459	-0.0079	0.0512	0.8813	0.0763	-0.1592	0.5805	-0.0633	-0.2335	0.3865	-0.1355	-0.3103	
0.24	1.0324	0.1336	0.2153	0.0896	0.676	-0.0014	0.0512	0.9147	0.0782	-0.1592	0.6031	-0.0633	-0.2335	0.402	-0.1355	-0.3103	
0.26	1.0769	0.1189	0.2216	0.0945	0.7021	0.0046	0.0512	0.9452	0.079	-0.1592	0.6232	-0.0633	-0.2335	0.4151	-0.1355	-0.3102	
0.28	1.1205	0.1045	0.2262	0.0987	0.7244	0.0106	0.0512	0.9729	0.079	-0.1592	0.6416	-0.0633	-0.2335	0.4263	-0.1355	-0.3102	
0.3	1.1632	0.0903	0.2288	0.1021	0.7432	0.0165	0.0512	0.9987	0.0788	-0.1592	0.6589	-0.0633	-0.2335	0.4367	-0.1355	-0.31	
0.32	1.2055	0.0764	0.2294	0.105	0.7591	0.0225	0.0512	1.0237	0.0786	-0.1592	0.6756	-0.0633	-0.2335	0.4468	-0.1355	-0.3097	
0.34	1.2476	0.0628	0.2279	0.1071	0.7731	0.0286	0.0512	1.0489	0.0785	-0.1592	0.6923	-0.0633	-0.2335	0.457	-0.1355	-0.3093	
0.36	1.2891	0.0499	0.2245	0.1087	0.7862	0.0348	0.0512	1.075	0.0785	-0.1592	0.7091	-0.0633	-0.2335	0.4677	-0.1355	-0.3087	
0.38	1.3285	0.0383	0.2195	0.1098	0.7991	0.0411	0.0512	1.102	0.0786	-0.1592	0.7265	-0.0633	-0.2335	0.4787	-0.1355	-0.3078	
0.4	1.3638	0.0281	0.2135	0.1103	0.8124	0.0473	0.0512	1.1296	0.0787	-0.1592	0.7445	-0.0633	-0.2335	0.4902	-0.1355	-0.3068	
0.42	1.3934	0.0195	0.2069	0.1105	0.8263	0.0533	0.0512	1.1576	0.0787	-0.1592	0.763	-0.0633	-0.2335	0.5022	-0.1355	-0.3055	
0.44	1.4161	0.0121	0.2005	0.1105	0.841	0.0588	0.0512	1.1859	0.0787	-0.1592	0.7819	-0.0633	-0.2335	0.5145	-0.1355	-0.3039	
0.46	1.432	0.0056	0.1945	0.1105	0.8568	0.0638	0.0512	1.2146	0.0786	-0.1592	0.8008	-0.0633	-0.2335	0.5267	-0.1355	-0.3022	
0.48	1.4417	-0.0006	0.1892	0.1104	0.874	0.0681	0.0512	1.2435	0.0786	-0.1592	0.8195	-0.0633	-0.2335	0.5385	-0.1355	-0.3002	
0.5	1.446	-0.0064	0.1847	0.1104	0.893	0.0717	0.0512	1.2725	0.0786	-0.1592	0.838	-0.0633	-0.2335	0.5493	-0.1355	-0.298	
0.52	1.4458	-0.012	0.1813	0.1104	0.9139	0.0744	0.0512	1.3009	0.0786	-0.1592	0.8564	-0.0633	-0.2335	0.5588	-0.1355	-0.2956	
0.54	1.4417	-0.0171	0.179	0.1104	0.9363	0.0764	0.0512	1.3285	0.0787	-0.1592	0.8746	-0.0633	-0.2335	0.5669	-0.1355	-0.2931	
0.56	1.4345	-0.0216	0.1777	0.1104	0.9596	0.0777	0.0512	1.3549	0.0787	-0.1592	0.8929	-0.0633	-0.2335	0.5732	-0.1355	-0.2905	
0.58	1.4249	-0.0255	0.1772	0.1104	0.9824	0.0784	0.0512	1.3797	0.0787	-0.1592	0.911	-0.0633	-0.2335	0.5779	-0.1355	-0.2879	
0.6	1.4139	-0.0286	0.1772	0.1104	1.0036	0.0787	0.0512	1.4026	0.0787	-0.1592	0.9288	-0.0633	-0.2335	0.581	-0.1355	-0.2854	
0.62	1.4029	-0.031	0.1773	0.1104	1.0224	0.0787	0.0512	1.4235	0.0786	-0.1592	0.9462	-0.0633	-0.2335	0.5827	-0.1355	-0.2832	
0.64	1.39	-0.0324	0.1774	0.1104	1.0423	0.0786	0.0512	1.4433	0.0786	-0.1592	0.9645	-0.0633	-0.2335	0.583	-0.1355	-0.2809	
0.66	1.3771	-0.0338	0.1774	0.1104	1.0621	0.0785	0.0512	1.4631	0.0787	-0.1592	0.9829	-0.0633	-0.2335	0.5832	-0.1355	-0.2785	
0.68	1.3642	-0.0352	0.1775	0.1104	1.082	0.0784	0.0512	1.4829	0.0787	-0.1592	1.0012	-0.0633	-0.2335	0.5835	-0.1355	-0.2761	
0.7	1.3514	-0.0366	0.1776	0.1104	1.1019	0.0784	0.0512	1.5027	0.0787	-0.1592	1.0195	-0.0633	-0.2335	0.5837	-0.1355	-0.2738	
