0	0.4079	0.4213	0.2133	0.0955	0.0219	0.0864	0.032	0.17	0.2287	-0.025	0.0892	0.1165	0.0069	0.1472	-0.1179	-0.2962	
0.02	0.435	0.4076	0.2279	0.1219	0.0443	0.1075	0.0397	0.1825	0.2697	-0.0083	0.1	0.1988	0.0467	0.1473	-0.0352	-0.2545	
0.04	0.4621	0.3939	0.2425	0.1483	0.0667	0.1286	0.0473	0.1951	0.3107	0.0085	0.1107	0.281	0.0865	0.1475	0.0476	-0.2129	
0.06	0.4892	0.3801	0.2571	0.1748	0.0891	0.1496	0.0549	0.2076	0.3518	0.0252	0.1214	0.3633	0.1262	0.1476	0.1303	-0.1712	
0.08	0.5163	0.3664	0.2717	0.2012	0.1115	0.1707	0.0625	0.2201	0.3928	0.042	0.1322	0.4456	0.166	0.1477	0.2131	-0.1295	
0.1	0.5452	0.353	0.2853	0.2246	0.1348	0.1916	0.0691	0.2343	0.4293	0.0565	0.1425	0.5265	0.2077	0.1486	0.2965	-0.0827	
0.12	0.57	0.3408	0.2972	0.2453	0.1531	0.2121	0.0759	0.2449	0.4607	0.0711	0.1539	0.6049	0.2483	0.1504	0.3833	-0.0309	
0.14	0.5918	0.3298	0.3076	0.263	0.1674	0.2321	0.0826	0.2529	0.4871	0.0853	0.166	0.6787	0.2868	0.1533	0.4707	0.0246	
0.16	0.6115	0.3197	0.3165	0.2778	0.1791	0.2515	0.089	0.2598	0.5084	0.0984	0.1783	0.7465	0.3225	0.1576	0.5557	0.0823	
0.18	0.6305	0.3102	0.3242	0.2897	0.1898	0.2702	0.095	0.2672	0.5251	0.1098	0.1902	0.8072	0.3552	0.1633	0.6354	0.1405	
0.2	0.6492	0.3013	0.3309	0.2988	0.2001	0.2881	0.1006	0.2764	0.5376	0.1194	0.2016	0.8602	0.3842	0.1704	0.7074	0.1971	
0.22	0.6677	0.293	0.3369	0.3057	0.2103	0.3052	0.1059	0.2879	0.5467	0.1272	0.2122	0.9051	0.4091	0.1788	0.77	0.25	
0.24	0.6858	0.2851	0.3424	0.3109	0.2203	0.3213	0.1111	0.3019	0.5533	0.1338	0.2219	0.9417	0.4293	0.188	0.822	0.2974	
0.26	0.7029	0.2777	0.3475	0.315	0.2299	0.3365	0.1163	0.3183	0.5584	0.1394	0.2311	0.9702	0.4445	0.1979	0.8633	0.338	
0.28	0.7191	0.2709	0.3523	0.3182	0.2389	0.3505	0.1216	0.3367	0.5627	0.1446	0.2397	0.9919	0.4551	0.208	0.8949	0.3714	
0.3	0.7343	0.2646	0.3569	0.3208	0.2475	0.3633	0.1268	0.3564	0.5667	0.1495	0.248	1.0085	0.462	0.2179	0.9186	0.3982	
0.32	0.7487	0.2585	0.3611	0.3226	0.2556	0.3751	0.1318	0.3768	0.5706	0.1541	0.256	1.0217	0.4666	0.2273	0.9363	0.4195	
0.34	0.7627	0.2525	0.3651	0.3236	0.2636	0.3856	0.1366	0.3971	0.5743	0.1587	0.2638	1.0328	0.4701	0.2361	0.95	0.4365	
0.36	0.7764	0.2465	0.3687	0.3238	0.2715	0.395	0.141	0.4166	0.578	0.1631	0.2713	1.0427	0.4732	0.2443	0.9609	0.4502	
0.38	0.7901	0.2402	0.3719	0.323	0.2792	0.4033	0.1449	0.4344	0.5816	0.1674	0.2787	1.0516	0.4764	0.2521	0.9696	0.4614	
0.4	0.8039	0.2335	0.3746	0.3215	0.2866	0.4105	0.1485	0.4503	0.5853	0.1717	0.2857	1.0595	0.4796	0.2598	0.9769	0.4703	
0.42	0.8181	0.2264	0.3767	0.3192	0.2938	0.4168	0.1518	0.4638	0.5891	0.1761	0.2926	1.0664	0.4827	0.2677	0.983	0.4776	
0.44	0.8327	0.2187	0.3784	0.3163	0.3006	0.4222	0.1549	0.4753	0.593	0.1808	0.2994	1.0726	0.4858	0.2759	0.9885	0.4835	
0.46	0.848	0.2108	0.3795	0.3128	0.3071	0.4272	0.1579	0.4851	0.5971	0.1861	0.3063	1.0783	0.4888	0.2845	0.9938	0.4884	
0.48	0.8642	0.2027	0.38	0.309	0.3133	0.4319	0.1608	0.494	0.6012	0.1921	0.3134	1.0837	0.4918	0.2933	0.9991	0.4928	
0.5	0.8813	0.1947	0.3801	0.3048	0.3197	0.4367	0.1639	0.5027	0.6053	0.1991	0.3209	1.089	0.4948	0.3018	1.0045	0.4967	
0.52	0.8991	0.187	0.3796	0.3006	0.3266	0.4416	0.1673	0.512	0.6095	0.2066	0.3288	1.0944	0.4979	0.3098	1.0103	0.5003	
0.54	0.9173	0.1797	0.3787	0.2965	0.3344	0.4468	0.171	0.5225	0.6138	0.2145	0.337	1.0999	0.5011	0.3169	1.0164	0.5038	
0.56	0.9351	0.1727	0.3773	0.2926	0.3432	0.4523	0.1752	0.5348	0.6181	0.2222	0.3454	1.1055	0.5043	0.323	1.0229	0.5071	
0.58	0.9519	0.166	0.3756	0.2892	0.353	0.4579	0.1799	0.549	0.6226	0.2294	0.3535	1.1112	0.5074	0.328	1.0298	0.5103	
0.6	0.9671	0.1595	0.3735	0.2864	0.3631	0.4638	0.1853	0.5654	0.6272	0.2359	0.361	1.1171	0.5105	0.3317	1.0371	0.5134	
0.62	0.9801	0.1531	0.3712	0.2844	0.3733	0.4702	0.1916	0.5833	0.632	0.2415	0.3676	1.1231	0.514	0.3341	1.0449	0.5161	
0.64	0.9908	0.147	0.3686	0.2837	0.3829	0.4775	0.1994	0.6019	0.6371	0.2461	0.3733	1.1294	0.5184	0.3354	1.053	0.5185	
0.66	0.9988	0.1413	0.3657	0.2847	0.3917	0.4866	0.2089	0.6198	0.6426	0.2494	0.3779	1.1356	0.5241	0.3359	1.0613	0.5204	
0.68	1.0044	0.1361	0.3624	0.2879	0.3994	0.4979	0.2207	0.6352	0.6489	0.2515	0.3813	1.1417	0.5315	0.336	1.0695	0.5219	
0.7	1.0078	0.1316	0.3584	0.2937	0.4057	0.512	0.2347	0.6469	0.6569	0.2525	0.3835	1.1474	0.5402	0.3358	1.0771	0.5228	
0.72	1.0095	0.1278	0.3539	0.302	0.4103	0.5285	0.2508	0.654	0.6672	0.2527	0.3848	1.1525	0.5499	0.3357	1.084	0.5234	
0.74	1.01	0.1246	0.3487	0.3127	0.4131	0.5467	0.2683	0.6566	0.6802	0.2525	0.3852	1.1569	0.5597	0.3356	1.09	0.5235	
0.76	1.0099	0.1223	0.3432	0.3253	0.4144	0.5657	0.2867	0.6551	0.6958	0.2522	0.3852	1.1605	0.5693	0.3357	1.0949	0.5235	
0.78	1.0097	0.1207	0.3376	0.3394	0.4146	0.5843	0.3053	0.6499	0.7134	0.2521	0.3851	1.1633	0.5783	0.3357	1.0988	0.5235	
0.8	1.0095	0.1198	0.3321	0.3548	0.4143	0.602	0.3233	0.6421	0.7317	0.2522	0.385	1.1654	0.5863	0.3358	1.1017	0.5234	
0.82	1.0095	0.1194	0.3271	0.3711	0.414	0.6179	0.3403	0.6325	0.7497	0.2522	0.3849	1.1667	0.5931	0.3358	1.1036	0.5234	
0.84	1.0096	0.1194	0.3227	0.388	0.4138	0.6313	0.3554	0.6225	0.7664	0.2523	0.385	1.1674	0.5984	0.3357	1.1046	0.5234	
0.86	1.0096	0.1195	0.3182	0.4047	0.4139	0.6423	0.3691	0.6118	0.7859	0.2523	0.385	1.1675	0.601	0.3357	1.1048	0.5234	
0.88	1.0097	0.1196	0.3138	0.4215	0.4141	0.6533	0.3828	0.6011	0.8054	0.2523	0.3851	1.1676	0.6036	0.3357	1.1049	0.5235	
0.9	1.0097	0.1197	0.3093	0.4382	0.4142	0.6642	0.3965	0.5903	0.8249	0.2523	0.3851	1.1677	0.6063	0.3357	1.105	0.5235	
0.92	1.0097	0.1198	0.3048	0.455	0.4143	0.6752	0.4102	0.5796	0.8443	0.2522	0.3851	1.1678	0.6089	0.3357	1.1052	0.5235	
