0	0.7115	0.5561	0.1086	0.3208	0.1736	0.0353	0.0569	0.3108	0.0939	-0.0921	0.2522	0.0718	0.1004	0.2191	-0.1371	-0.1307	
0.02	0.7115	0.5558	0.1137	0.3208	0.1873	0.0353	0.0569	0.3278	0.0939	-0.0921	0.2529	0.0718	0.1004	0.2196	-0.1361	-0.1305	
0.04	0.7115	0.5555	0.1189	0.3208	0.201	0.0353	0.0569	0.3449	0.0939	-0.0921	0.2535	0.0718	0.1004	0.22	-0.1351	-0.1303	
0.06	0.7115	0.5551	0.1241	0.3208	0.2147	0.0353	0.0569	0.362	0.094	-0.0921	0.2542	0.0718	0.1004	0.2205	-0.1342	-0.1301	
0.08	0.7116	0.5548	0.1292	0.3208	0.2284	0.0353	0.0569	0.3791	0.094	-0.0921	0.2549	0.0718	0.1004	0.2209	-0.1332	-0.13	
0.1	0.7116	0.5544	0.134	0.3208	0.2401	0.0353	0.0569	0.397	0.0939	-0.0921	0.2557	0.0718	0.1004	0.2215	-0.1321	-0.1297	
0.12	0.7117	0.554	0.1384	0.3208	0.2516	0.0353	0.0569	0.4113	0.0939	-0.0921	0.2568	0.0718	0.1004	0.2224	-0.1307	-0.1294	
0.14	0.7118	0.5534	0.1423	0.3208	0.2627	0.0353	0.0569	0.4227	0.0939	-0.0921	0.2581	0.0718	0.1004	0.2234	-0.129	-0.1291	
0.16	0.7119	0.5528	0.1458	0.3208	0.2727	0.0353	0.0569	0.4321	0.0939	-0.0921	0.2596	0.0718	0.1004	0.2247	-0.1271	-0.1287	
0.18	0.7121	0.552	0.1488	0.3208	0.2813	0.0353	0.0569	0.4405	0.094	-0.0921	0.2614	0.0718	0.1004	0.2262	-0.1249	-0.1282	
0.2	0.7124	0.5512	0.1513	0.3208	0.2885	0.0353	0.0569	0.4484	0.094	-0.0921	0.2634	0.0718	0.1004	0.228	-0.1225	-0.1276	
0.22	0.7127	0.5503	0.1535	0.3208	0.2946	0.0353	0.0569	0.4559	0.094	-0.0921	0.2656	0.0718	0.1004	0.23	-0.1199	-0.127	
0.24	0.7131	0.5494	0.1554	0.3208	0.2999	0.0353	0.0569	0.4628	0.094	-0.0921	0.268	0.0718	0.1004	0.2321	-0.1171	-0.1263	
0.26	0.7136	0.5484	0.1571	0.3208	0.3048	0.0354	0.0569	0.4689	0.0939	-0.0921	0.2705	0.0718	0.1004	0.2345	-0.1141	-0.1255	
0.28	0.7142	0.5474	0.1586	0.3208	0.3095	0.0355	0.0569	0.4741	0.0939	-0.0921	0.2732	0.0718	0.1004	0.237	-0.111	-0.1248	
0.3	0.7148	0.5462	0.1599	0.3208	0.3141	0.0357	0.0569	0.4786	0.0939	-0.0921	0.276	0.0718	0.1004	0.2396	-0.1077	-0.1239	
0.32	0.7154	0.5451	0.1612	0.3208	0.3185	0.0359	0.0569	0.4824	0.094	-0.0921	0.2789	0.0718	0.1004	0.2424	-0.1043	-0.1231	
0.34	0.7162	0.5439	0.1624	0.3208	0.3226	0.0363	0.0569	0.4859	0.094	-0.0921	0.2819	0.0718	0.1004	0.2453	-0.1009	-0.1222	
0.36	0.717	0.5427	0.1636	0.3208	0.3266	0.0368	0.0569	0.4891	0.094	-0.0921	0.2849	0.0718	0.1004	0.2482	-0.0973	-0.1212	
0.38	0.7178	0.5414	0.1647	0.3208	0.3305	0.0374	0.0569	0.4921	0.094	-0.0921	0.288	0.0718	0.1004	0.2512	-0.0937	-0.1202	
0.4	0.7187	0.5402	0.1657	0.3208	0.3343	0.0381	0.0569	0.4951	0.0939	-0.0921	0.2912	0.0718	0.1004	0.2543	-0.09	-0.1192	
0.42	0.7196	0.5389	0.1667	0.3208	0.3381	0.0389	0.0569	0.4979	0.0939	-0.0921	0.2943	0.0718	0.1004	0.2574	-0.0863	-0.1182	
0.44	0.7206	0.5376	0.1676	0.3208	0.3419	0.0398	0.0569	0.5007	0.0939	-0.0921	0.2974	0.0718	0.1004	0.2604	-0.0825	-0.1172	
0.46	0.7217	0.5363	0.1684	0.3208	0.3456	0.0408	0.0569	0.5033	0.0939	-0.0921	0.3005	0.0718	0.1004	0.2635	-0.0788	-0.1161	
0.48	0.7227	0.535	0.1693	0.3208	0.3493	0.0419	0.0569	0.5059	0.094	-0.0921	0.3036	0.0718	0.1004	0.2666	-0.0751	-0.1151	
0.5	0.7239	0.5337	0.1701	0.3208	0.353	0.0432	0.0569	0.5084	0.094	-0.0921	0.3065	0.0718	0.1004	0.2696	-0.0714	-0.114	
0.52	0.725	0.5324	0.1709	0.3208	0.3566	0.0445	0.0569	0.5108	0.094	-0.0921	0.3094	0.0718	0.1004	0.2725	-0.0678	-0.1129	
0.54	0.7262	0.5312	0.1716	0.3208	0.3601	0.0458	0.0569	0.513	0.0939	-0.0921	0.3122	0.0718	0.1004	0.2754	-0.0642	-0.1119	
0.56	0.7274	0.5299	0.1724	0.3208	0.3636	0.0473	0.0569	0.5152	0.0939	-0.0921	0.3149	0.0718	0.1004	0.2782	-0.0608	-0.1108	
0.58	0.7287	0.5287	0.1731	0.3208	0.367	0.0488	0.0569	0.5173	0.0939	-0.0921	0.3175	0.0718	0.1004	0.2808	-0.0574	-0.1097	
0.6	0.73	0.5275	0.1739	0.3208	0.3704	0.0504	0.0569	0.5193	0.094	-0.0921	0.3198	0.0718	0.1004	0.2833	-0.0542	-0.1087	
0.62	0.7313	0.5264	0.1746	0.3208	0.3736	0.052	0.0569	0.5211	0.094	-0.0921	0.322	0.0719	0.1004	0.2857	-0.0511	-0.1077	
0.64	0.7327	0.5253	0.1754	0.3208	0.3768	0.0537	0.0569	0.5229	0.094	-0.0921	0.324	0.0719	0.1004	0.2878	-0.0481	-0.1067	
0.66	0.734	0.5243	0.1762	0.3208	0.3799	0.0555	0.0569	0.5246	0.0941	-0.0921	0.3258	0.072	0.1004	0.2898	-0.0454	-0.1057	
0.68	0.7354	0.5233	0.177	0.3208	0.3829	0.0573	0.0569	0.5261	0.0942	-0.0921	0.3274	0.0722	0.1004	0.2916	-0.0428	-0.1047	
0.7	0.7368	0.5223	0.1779	0.3209	0.3857	0.0591	0.0569	0.5276	0.0943	-0.0921	0.3287	0.0724	0.1004	0.2931	-0.0403	-0.1038	
0.72	0.7383	0.5215	0.1788	0.3209	0.3885	0.061	0.0569	0.5289	0.0945	-0.0921	0.3297	0.0727	0.1004	0.2944	-0.038	-0.1029	
0.74	0.7397	0.5206	0.1797	0.321	0.3911	0.0629	0.0569	0.5302	0.0948	-0.0921	0.3305	0.073	0.1004	0.2954	-0.0359	-0.1021	
0.76	0.7411	0.5198	0.1807	0.3212	0.3936	0.0648	0.0569	0.5313	0.0951	-0.0921	0.331	0.0735	0.1004	0.2962	-0.0339	-0.1013	
0.78	0.7426	0.5191	0.1817	0.3214	0.396	0.0667	0.057	0.5323	0.0956	-0.0921	0.3313	0.074	0.1004	0.2967	-0.0321	-0.1005	
0.8	0.744	0.5183	0.1828	0.3217	0.3983	0.0686	0.057	0.5332	0.0961	-0.0921	0.3313	0.0746	0.1004	0.2969	-0.0303	-0.0997	
0.82	0.7454	0.5176	0.1839	0.322	0.4004	0.0706	0.057	0.534	0.0967	-0.0921	0.3311	0.0753	0.1004	0.2969	-0.0287	-0.099	
0.84	0.7468	0.5168	0.185	0.3224	0.4023	0.0725	0.0571	0.5346	0.0973	-0.0921	0.3306	0.0761	0.1004	0.2966	-0.0272	-0.0983	
0.86	0.7482	0.5161	0.1862	0.3229	0.4041	0.0744	0.0572	0.5352	0.0981	-0.0921	0.33	0.077	0.1004	0.296	-0.0257	-0.0976	
0.88	0.7495	0.5153	0.1873	0.3234	0.4057	0.0764	0.0574	0.5356	0.099	-0.0921	0.3291	0.078	0.1004	0.2952	-0.0243	-0.097	
0.9	0.7508	0.5146	0.1885	0.324	0.4072	0.0783	0.0575	0.5359	0.0999	-0.0921	0.3281	0.0791	0.1004	0.2943	-0.0229	-0.0963	
0.92	0.7521	0.5137	0.1896	0.3247	0.4084	0.0801	0.0578	0.5361	0.1009	-0.0921	0.3269	0.0803	0.1004	0.2931	-0.0215	-0.0957	
0.94	0.7534	0.5129	0.1908	0.3254	0.4095	0.082	0.058	0.5362	0.1021	-0.0921	0.3256	0.0816	0.1004	0.2917	-0.0201	-0.0951	
0.96	0.7547	0.512	0.1919	0.3262	0.4105	0.0838	0.0583	0.5362	0.1033	-0.0921	0.324	0.083	0.1004	0.2902	-0.0187	-0.0945	
0.98	0.7561	0.511	0.193	0.3271	0.4112	0.0855	0.0586	0.536	0.1047	-0.0921	0.3223	0.0846	0.1004	0.2885	-0.0173	-0.0938	
1	0.7575	0.51	0.1941	0.328	0.4117	0.0872	0.059	0.5357	0.1061	-0.0921	0.3205	0.0862	0.1004	0.2867	-0.0158	-0.0932	
1.02	0.759	0.5089	0.1953	0.329	0.412	0.0889	0.0594	0.5354	0.1076	-0.0921	0.3184	0.088	0.1004	0.2847	-0.0142	-0.0925	
1.04	0.7607	0.5078	0.1964	0.3301	0.4122	0.0904	0.0598	0.5349	0.1093	-0.0921	0.3163	0.0898	0.1004	0.2827	-0.0126	-0.0918	
1.06	0.7624	0.5065	0.1976	0.3312	0.4122	0.092	0.0603	0.5342	0.1111	-0.0921	0.314	0.0918	0.1004	0.2805	-0.0108	-0.0912	
1.08	0.7643	0.505	0.1989	0.3324	0.412	0.0934	0.0608	0.5335	0.1129	-0.0921	0.3115	0.0939	0.1004	0.2782	-0.009	-0.0904	
1.1	0.7664	0.5034	0.2002	0.3336	0.4116	0.0948	0.0614	0.5326	0.1149	-0.0921	0.3089	0.0961	0.1004	0.2758	-0.007	-0.0897	
1.12	0.7686	0.5016	0.2015	0.3348	0.411	0.0962	0.062	0.5316	0.117	-0.0921	0.3062	0.0985	0.1004	0.2733	-0.0048	-0.0889	
1.14	0.771	0.4999	0.2029	0.3362	0.4103	0.0975	0.0626	0.5305	0.1192	-0.0921	0.3033	0.101	0.1004	0.2708	-0.0025	-0.0881	
1.16	0.7738	0.4983	0.2044	0.3375	0.4094	0.0989	0.0632	0.5292	0.1215	-0.0921	0.3003	0.1037	0.1004	0.2682	0.0001	-0.0872	
1.18	0.7768	0.4966	0.206	0.339	0.4084	0.1003	0.0639	0.5277	0.124	-0.0921	0.2972	0.1064	0.1004	0.2656	0.0029	-0.0863	
1.2	0.7802	0.4944	0.2077	0.3404	0.4071	0.1017	0.0646	0.5261	0.1266	-0.0921	0.2939	0.1093	0.1004	0.2629	0.0058	-0.0853	
1.22	0.7838	0.4906	0.2095	0.342	0.4057	0.1031	0.0654	0.5243	0.1293	-0.0921	0.2905	0.1121	0.1004	0.2602	0.0088	-0.0843	
1.24	0.7875	0.4844	0.2114	0.3435	0.404	0.1047	0.0662	0.5224	0.1321	-0.0921	0.2871	0.1152	0.1004	0.2576	0.0121	-0.0832	
1.26	0.7913	0.4749	0.2134	0.3452	0.4021	0.1063	0.067	0.5204	0.135	-0.0921	0.2835	0.1186	0.1004	0.2549	0.016	-0.082	
1.28	0.7955	0.462	0.2155	0.3468	0.4001	0.1081	0.0679	0.5181	0.1379	-0.0921	0.2798	0.1229	0.1004	0.2522	0.0208	-0.0808	
1.3	0.8006	0.4462	0.2179	0.3485	0.3978	0.11	0.0687	0.5157	0.1412	-0.0921	0.276	0.1282	0.1004	0.2496	0.0271	-0.0795	
1.32	0.8073	0.4281	0.2205	0.3503	0.3954	0.1122	0.0697	0.513	0.1452	-0.0921	0.2721	0.1349	0.1004	0.247	0.0352	-0.0781	
1.34	0.8166	0.4083	0.2237	0.352	0.3927	0.1145	0.0706	0.5101	0.1502	-0.0921	0.2681	0.1434	0.1004	0.2445	0.0458	-0.0767	
1.36	0.829	0.3873	0.2274	0.3539	0.3897	0.1168	0.0716	0.5071	0.1567	-0.0921	0.264	0.1541	0.1004	0.242	0.059	-0.0752	
1.38	0.8448	0.3656	0.2318	0.3557	0.3864	0.1193	0.0726	0.5039	0.1648	-0.0921	0.2599	0.1673	0.1004	0.2397	0.0754	-0.0734	
1.4	0.8641	0.3438	0.2367	0.3576	0.3828	0.122	0.0737	0.5007	0.1748	-0.0921	0.2557	0.1837	0.1004	0.2373	0.0953	-0.0712	
1.42	0.8871	0.3227	0.2423	0.3595	0.3791	0.1253	0.0748	0.4973	0.1868	-0.0921	0.2514	0.2039	0.1004	0.2351	0.1189	-0.0686	
1.44	0.9136	0.3032	0.2484	0.3615	0.3753	0.1294	0.0759	0.4933	0.2007	-0.0921	0.2468	0.2279	0.1004	0.2331	0.1463	-0.0654	
1.46	0.9432	0.2858	0.2551	0.3635	0.3715	0.1349	0.077	0.4882	0.2165	-0.0921	0.2417	0.2556	0.1004	0.2311	0.177	-0.0616	
1.48	0.9748	0.2702	0.2621	0.3655	0.3672	0.142	0.0782	0.4811	0.2338	-0.0921	0.2359	0.2862	0.1004	0.2293	0.2107	-0.057	
1.5	1.0072	0.256	0.2694	0.3676	0.3619	0.1506	0.0794	0.4716	0.2525	-0.0921	0.2294	0.3187	0.1004	0.2276	0.2466	-0.0514	
1.52	1.0389	0.243	0.2767	0.3697	0.3549	0.1607	0.0806	0.4593	0.2722	-0.0921	0.2219	0.3522	0.1004	0.2261	0.2844	-0.0443	
1.54	1.069	0.2308	0.284	0.3719	0.3456	0.172	0.0819	0.444	0.2928	-0.0921	0.2135	0.3861	0.1004	0.2247	0.3236	-0.0352	
1.56	1.0971	0.2197	0.2911	0.3742	0.3337	0.1845	0.0832	0.426	0.3141	-0.0921	0.2043	0.4196	0.1004	0.2235	0.3641	-0.0236	
1.58	1.1229	0.21	0.298	0.3766	0.3193	0.1981	0.0845	0.4059	0.3362	-0.0921	0.1945	0.4522	0.1004	0.2225	0.4053	-0.0093	
1.6	1.1465	0.2019	0.305	0.3792	0.3029	0.213	0.0858	0.3842	0.3591	-0.0921	0.1844	0.4834	0.1004	0.222	0.4465	0.0076	
1.62	1.1679	0.1954	0.3121	0.382	0.2847	0.2293	0.0872	0.3618	0.3824	-0.0921	0.1744	0.5125	0.1004	0.2219	0.4869	0.0268	
1.64	1.1872	0.1904	0.3197	0.3851	0.2655	0.2467	0.0888	0.3397	0.4061	-0.0921	0.1652	0.5393	0.1004	0.2226	0.5256	0.0477	
1.66	1.2044	0.1864	0.3275	0.3885	0.2458	0.2646	0.0904	0.319	0.4299	-0.0921	0.1572	0.5638	0.1004	0.2242	0.5621	0.0698	
1.68	1.2201	0.183	0.3354	0.3921	0.2268	0.2826	0.0923	0.3009	0.4536	-0.0921	0.1509	0.5862	0.1004	0.227	0.596	0.0923	
1.7	1.2348	0.18	0.343	0.396	0.2096	0.3006	0.0944	0.2862	0.477	-0.0921	0.1467	0.6068	0.1004	0.2309	0.6272	0.1149	
1.72	1.2495	0.1771	0.3502	0.4002	0.1954	0.3184	0.0968	0.2755	0.5	-0.0921	0.1449	0.6258	0.1004	0.2362	0.6556	0.1368	
1.74	1.265	0.1743	0.3566	0.4048	0.185	0.3363	0.0995	0.2689	0.5224	-0.0921	0.1458	0.6436	0.1004	0.2428	0.6815	0.1578	
1.76	1.2822	0.1714	0.3622	0.4097	0.1788	0.3541	0.1026	0.2663	0.5438	-0.0921	0.1495	0.6604	0.1004	0.2503	0.705	0.1775	
1.78	1.3016	0.1684	0.3669	0.415	0.1768	0.3717	0.1059	0.2674	0.5637	-0.0921	0.1559	0.6764	0.1004	0.2584	0.7264	0.196	
1.8	1.3232	0.1653	0.3705	0.4205	0.1791	0.3885	0.1095	0.272	0.5817	-0.0921	0.1645	0.6918	0.1004	0.2665	0.746	0.2133	
1.82	1.3462	0.162	0.373	0.4264	0.1853	0.4038	0.1134	0.2794	0.5974	-0.0921	0.1746	0.7063	0.1004	0.2741	0.7639	0.2297	
1.84	1.3697	0.1586	0.3744	0.4325	0.195	0.4174	0.1177	0.2889	0.6108	-0.0921	0.1854	0.7199	0.1004	0.2809	0.7801	0.2451	
1.86	1.3926	0.1551	0.3749	0.4391	0.2073	0.4292	0.1222	0.2995	0.6218	-0.0921	0.196	0.7322	0.1004	0.2866	0.7945	0.2598	
1.88	1.414	0.1518	0.375	0.4468	0.2212	0.4392	0.127	0.3103	0.6304	-0.0921	0.2059	0.7432	0.1004	0.2911	0.807	0.2737	
1.9	1.4332	0.1488	0.3748	0.4564	0.2354	0.4478	0.1321	0.3204	0.6369	-0.0921	0.2146	0.7529	0.1004	0.2944	0.8174	0.2864	
1.92	1.4495	0.1462	0.3747	0.4686	0.2488	0.4549	0.1376	0.3294	0.6411	-0.0921	0.2219	0.7611	0.1004	0.2965	0.8257	0.2976	
1.94	1.4623	0.144	0.3746	0.4839	0.2606	0.4604	0.1434	0.3367	0.6435	-0.0921	0.2275	0.7677	0.1004	0.2976	0.8318	0.307	
1.96	1.4705	0.142	0.3747	0.4993	0.2726	0.4637	0.1494	0.3427	0.6438	-0.0921	0.231	0.7722	0.1004	0.2978	0.8354	0.3152	
1.98	1.4787	0.14	0.3747	0.5147	0.2847	0.4671	0.1553	0.3487	0.6441	-0.0921	0.2345	0.7767	0.1004	0.2979	0.8389	0.3233	
2	1.4869	0.138	0.3748	0.5301	0.2967	0.4705	0.1613	0.3547	0.6445	-0.0921	0.238	0.7812	0.1004	0.2981	0.8425	0.3315	
2.02	1.4951	0.136	0.3749	0.5456	0.3087	0.4739	0.1673	0.3607	0.6448	-0.0921	0.2415	0.7857	0.1004	0.2982	0.8461	0.3397	
