0	0.4134	0.326	-0.0601	0.3729	0.5041	0.1411	0.1772	0.6723	0.149	0.0899	0.3259	0.1781	0.0176	0.2845	0.2281	0.3335	
0.02	0.4079	0.326	-0.0601	0.3729	0.5049	0.178	0.1793	0.6783	0.2121	0.0971	0.338	0.2368	0.0305	0.2955	0.3046	0.3473	
0.04	0.4024	0.326	-0.0601	0.3729	0.5057	0.2149	0.1813	0.6843	0.2751	0.1042	0.3501	0.2955	0.0434	0.3064	0.3811	0.3612	
0.06	0.3969	0.326	-0.0601	0.3729	0.5065	0.2518	0.1834	0.6903	0.3382	0.1114	0.3623	0.3542	0.0563	0.3173	0.4576	0.375	
0.08	0.3914	0.326	-0.0601	0.3729	0.5073	0.2887	0.1854	0.6963	0.4013	0.1186	0.3744	0.4129	0.0692	0.3283	0.5341	0.3889	
0.1	0.3855	0.326	-0.0601	0.3729	0.509	0.3226	0.1879	0.7041	0.4567	0.1259	0.3866	0.4658	0.0807	0.3391	0.6017	0.4005	
0.12	0.3783	0.326	-0.0601	0.3729	0.5117	0.3585	0.1911	0.7145	0.5101	0.1346	0.399	0.5145	0.0935	0.3517	0.6607	0.4127	
0.14	0.3699	0.326	-0.0601	0.3729	0.5153	0.3963	0.1956	0.7272	0.5621	0.1448	0.4119	0.5592	0.1072	0.3657	0.7112	0.4251	
0.16	0.3601	0.326	-0.0601	0.3728	0.5198	0.4357	0.2019	0.7421	0.6124	0.1567	0.4257	0.5997	0.1213	0.3812	0.7536	0.4375	
0.18	0.3494	0.326	-0.0601	0.3726	0.525	0.4769	0.2108	0.7586	0.6613	0.1706	0.441	0.6364	0.1351	0.3984	0.7885	0.4495	
0.2	0.338	0.326	-0.0601	0.3721	0.5313	0.5206	0.2228	0.7763	0.7089	0.1864	0.4584	0.6704	0.1487	0.418	0.8175	0.461	
0.22	0.3268	0.3261	-0.0601	0.3712	0.5394	0.5676	0.238	0.7952	0.7561	0.2041	0.479	0.703	0.1621	0.4413	0.8423	0.4722	
0.24	0.3164	0.3263	-0.0601	0.3699	0.5504	0.6183	0.2562	0.816	0.8039	0.223	0.5039	0.7358	0.176	0.47	0.865	0.4837	
0.26	0.3078	0.3267	-0.0601	0.3681	0.5655	0.6718	0.2766	0.8398	0.8529	0.2425	0.534	0.7694	0.1906	0.5056	0.8869	0.496	
0.28	0.3015	0.3272	-0.0601	0.3658	0.5853	0.7269	0.2986	0.8679	0.903	0.2623	0.5699	0.8039	0.206	0.5493	0.9084	0.5098	
0.3	0.298	0.328	-0.0601	0.363	0.6098	0.782	0.3214	0.901	0.9532	0.282	0.6113	0.8384	0.2219	0.6011	0.9296	0.5252	
0.32	0.2977	0.329	-0.0601	0.3598	0.6381	0.8356	0.3448	0.9393	1.0018	0.3011	0.6571	0.8719	0.2379	0.6599	0.95	0.5422	
0.34	0.3007	0.3303	-0.06	0.3562	0.669	0.8865	0.3682	0.9822	1.0473	0.3193	0.7058	0.9037	0.2536	0.7241	0.9692	0.5606	
0.36	0.307	0.3319	-0.0597	0.3523	0.7014	0.9337	0.3912	1.0283	1.0889	0.3361	0.7562	0.9335	0.2687	0.7919	0.9872	0.5798	
0.38	0.3167	0.3338	-0.0593	0.3483	0.7341	0.9763	0.4134	1.0759	1.1266	0.351	0.8067	0.9609	0.2835	0.8613	1.0042	0.5996	
0.4	0.3293	0.3359	-0.0587	0.3442	0.7662	1.0137	0.4343	1.1229	1.1613	0.3641	0.8566	0.986	0.2981	0.9305	1.0204	0.6193	
0.42	0.3444	0.3384	-0.0578	0.3404	0.7966	1.046	0.4541	1.1675	1.194	0.3758	0.9051	1.009	0.3126	0.9975	1.0361	0.6387	
0.44	0.361	0.3409	-0.0565	0.3373	0.8238	1.0738	0.4729	1.208	1.2256	0.3868	0.9515	1.0303	0.3271	1.0601	1.0512	0.6573	
0.46	0.3779	0.3435	-0.055	0.3353	0.8471	1.0982	0.4914	1.2433	1.2561	0.3974	0.9952	1.0506	0.3413	1.1165	1.0655	0.6749	
0.48	0.3941	0.3461	-0.053	0.335	0.8662	1.12	0.5095	1.2727	1.285	0.4079	1.0358	1.0708	0.3553	1.1659	1.0787	0.6912	
0.5	0.4089	0.3484	-0.0507	0.3368	0.8813	1.1397	0.5269	1.2963	1.3115	0.418	1.0728	1.0912	0.3691	1.2087	1.0906	0.706	
0.52	0.4219	0.3504	-0.048	0.341	0.8935	1.1574	0.543	1.3148	1.3349	0.4274	1.1062	1.1119	0.383	1.246	1.1007	0.7191	
0.54	0.4329	0.3521	-0.0449	0.3477	0.9036	1.173	0.5569	1.3293	1.3549	0.4357	1.1358	1.1322	0.3973	1.279	1.1091	0.7305	
0.56	0.4418	0.3535	-0.0416	0.3566	0.9122	1.1865	0.5684	1.3411	1.3713	0.4427	1.1614	1.1512	0.4121	1.3089	1.1157	0.7404	
0.58	0.4485	0.3545	-0.0379	0.3675	0.9193	1.1981	0.5772	1.3513	1.3838	0.4484	1.1828	1.1683	0.427	1.3359	1.1204	0.7488	
0.6	0.453	0.3551	-0.034	0.3796	0.925	1.2083	0.5838	1.3605	1.3923	0.4528	1.1999	1.1828	0.4415	1.3599	1.1235	0.7559	
0.62	0.4556	0.3555	-0.0299	0.3921	0.9291	1.2175	0.5884	1.3687	1.3973	0.456	1.2124	1.1946	0.455	1.3809	1.1251	0.7617	
0.64	0.4566	0.3556	-0.0255	0.4042	0.9317	1.2262	0.5914	1.3757	1.3994	0.4581	1.2205	1.2037	0.467	1.3988	1.1257	0.7665	
0.66	0.4566	0.3556	-0.0208	0.4149	0.9329	1.2348	0.593	1.381	1.3996	0.4592	1.2248	1.2101	0.4774	1.4141	1.1257	0.7702	
0.68	0.4563	0.3556	-0.016	0.424	0.9333	1.2435	0.5937	1.3845	1.399	0.4596	1.2263	1.2142	0.4863	1.427	1.1255	0.7729	
0.7	0.456	0.3555	-0.011	0.4309	0.9332	1.2522	0.5937	1.3864	1.3985	0.4596	1.2263	1.2163	0.4938	1.4378	1.1253	0.7746	
0.72	0.456	0.3555	-0.0062	0.4359	0.933	1.2608	0.5936	1.387	1.3983	0.4595	1.2257	1.217	0.4996	1.4463	1.1253	0.7756	
0.74	0.456	0.3555	-0.0016	0.4389	0.9329	1.269	0.5934	1.387	1.3984	0.4594	1.2253	1.217	0.5036	1.4524	1.1254	0.7759	
0.76	0.4561	0.3556	0.0026	0.4405	0.9329	1.2765	0.5934	1.3867	1.3986	0.4593	1.2252	1.2168	0.506	1.456	1.1254	0.7759	
0.78	0.4562	0.3556	0.0061	0.4411	0.933	1.2832	0.5934	1.3865	1.3987	0.4594	1.2254	1.2166	0.507	1.4575	1.1255	0.7758	
0.8	0.4562	0.3556	0.0097	0.441	0.933	1.2901	0.5934	1.3866	1.3987	0.4594	1.2255	1.2166	0.5068	1.4571	1.1254	0.7758	
0.82	0.4561	0.3556	0.0133	0.4409	0.933	1.297	0.5935	1.3867	1.3986	0.4594	1.2256	1.2167	0.5066	1.4568	1.1254	0.7757	
0.84	0.4561	0.3556	0.0169	0.4407	0.9331	1.3038	0.5935	1.3868	1.3986	0.4595	1.2257	1.2168	0.5064	1.4564	1.1254	0.7757	
0.86	0.4561	0.3555	0.0204	0.4406	0.9331	1.3107	0.5936	1.3868	1.3985	0.4595	1.2259	1.2168	0.5061	1.4561	1.1254	0.7757	
