0	0.6266	-0.2797	0.3291	0.3083	0.1345	0.0852	0.0586	0.4716	0.3984	0.031	0.3289	0.5877	-0.0319	0.0452	0.478	-0.1283	
0.02	0.6273	-0.2867	0.3225	0.3083	0.1365	0.0855	0.0587	0.4902	0.4275	0.0402	0.345	0.6354	-0.0099	0.0452	0.5163	-0.0913	
0.04	0.6279	-0.2936	0.316	0.3083	0.1384	0.0859	0.0588	0.5087	0.4566	0.0493	0.3611	0.683	0.012	0.0452	0.5547	-0.0544	
0.06	0.6285	-0.3006	0.3094	0.3083	0.1404	0.0862	0.0589	0.5273	0.4857	0.0584	0.3772	0.7306	0.034	0.0452	0.593	-0.0175	
0.08	0.6292	-0.3075	0.3029	0.3083	0.1423	0.0866	0.0591	0.5459	0.5149	0.0676	0.3933	0.7782	0.056	0.0452	0.6313	0.0194	
0.1	0.6299	-0.3145	0.2946	0.3083	0.1443	0.0869	0.0592	0.5675	0.5493	0.0782	0.4121	0.8354	0.0825	0.0452	0.6776	0.0582	
0.12	0.6308	-0.3197	0.2906	0.3083	0.1464	0.0874	0.0594	0.5805	0.5691	0.0846	0.4232	0.8671	0.097	0.0452	0.7029	0.082	
0.14	0.6319	-0.3233	0.2898	0.3083	0.1486	0.088	0.0597	0.587	0.5778	0.0876	0.4283	0.8793	0.1025	0.0452	0.7123	0.0939	
0.16	0.6331	-0.3258	0.2906	0.3083	0.1509	0.0887	0.0601	0.5899	0.5805	0.0889	0.4302	0.8814	0.1032	0.0452	0.7134	0.0983	
0.18	0.6345	-0.3277	0.2916	0.3083	0.1533	0.0895	0.0605	0.5921	0.5819	0.0897	0.4315	0.8816	0.103	0.0452	0.713	0.0994	
0.2	0.6361	-0.3295	0.2922	0.3083	0.1558	0.0904	0.061	0.5948	0.5846	0.0909	0.4333	0.8843	0.104	0.0452	0.7146	0.1002	
0.22	0.6378	-0.3312	0.2921	0.3083	0.1584	0.0914	0.0616	0.5983	0.5888	0.0925	0.4358	0.8898	0.1063	0.0452	0.7187	0.1017	
0.24	0.6397	-0.3329	0.2918	0.3083	0.161	0.0925	0.0622	0.602	0.5936	0.0942	0.4386	0.8964	0.1091	0.0452	0.7237	0.1037	
0.26	0.6416	-0.3345	0.2915	0.3083	0.1638	0.0937	0.0629	0.6053	0.5978	0.0957	0.4411	0.9024	0.1117	0.0452	0.7282	0.1058	
0.28	0.6437	-0.336	0.2914	0.3083	0.1666	0.095	0.0637	0.6079	0.601	0.097	0.4431	0.9068	0.1135	0.0452	0.7314	0.1075	
0.3	0.6459	-0.3373	0.2914	0.3083	0.1695	0.0963	0.0645	0.6101	0.6034	0.0979	0.4446	0.9099	0.1147	0.0452	0.7336	0.1087	
0.32	0.6482	-0.3384	0.2915	0.3083	0.1725	0.0978	0.0654	0.6118	0.6054	0.0987	0.4458	0.9122	0.1156	0.0452	0.7352	0.1095	
0.34	0.6506	-0.3395	0.2916	0.3083	0.1755	0.0993	0.0663	0.6135	0.6072	0.0994	0.4469	0.9145	0.1165	0.0452	0.7368	0.1102	
0.36	0.653	-0.3405	0.2916	0.3083	0.1787	0.1009	0.0673	0.615	0.609	0.1001	0.448	0.9169	0.1174	0.0452	0.7385	0.111	
0.38	0.6555	-0.3414	0.2916	0.3083	0.1819	0.1026	0.0683	0.6166	0.6108	0.1008	0.449	0.9193	0.1183	0.0452	0.7402	0.1117	
0.4	0.6581	-0.3423	0.2916	0.3083	0.1851	0.1043	0.0694	0.618	0.6125	0.1015	0.45	0.9215	0.1192	0.0452	0.7418	0.1124	
0.42	0.6607	-0.3431	0.2916	0.3083	0.1885	0.1062	0.0705	0.6193	0.614	0.102	0.4509	0.9235	0.12	0.0452	0.7433	0.1131	
0.44	0.6633	-0.3439	0.2916	0.3083	0.1919	0.1081	0.0717	0.6205	0.6153	0.1026	0.4518	0.9253	0.1207	0.0452	0.7445	0.1137	
0.46	0.6659	-0.3446	0.2916	0.3083	0.1953	0.11	0.0729	0.6216	0.6166	0.1031	0.4526	0.9269	0.1214	0.0452	0.7457	0.1142	
0.48	0.6686	-0.3453	0.2916	0.3083	0.1988	0.1121	0.0741	0.6227	0.6179	0.1035	0.4533	0.9284	0.122	0.0452	0.7468	0.1146	
0.5	0.6713	-0.346	0.2916	0.3083	0.2024	0.1141	0.0754	0.6238	0.6191	0.104	0.4542	0.93	0.1227	0.0452	0.748	0.1151	
0.52	0.674	-0.3467	0.2916	0.3083	0.206	0.1163	0.0767	0.6249	0.6205	0.1046	0.455	0.9317	0.1234	0.0452	0.7492	0.1156	
0.54	0.6766	-0.3474	0.2916	0.3083	0.2097	0.1185	0.078	0.6261	0.6219	0.1051	0.4559	0.9334	0.1242	0.0452	0.7505	0.1161	
0.56	0.6793	-0.3481	0.2916	0.3083	0.2134	0.1208	0.0794	0.6274	0.6235	0.1057	0.457	0.9352	0.1251	0.0452	0.7518	0.1166	
0.58	0.6819	-0.3488	0.2916	0.3083	0.2172	0.1231	0.0808	0.6288	0.6251	0.1063	0.4581	0.9372	0.126	0.0452	0.7533	0.1172	
0.6	0.6844	-0.3496	0.2916	0.3083	0.221	0.1254	0.0822	0.6303	0.627	0.107	0.4593	0.9393	0.1271	0.0452	0.7549	0.1179	
0.62	0.687	-0.3504	0.2916	0.3083	0.2249	0.1279	0.0836	0.632	0.629	0.1078	0.4607	0.9417	0.1283	0.0452	0.7567	0.1186	
0.64	0.6894	-0.3513	0.2916	0.3083	0.2288	0.1303	0.0851	0.6338	0.6313	0.1087	0.4622	0.9443	0.1296	0.0452	0.7587	0.1194	
0.66	0.6918	-0.3522	0.2916	0.3083	0.2328	0.1328	0.0865	0.6359	0.6339	0.1096	0.4639	0.9472	0.1311	0.0453	0.761	0.1203	
0.68	0.6941	-0.3533	0.2916	0.3083	0.2368	0.1353	0.088	0.6382	0.6367	0.1107	0.4659	0.9504	0.1328	0.0453	0.7635	0.1213	
0.7	0.6963	-0.3544	0.2916	0.3083	0.2408	0.138	0.0895	0.6407	0.6399	0.1119	0.468	0.954	0.1347	0.0455	0.7662	0.1224	
0.72	0.6984	-0.3556	0.2916	0.3083	0.2449	0.1407	0.091	0.6435	0.6434	0.1132	0.4704	0.9579	0.1368	0.0457	0.7692	0.1237	
0.74	0.7005	-0.3568	0.2916	0.3083	0.2491	0.1435	0.0925	0.6465	0.6472	0.1146	0.4731	0.9621	0.1391	0.0462	0.7725	0.1251	
0.76	0.7024	-0.3582	0.2916	0.3083	0.2533	0.1465	0.094	0.6498	0.6513	0.1161	0.4759	0.9667	0.1416	0.0467	0.7761	0.1267	
0.78	0.7044	-0.3597	0.2916	0.3083	0.2577	0.1497	0.0956	0.6532	0.6557	0.1177	0.479	0.9714	0.1443	0.0475	0.7798	0.1285	
0.8	0.7062	-0.3613	0.2916	0.3083	0.2622	0.1532	0.0971	0.6569	0.6603	0.1194	0.4824	0.9765	0.1472	0.0486	0.7838	0.1305	
0.82	0.7081	-0.363	0.2916	0.3083	0.2667	0.1569	0.0988	0.6607	0.6652	0.1212	0.4859	0.9817	0.1503	0.0499	0.7879	0.1327	
0.84	0.7099	-0.3648	0.2916	0.3083	0.2714	0.161	0.1005	0.6646	0.6703	0.1231	0.4897	0.9871	0.1536	0.0514	0.7922	0.1352	
0.86	0.7117	-0.3666	0.2916	0.3083	0.2763	0.1654	0.1022	0.6687	0.6756	0.125	0.4937	0.9926	0.1571	0.0532	0.7967	0.138	
0.88	0.7135	-0.3685	0.2916	0.3083	0.2812	0.1702	0.104	0.6729	0.6811	0.127	0.4978	0.9983	0.1607	0.0553	0.8012	0.141	
0.9	0.7152	-0.3705	0.2916	0.3083	0.2863	0.1753	0.1059	0.6771	0.6868	0.129	0.5022	1.004	0.1646	0.0576	0.8058	0.1444	
0.92	0.717	-0.3725	0.2916	0.3083	0.2915	0.1807	0.1079	0.6815	0.6926	0.1311	0.5067	1.0098	0.1685	0.0602	0.8106	0.1479	
0.94	0.7188	-0.3745	0.2916	0.3083	0.2968	0.1865	0.11	0.686	0.6986	0.1333	0.5114	1.0157	0.1727	0.063	0.8155	0.1518	
0.96	0.7205	-0.3767	0.2916	0.3083	0.3022	0.1926	0.1121	0.6906	0.7047	0.1355	0.5163	1.0217	0.177	0.066	0.8204	0.1559	
0.98	0.7223	-0.3788	0.2916	0.3083	0.3077	0.1991	0.1143	0.6953	0.711	0.1377	0.5213	1.0278	0.1814	0.0692	0.8255	0.1603	
1	0.724	-0.381	0.2916	0.3083	0.3134	0.2058	0.1166	0.7	0.7175	0.14	0.5265	1.034	0.186	0.0727	0.8306	0.1649	
1.02	0.7257	-0.3833	0.2916	0.3083	0.3192	0.2128	0.119	0.7049	0.7241	0.1424	0.5319	1.0403	0.1907	0.0763	0.8359	0.1697	
1.04	0.7274	-0.3856	0.2916	0.3083	0.325	0.2201	0.1214	0.7098	0.7308	0.1448	0.5374	1.0467	0.1956	0.0801	0.8412	0.1748	
1.06	0.7291	-0.3879	0.2916	0.3083	0.331	0.2276	0.1239	0.7149	0.7377	0.1472	0.5431	1.0532	0.2006	0.0841	0.8467	0.18	
1.08	0.7308	-0.3903	0.2916	0.3083	0.3371	0.2354	0.1265	0.72	0.7448	0.1497	0.5489	1.0597	0.2057	0.0883	0.8522	0.1855	
1.1	0.7325	-0.3928	0.2916	0.3083	0.3432	0.2435	0.1291	0.7252	0.7519	0.1523	0.5549	1.0664	0.211	0.0926	0.8578	0.1912	
1.12	0.7342	-0.3952	0.2916	0.3083	0.3495	0.2518	0.1318	0.7305	0.7592	0.1548	0.561	1.0731	0.2163	0.0971	0.8635	0.1971	
1.14	0.7359	-0.3977	0.2916	0.3083	0.3559	0.2604	0.1346	0.7359	0.7666	0.1575	0.5672	1.0799	0.2218	0.1018	0.8693	0.2032	
1.16	0.7375	-0.4003	0.2916	0.3083	0.3623	0.2691	0.1374	0.7413	0.7742	0.1601	0.5736	1.0868	0.2274	0.1066	0.8752	0.2094	
1.18	0.7392	-0.4029	0.2916	0.3083	0.3689	0.2781	0.1403	0.7469	0.7819	0.1628	0.5801	1.0937	0.2332	0.1115	0.8811	0.2158	
1.2	0.7408	-0.4055	0.2916	0.3083	0.3756	0.2873	0.1432	0.7525	0.7897	0.1656	0.5867	1.1008	0.239	0.1166	0.8872	0.2224	
1.22	0.7425	-0.4082	0.2916	0.3083	0.3823	0.2967	0.1462	0.7582	0.7976	0.1684	0.5934	1.1079	0.2449	0.1218	0.8933	0.2292	
1.24	0.7441	-0.4109	0.2916	0.3083	0.3891	0.3062	0.1492	0.7639	0.8056	0.1712	0.6002	1.115	0.251	0.127	0.8994	0.236	
1.26	0.7457	-0.4136	0.2916	0.3083	0.396	0.3159	0.1523	0.7697	0.8137	0.174	0.6071	1.1223	0.257	0.1324	0.9057	0.243	
1.28	0.7473	-0.4163	0.2916	0.3083	0.4029	0.3258	0.1554	0.7755	0.8219	0.1769	0.6141	1.1295	0.2632	0.1378	0.912	0.2501	
1.3	0.7489	-0.4191	0.2916	0.3083	0.41	0.3358	0.1585	0.7815	0.8302	0.1798	0.6212	1.1369	0.2695	0.1434	0.9183	0.2574	
1.32	0.7505	-0.422	0.2916	0.3083	0.4171	0.3461	0.1618	0.7875	0.8387	0.1828	0.6285	1.1444	0.2759	0.1491	0.9248	0.2648	
1.34	0.7521	-0.4249	0.2916	0.3083	0.4245	0.3565	0.1651	0.7937	0.8473	0.1858	0.6359	1.1521	0.2825	0.1549	0.9315	0.2724	
1.36	0.7536	-0.4278	0.2916	0.3083	0.4318	0.3671	0.1684	0.7999	0.856	0.1888	0.6434	1.1597	0.2891	0.1607	0.9381	0.2801	
1.38	0.7552	-0.4307	0.2916	0.3083	0.4391	0.3775	0.1717	0.806	0.8646	0.1919	0.6508	1.1673	0.2956	0.1665	0.9447	0.2877	
1.4	0.7566	-0.4335	0.2916	0.3083	0.4461	0.3876	0.1749	0.8119	0.873	0.1948	0.658	1.1746	0.3019	0.172	0.951	0.295	
1.42	0.758	-0.4361	0.2916	0.3083	0.4527	0.3972	0.1779	0.8175	0.8808	0.1975	0.6648	1.1815	0.3079	0.1773	0.9571	0.3019	
1.44	0.7594	-0.4388	0.2916	0.3083	0.4596	0.4071	0.181	0.8233	0.889	0.2004	0.6718	1.1886	0.3141	0.1827	0.9633	0.3091	
1.46	0.7608	-0.4416	0.2916	0.3083	0.4665	0.4169	0.1841	0.8291	0.8971	0.2032	0.6788	1.1958	0.3203	0.1881	0.9695	0.3163	
1.48	0.7622	-0.4443	0.2916	0.3083	0.4733	0.4268	0.1872	0.8349	0.9052	0.2061	0.6857	1.2029	0.3264	0.1936	0.9757	0.3235	
1.5	0.7636	-0.447	0.2916	0.3083	0.4802	0.4367	0.1903	0.8406	0.9133	0.2089	0.6927	1.21	0.3326	0.199	0.9819	0.3307	
