0	0.6489	0.4531	-0.015	-0.0918	0.2357	0.0217	-0.0531	0.1163	0.0274	-0.0844	0.1833	0.045	-0.187	0.2415	-0.171	0.038	
0.02	0.68	0.4335	-0.015	-0.0918	0.2374	0.0241	-0.0464	0.1169	0.0472	-0.0765	0.175	0.0779	-0.1728	0.246	-0.1477	0.0457	
0.04	0.711	0.4138	-0.015	-0.0918	0.239	0.0265	-0.0396	0.1175	0.0671	-0.0686	0.1666	0.1108	-0.1586	0.2505	-0.1244	0.0534	
0.06	0.7421	0.3942	-0.015	-0.0918	0.2407	0.0289	-0.0328	0.1181	0.0869	-0.0607	0.1583	0.1437	-0.1443	0.255	-0.1011	0.0611	
0.08	0.7732	0.3746	-0.015	-0.0918	0.2423	0.0313	-0.026	0.1187	0.1067	-0.0528	0.15	0.1766	-0.1301	0.2594	-0.0778	0.0688	
0.1	0.806	0.3527	-0.015	-0.0918	0.2448	0.0341	-0.0194	0.1196	0.1282	-0.0448	0.1422	0.206	-0.1152	0.2659	-0.0558	0.0762	
0.12	0.8393	0.3311	-0.015	-0.0918	0.2481	0.0376	-0.014	0.1209	0.1469	-0.0385	0.1335	0.2334	-0.1015	0.2748	-0.0367	0.0827	
0.14	0.8731	0.3098	-0.015	-0.0918	0.2524	0.0417	-0.0098	0.1226	0.1634	-0.0337	0.1243	0.2581	-0.0889	0.2865	-0.0202	0.0885	
0.16	0.9073	0.2889	-0.015	-0.0918	0.2575	0.0465	-0.0063	0.1248	0.1787	-0.0298	0.1149	0.2798	-0.0774	0.301	-0.0063	0.0937	
0.18	0.9415	0.2682	-0.015	-0.0918	0.2634	0.0517	-0.0032	0.1274	0.1934	-0.0264	0.1059	0.298	-0.0667	0.3183	0.0056	0.0983	
0.2	0.9758	0.2477	-0.015	-0.0918	0.2698	0.0572	-0.0002	0.1305	0.2079	-0.0232	0.0976	0.313	-0.0568	0.3379	0.0157	0.1026	
0.22	1.0103	0.2276	-0.015	-0.0918	0.2765	0.0628	0.0028	0.134	0.2222	-0.02	0.0901	0.3249	-0.0477	0.359	0.0243	0.1067	
0.24	1.0448	0.2082	-0.0151	-0.0917	0.2833	0.0684	0.006	0.1377	0.236	-0.0169	0.0833	0.3346	-0.0397	0.3808	0.0319	0.1107	
0.26	1.0788	0.1902	-0.0152	-0.0915	0.2898	0.0738	0.0093	0.1417	0.2488	-0.0138	0.0773	0.3427	-0.0327	0.4024	0.0386	0.1147	
0.28	1.1112	0.174	-0.0155	-0.0911	0.296	0.0788	0.0127	0.1459	0.2603	-0.0108	0.0716	0.3498	-0.0268	0.4234	0.045	0.1187	
0.3	1.1412	0.1598	-0.0161	-0.0906	0.3018	0.0836	0.0163	0.1502	0.2707	-0.0078	0.0661	0.3563	-0.0216	0.4432	0.0513	0.1227	
0.32	1.1683	0.1472	-0.0169	-0.0898	0.3071	0.0882	0.0199	0.1545	0.2801	-0.0047	0.0608	0.3624	-0.0169	0.4614	0.0577	0.1268	
0.34	1.1928	0.1358	-0.0181	-0.0886	0.3119	0.0925	0.0237	0.1589	0.289	-0.0016	0.0556	0.3682	-0.0123	0.4778	0.0644	0.1308	
0.36	1.2154	0.1252	-0.0198	-0.0869	0.3163	0.0966	0.0275	0.1634	0.2978	0.0017	0.0505	0.3737	-0.0076	0.4922	0.0715	0.135	
0.38	1.2369	0.1151	-0.0219	-0.0848	0.3203	0.1002	0.0315	0.1679	0.3069	0.0051	0.0456	0.3792	-0.0028	0.5048	0.0791	0.1396	
0.4	1.2575	0.1057	-0.0245	-0.0823	0.3241	0.1037	0.0355	0.1724	0.3164	0.0088	0.0406	0.3846	0.0022	0.5159	0.0873	0.145	
0.42	1.2775	0.0969	-0.0276	-0.0793	0.3278	0.1072	0.0397	0.177	0.3266	0.0126	0.0358	0.39	0.0075	0.5258	0.096	0.1517	
0.44	1.2966	0.089	-0.0313	-0.0759	0.3313	0.1118	0.0441	0.1817	0.3375	0.0166	0.0309	0.3954	0.0129	0.5349	0.1054	0.16	
0.46	1.3148	0.0818	-0.0354	-0.0718	0.3349	0.1186	0.0487	0.1866	0.3492	0.0208	0.026	0.4008	0.0188	0.5433	0.1153	0.17	
0.48	1.3321	0.0753	-0.0401	-0.0668	0.3384	0.1287	0.0535	0.1916	0.362	0.0253	0.0211	0.4064	0.0252	0.5511	0.1257	0.1814	
0.5	1.3484	0.0693	-0.0453	-0.0605	0.3419	0.1428	0.0585	0.1969	0.376	0.0301	0.0162	0.4125	0.0324	0.5582	0.1365	0.1938	
0.52	1.3638	0.0637	-0.0509	-0.0522	0.3455	0.1609	0.0638	0.2022	0.3915	0.0355	0.0113	0.4194	0.0405	0.5646	0.1477	0.2068	
0.54	1.3783	0.0584	-0.0567	-0.0415	0.3492	0.1825	0.0695	0.2075	0.4087	0.0417	0.0063	0.428	0.0499	0.5701	0.1595	0.2205	
0.56	1.3915	0.0535	-0.0627	-0.0273	0.353	0.2068	0.0759	0.2125	0.4279	0.0489	0.0014	0.4386	0.0607	0.5745	0.1719	0.2347	
0.58	1.4033	0.0489	-0.0691	-0.0087	0.3569	0.2332	0.0831	0.217	0.4488	0.0572	-0.0035	0.4515	0.0731	0.5776	0.1856	0.2498	
0.6	1.4132	0.0447	-0.0766	0.0156	0.3611	0.2611	0.0912	0.2209	0.4713	0.0665	-0.0084	0.4669	0.0875	0.5792	0.201	0.2659	
0.62	1.4211	0.041	-0.0858	0.0464	0.3654	0.2896	0.1001	0.2241	0.4951	0.0768	-0.0133	0.4845	0.1039	0.5789	0.2184	0.2836	
0.64	1.4269	0.0379	-0.0977	0.0838	0.37	0.3176	0.1096	0.2267	0.5197	0.0878	-0.0181	0.5041	0.1221	0.5769	0.2383	0.3034	
0.66	1.4308	0.0356	-0.1125	0.127	0.3748	0.3435	0.1192	0.2286	0.5448	0.0994	-0.0226	0.5255	0.1415	0.5731	0.2608	0.326	
0.68	1.4328	0.0343	-0.1301	0.1749	0.3799	0.366	0.1286	0.2298	0.5698	0.1113	-0.0268	0.5482	0.1619	0.5681	0.2862	0.3522	
0.7	1.433	0.0344	-0.15	0.2259	0.3853	0.3845	0.1373	0.2305	0.5943	0.123	-0.0305	0.5718	0.1825	0.5623	0.3143	0.3824	
0.72	1.4316	0.0358	-0.1715	0.2782	0.391	0.3991	0.145	0.2307	0.6177	0.1339	-0.0337	0.5954	0.2031	0.5563	0.3448	0.4166	
0.74	1.4289	0.0386	-0.194	0.3299	0.3967	0.4104	0.1515	0.2307	0.6392	0.1436	-0.0363	0.618	0.223	0.5503	0.3767	0.4547	
0.76	1.4252	0.0424	-0.2171	0.3789	0.4024	0.4192	0.1567	0.2306	0.6583	0.1517	-0.0383	0.6387	0.2416	0.5449	0.4086	0.4962	
0.78	1.421	0.0469	-0.2405	0.4231	0.4077	0.426	0.1604	0.2306	0.6745	0.1583	-0.0398	0.6566	0.2584	0.5402	0.4389	0.5405	
0.8	1.4168	0.0517	-0.2635	0.4609	0.4125	0.4309	0.1628	0.2305	0.6877	0.1633	-0.0407	0.6715	0.2727	0.5366	0.4664	0.587	
0.82	1.4114	0.0578	-0.2848	0.4952	0.4176	0.4331	0.1636	0.2306	0.7001	0.1672	-0.0411	0.6862	0.2859	0.5343	0.4945	0.6343	
0.84	1.4061	0.0638	-0.306	0.5294	0.4227	0.4353	0.1643	0.2306	0.7125	0.1711	-0.0414	0.7009	0.2992	0.5319	0.5225	0.6817	
0.86	1.4008	0.0698	-0.3273	0.5636	0.4277	0.4375	0.1651	0.2306	0.7249	0.175	-0.0418	0.7156	0.3124	0.5296	0.5506	0.7291	
0.88	1.3954	0.0758	-0.3486	0.5978	0.4328	0.4397	0.1659	0.2307	0.7373	0.1789	-0.0422	0.7303	0.3256	0.5273	0.5787	0.7765	
