0	0.3528	0.5455	0.3813	0.2896	0.3354	0.018	0.2	0.3817	0.0386	0.1105	0.1649	-0.005	0.0505	0.1885	-0.0873	0.0154	
0.02	0.3731	0.508	0.3448	0.2852	0.3168	0.0365	0.2039	0.3759	0.0566	0.1059	0.1502	0.021	0.0457	0.198	-0.0625	0.0154	
0.04	0.3933	0.4705	0.3083	0.2808	0.2982	0.0549	0.2077	0.3702	0.0746	0.1013	0.1354	0.047	0.041	0.2075	-0.0377	0.0154	
0.06	0.4136	0.433	0.2718	0.2764	0.2796	0.0733	0.2116	0.3644	0.0926	0.0967	0.1206	0.073	0.0363	0.2171	-0.0129	0.0154	
0.08	0.4338	0.3955	0.2353	0.2719	0.261	0.0918	0.2154	0.3586	0.1106	0.0921	0.1059	0.099	0.0316	0.2266	0.0119	0.0154	
0.1	0.458	0.3585	0.1907	0.2663	0.2381	0.1126	0.2195	0.3467	0.1283	0.0875	0.0875	0.1235	0.0264	0.2345	0.0341	0.0154	
0.12	0.4866	0.3222	0.1436	0.2593	0.2099	0.1313	0.2244	0.3246	0.1438	0.0822	0.0653	0.1433	0.0201	0.2367	0.0562	0.0154	
0.14	0.5215	0.2869	0.095	0.2514	0.1773	0.1487	0.2298	0.2936	0.1576	0.0765	0.0403	0.1591	0.0131	0.234	0.0776	0.0154	
0.16	0.564	0.2528	0.0459	0.2429	0.1418	0.1663	0.2356	0.2562	0.1702	0.0709	0.0138	0.1718	0.0056	0.2276	0.0978	0.0157	
0.18	0.6144	0.2201	-0.0026	0.2347	0.1051	0.1852	0.2417	0.2156	0.1823	0.0655	-0.0132	0.1823	-0.0019	0.2189	0.1162	0.0162	
0.2	0.672	0.1891	-0.0492	0.2272	0.0686	0.2064	0.2478	0.1745	0.1944	0.0608	-0.0394	0.1917	-0.0089	0.2093	0.1332	0.017	
0.22	0.7358	0.1604	-0.0919	0.2213	0.0336	0.2299	0.2538	0.1355	0.2068	0.0571	-0.0636	0.2006	-0.015	0.2001	0.1498	0.0184	
0.24	0.8043	0.1343	-0.1285	0.2173	0.0008	0.2557	0.2597	0.1007	0.2196	0.0544	-0.084	0.2094	-0.0199	0.1923	0.1673	0.0203	
0.26	0.8754	0.111	-0.1569	0.2154	-0.0291	0.2834	0.2655	0.0722	0.2333	0.053	-0.0994	0.2187	-0.0232	0.1869	0.1867	0.0229	
0.28	0.9462	0.0903	-0.1759	0.2153	-0.0558	0.3127	0.2712	0.0516	0.2485	0.0527	-0.1092	0.229	-0.0247	0.1845	0.2082	0.0261	
0.3	1.0138	0.0721	-0.1857	0.2171	-0.0789	0.3438	0.2771	0.0401	0.2662	0.0536	-0.1133	0.2411	-0.0245	0.1853	0.2314	0.03	
0.32	1.0757	0.0563	-0.1878	0.221	-0.0982	0.3767	0.2835	0.0376	0.2874	0.0555	-0.1126	0.2557	-0.0226	0.1893	0.2557	0.0345	
0.34	1.1309	0.0431	-0.1841	0.2278	-0.1132	0.412	0.2907	0.043	0.3123	0.0584	-0.1083	0.2731	-0.019	0.196	0.2803	0.0397	
0.36	1.1796	0.0325	-0.1768	0.2388	-0.1237	0.4497	0.2994	0.0548	0.3407	0.0624	-0.1015	0.2935	-0.014	0.2047	0.3049	0.0457	
0.38	1.2225	0.0243	-0.1679	0.2556	-0.1296	0.4893	0.3097	0.0714	0.3717	0.0678	-0.0934	0.3164	-0.0073	0.2143	0.3291	0.0527	
0.4	1.2608	0.0183	-0.159	0.2791	-0.1311	0.53	0.3216	0.0915	0.404	0.0749	-0.0846	0.3413	0.0014	0.2241	0.3531	0.0609	
0.42	1.2952	0.014	-0.1516	0.3093	-0.1288	0.5706	0.3348	0.1137	0.4366	0.0837	-0.0759	0.367	0.0125	0.2334	0.3767	0.0703	
0.44	1.3264	0.011	-0.1467	0.3455	-0.1233	0.6102	0.3484	0.1369	0.4685	0.0939	-0.0679	0.3924	0.0264	0.2415	0.3997	0.0807	
0.46	1.3546	0.0091	-0.1448	0.3863	-0.1154	0.648	0.3618	0.1596	0.4988	0.1048	-0.0612	0.4161	0.0433	0.2478	0.4217	0.092	
0.48	1.38	0.008	-0.1459	0.4302	-0.1063	0.6834	0.3743	0.1808	0.5265	0.1159	-0.0564	0.4369	0.0628	0.2523	0.4425	0.1038	
0.5	1.4024	0.0076	-0.1496	0.4759	-0.097	0.7154	0.3856	0.1994	0.5508	0.1264	-0.0535	0.4541	0.0841	0.2547	0.4617	0.1159	
0.52	1.4215	0.0076	-0.1555	0.5221	-0.0887	0.743	0.3951	0.2148	0.5712	0.1361	-0.0524	0.4671	0.1064	0.2557	0.4794	0.1282	
0.54	1.4374	0.0077	-0.1629	0.5676	-0.0824	0.7656	0.4026	0.227	0.5879	0.1447	-0.0523	0.4761	0.1285	0.2557	0.4954	0.1402	
0.56	1.4498	0.0078	-0.171	0.6109	-0.0786	0.783	0.408	0.2361	0.6017	0.1518	-0.0526	0.4816	0.1493	0.2554	0.5096	0.1516	
0.58	1.4591	0.0078	-0.1787	0.6509	-0.077	0.7956	0.4112	0.2423	0.6138	0.1572	-0.053	0.4845	0.1676	0.2552	0.5214	0.162	
0.6	1.4656	0.0078	-0.1848	0.6851	-0.0773	0.8051	0.4118	0.2454	0.6255	0.1599	-0.0529	0.4849	0.186	0.2552	0.5312	0.1715	
0.62	1.4721	0.0078	-0.1909	0.7193	-0.0777	0.8145	0.4124	0.2485	0.6373	0.1625	-0.0528	0.4852	0.2045	0.2553	0.541	0.1811	
0.64	1.4786	0.0077	-0.1969	0.7535	-0.0781	0.824	0.4129	0.2517	0.649	0.1652	-0.0528	0.4856	0.2229	0.2553	0.5508	0.1906	
0.66	1.4851	0.0077	-0.203	0.7877	-0.0784	0.8334	0.4135	0.2548	0.6608	0.1679	-0.0527	0.486	0.2413	0.2554	0.5606	0.2001	
