0	0.4161	0.4411	0.2944	-0.0697	0.2793	0.0659	0.1117	0.2775	0.1803	-0.0021	0.1125	0.1601	-0.0573	0.1714	0.019	-0.0021	
0.02	0.4157	0.4432	0.2944	-0.0697	0.2868	0.0833	0.1117	0.2899	0.1981	-0.0002	0.1138	0.1912	-0.057	0.173	0.0295	-0.0079	
0.04	0.4154	0.4454	0.2944	-0.0697	0.2943	0.1008	0.1118	0.3023	0.2159	0.0017	0.1151	0.2222	-0.0566	0.1747	0.0399	-0.0138	
0.06	0.415	0.4476	0.2944	-0.0697	0.3017	0.1182	0.1118	0.3148	0.2338	0.0036	0.1164	0.2533	-0.0563	0.1763	0.0504	-0.0197	
0.08	0.4146	0.4498	0.2944	-0.0697	0.3092	0.1357	0.1118	0.3272	0.2516	0.0054	0.1177	0.2844	-0.0559	0.1779	0.0608	-0.0256	
0.1	0.4136	0.4525	0.2944	-0.0697	0.3179	0.1544	0.1121	0.3386	0.2697	0.0082	0.1202	0.3193	-0.0549	0.1808	0.0733	-0.0318	
0.12	0.4118	0.456	0.2944	-0.0697	0.3287	0.1755	0.1126	0.3519	0.2903	0.012	0.1237	0.3531	-0.0534	0.185	0.0893	-0.0393	
0.14	0.4091	0.4602	0.2944	-0.0697	0.3415	0.1987	0.1135	0.3675	0.3133	0.0173	0.1287	0.3861	-0.0511	0.1911	0.1086	-0.048	
0.16	0.4055	0.465	0.2944	-0.0697	0.3564	0.2238	0.115	0.3856	0.3382	0.0242	0.1354	0.4188	-0.0478	0.1996	0.1313	-0.0574	
0.18	0.4008	0.4703	0.2944	-0.0697	0.3729	0.2512	0.1169	0.4061	0.365	0.0331	0.1444	0.4524	-0.0434	0.2113	0.1568	-0.0674	
0.2	0.395	0.476	0.2944	-0.0697	0.391	0.2823	0.1196	0.429	0.3945	0.0441	0.1561	0.4879	-0.0374	0.2266	0.185	-0.0775	
0.22	0.3883	0.482	0.2944	-0.0697	0.4105	0.3183	0.1228	0.4541	0.4277	0.0572	0.1708	0.5262	-0.0297	0.2459	0.2159	-0.0876	
0.24	0.3808	0.4882	0.2944	-0.0697	0.4317	0.3596	0.1269	0.4812	0.4651	0.0721	0.189	0.5673	-0.0199	0.2692	0.2497	-0.0975	
0.26	0.3727	0.4943	0.2944	-0.0697	0.4555	0.4052	0.1319	0.5102	0.5066	0.0885	0.2115	0.6105	-0.0082	0.297	0.2866	-0.1073	
0.28	0.3642	0.5006	0.2944	-0.0697	0.4832	0.4533	0.138	0.5412	0.5507	0.1058	0.2395	0.6541	0.0052	0.3304	0.3266	-0.1168	
0.3	0.3554	0.507	0.2944	-0.0697	0.5165	0.5021	0.1453	0.5747	0.5958	0.1234	0.2754	0.6969	0.02	0.3713	0.3692	-0.1262	
0.32	0.3464	0.5138	0.2944	-0.0697	0.5568	0.5506	0.154	0.6114	0.6405	0.1408	0.3213	0.7383	0.0361	0.4214	0.4138	-0.1353	
0.34	0.3372	0.521	0.2944	-0.0697	0.6048	0.5983	0.1642	0.6519	0.6836	0.1577	0.3786	0.7781	0.0532	0.4819	0.4599	-0.144	
0.36	0.3278	0.5287	0.2944	-0.0697	0.6602	0.6453	0.176	0.6963	0.7251	0.1741	0.4471	0.8169	0.0712	0.5522	0.5079	-0.1517	
0.38	0.3181	0.5369	0.2944	-0.0697	0.7218	0.6913	0.1895	0.7444	0.765	0.1902	0.5244	0.8552	0.0901	0.6302	0.5583	-0.1581	
0.4	0.3081	0.5453	0.2944	-0.0697	0.7874	0.736	0.2048	0.7955	0.8041	0.2065	0.6071	0.8934	0.1099	0.7132	0.6121	-0.1623	
0.42	0.2977	0.5534	0.2944	-0.0697	0.8548	0.7793	0.2218	0.8486	0.8435	0.2232	0.6916	0.9321	0.1307	0.7984	0.6694	-0.164	
0.44	0.2868	0.5611	0.2944	-0.0697	0.9214	0.8216	0.2403	0.9028	0.8839	0.2408	0.7749	0.9718	0.1528	0.8836	0.7298	-0.1627	
0.46	0.2751	0.5679	0.2944	-0.0697	0.9847	0.8634	0.2603	0.9569	0.9256	0.2595	0.8542	1.0132	0.1763	0.9664	0.7919	-0.1586	
0.48	0.2623	0.5737	0.2944	-0.0697	1.0424	0.9053	0.2818	1.0091	0.9682	0.2794	0.9269	1.0565	0.2008	1.0443	0.8539	-0.1522	
0.5	0.2477	0.5784	0.2944	-0.0697	1.093	0.9477	0.3046	1.0578	1.0108	0.3002	0.9906	1.1012	0.2259	1.1146	0.9138	-0.1439	
0.52	0.2308	0.582	0.2944	-0.0697	1.1356	0.9905	0.3286	1.1012	1.0518	0.3216	1.0439	1.1464	0.2509	1.1752	0.9697	-0.1348	
0.54	0.2114	0.5844	0.2944	-0.0697	1.1706	1.0331	0.3531	1.1384	1.0899	0.343	1.0865	1.1906	0.275	1.2252	1.0199	-0.1255	
0.56	0.1901	0.5857	0.2944	-0.0697	1.1988	1.0739	0.3777	1.1692	1.1238	0.3638	1.1201	1.2318	0.2974	1.265	1.0628	-0.1168	
0.58	0.1676	0.5862	0.2944	-0.0697	1.2214	1.1114	0.4012	1.1942	1.1521	0.3831	1.1471	1.268	0.3173	1.2961	1.0974	-0.1093	
0.6	0.1454	0.5862	0.2944	-0.0697	1.2395	1.1439	0.4229	1.2143	1.1738	0.4003	1.1699	1.2974	0.334	1.3201	1.1234	-0.1035	
0.62	0.1243	0.5861	0.2944	-0.0697	1.2542	1.1711	0.4422	1.2303	1.1882	0.4151	1.1903	1.3192	0.347	1.3386	1.1407	-0.0995	
0.64	0.1001	0.586	0.2944	-0.0697	1.2688	1.1965	0.4619	1.2451	1.1932	0.4285	1.2112	1.3339	0.3571	1.3545	1.1478	-0.0979	
0.66	0.0759	0.586	0.2944	-0.0697	1.2833	1.2218	0.4816	1.2598	1.1981	0.4418	1.2321	1.3487	0.3672	1.3705	1.1549	-0.0964	
0.68	0.0517	0.5859	0.2944	-0.0697	1.2979	1.2472	0.5012	1.2745	1.2031	0.4551	1.253	1.3634	0.3773	1.3865	1.162	-0.0948	
0.7	0.0276	0.5859	0.2944	-0.0697	1.3124	1.2725	0.5209	1.2892	1.208	0.4685	1.2739	1.3781	0.3874	1.4024	1.1691	-0.0933	
