0	0.3536	0.6143	-0.2104	0.1349	0.4053	-0.1849	0.1581	0.4819	-0.2108	0.0775	0.4028	-0.0909	0.0759	0.3678	-0.0918	0.3402	
0.02	0.3536	0.6143	-0.2104	0.1349	0.4053	-0.1849	0.1581	0.4819	-0.2108	0.0775	0.4028	-0.0909	0.0759	0.3678	-0.0918	0.3402	
0.04	0.3536	0.6143	-0.2104	0.1349	0.4052	-0.1849	0.1581	0.4819	-0.2108	0.0775	0.4028	-0.0909	0.0759	0.3678	-0.0918	0.3402	
0.06	0.3536	0.6143	-0.2104	0.1349	0.4052	-0.1849	0.1581	0.4819	-0.2108	0.0775	0.4028	-0.0909	0.0759	0.3678	-0.0918	0.3402	
0.08	0.3536	0.6143	-0.2104	0.1349	0.4052	-0.1849	0.1581	0.4819	-0.2108	0.0775	0.4028	-0.0909	0.0759	0.3678	-0.0918	0.3402	
0.1	0.3536	0.6143	-0.2104	0.1349	0.4053	-0.1849	0.1581	0.4819	-0.2108	0.0775	0.4028	-0.0909	0.0759	0.3678	-0.0918	0.3402	
0.12	0.3536	0.6143	-0.2104	0.1349	0.4053	-0.1849	0.1581	0.4819	-0.2108	0.0775	0.4028	-0.0909	0.0759	0.3678	-0.0918	0.3402	
0.14	0.3536	0.6143	-0.2104	0.1349	0.4053	-0.1849	0.1581	0.4819	-0.2108	0.0775	0.4028	-0.0909	0.0759	0.3678	-0.0918	0.3401	
0.16	0.3536	0.6143	-0.2104	0.1349	0.4053	-0.1849	0.1581	0.4819	-0.2108	0.0775	0.4028	-0.0909	0.0759	0.3678	-0.0918	0.3401	
0.18	0.3536	0.6143	-0.2104	0.1349	0.4052	-0.1849	0.1581	0.4819	-0.2108	0.0775	0.4028	-0.0909	0.0759	0.3678	-0.0918	0.3399	
0.2	0.3536	0.6143	-0.2104	0.1349	0.4052	-0.1849	0.1581	0.4819	-0.2108	0.0775	0.4028	-0.0909	0.0759	0.3678	-0.0918	0.3397	
0.22	0.3536	0.6143	-0.2104	0.1349	0.4052	-0.1849	0.1581	0.4819	-0.2108	0.0775	0.4028	-0.0909	0.0759	0.3678	-0.0918	0.3393	
0.24	0.3536	0.6143	-0.2104	0.1349	0.4053	-0.1849	0.1581	0.4819	-0.2108	0.0775	0.4028	-0.0909	0.0759	0.3678	-0.0918	0.3388	
0.26	0.3536	0.6143	-0.2104	0.1349	0.4053	-0.1849	0.1581	0.4819	-0.2108	0.0775	0.4028	-0.0909	0.0759	0.3678	-0.0918	0.3381	
0.28	0.3536	0.6143	-0.2104	0.1349	0.4053	-0.1849	0.1581	0.4819	-0.2108	0.0775	0.4028	-0.0909	0.0759	0.3678	-0.0918	0.3372	
0.3	0.3536	0.6143	-0.2104	0.1349	0.4053	-0.1849	0.1581	0.4819	-0.2108	0.0775	0.4028	-0.0909	0.0759	0.3678	-0.0918	0.3362	
0.32	0.3536	0.6143	-0.2104	0.1349	0.4052	-0.1849	0.1581	0.4819	-0.2108	0.0775	0.4028	-0.0909	0.0759	0.3678	-0.0918	0.335	
0.34	0.3536	0.6143	-0.2104	0.1349	0.4052	-0.1849	0.1581	0.4819	-0.2108	0.0775	0.4028	-0.0909	0.0759	0.3678	-0.0918	0.3336	
0.36	0.3536	0.6143	-0.2104	0.1349	0.4052	-0.1849	0.1581	0.4819	-0.2108	0.0775	0.4028	-0.0909	0.0759	0.3678	-0.0918	0.3322	
0.38	0.3536	0.6143	-0.2104	0.1349	0.4052	-0.1849	0.1581	0.4819	-0.2108	0.0775	0.4028	-0.0909	0.0759	0.3678	-0.0918	0.3306	
0.4	0.3536	0.6143	-0.2104	0.1349	0.4053	-0.1849	0.1581	0.4819	-0.2108	0.0775	0.4028	-0.0909	0.0759	0.3678	-0.0918	0.329	
0.42	0.3536	0.6143	-0.2104	0.1349	0.4053	-0.1849	0.1581	0.4819	-0.2108	0.0775	0.4028	-0.0909	0.0759	0.3678	-0.0918	0.3273	
0.44	0.3536	0.6143	-0.2104	0.1349	0.4053	-0.1849	0.1581	0.4819	-0.2108	0.0775	0.4028	-0.0909	0.0759	0.3678	-0.0918	0.3257	
0.46	0.3536	0.6143	-0.2104	0.1349	0.4053	-0.1849	0.1581	0.4819	-0.2108	0.0775	0.4028	-0.0909	0.0759	0.3678	-0.0918	0.3241	
0.48	0.3536	0.6143	-0.2104	0.1349	0.4052	-0.1849	0.1581	0.4819	-0.2108	0.0775	0.4028	-0.0909	0.0759	0.3678	-0.0918	0.3225	
0.5	0.3536	0.6143	-0.2104	0.1349	0.4052	-0.1849	0.1581	0.4819	-0.2108	0.0775	0.4028	-0.0909	0.0759	0.3678	-0.0918	0.321	
0.52	0.3536	0.6143	-0.2104	0.1349	0.4052	-0.1849	0.1581	0.4819	-0.2108	0.0775	0.4028	-0.0909	0.0759	0.3678	-0.0918	0.3197	
0.54	0.3536	0.6143	-0.2104	0.1349	0.4053	-0.1849	0.1581	0.4819	-0.2108	0.0775	0.4028	-0.0909	0.0759	0.3678	-0.0918	0.3185	
0.56	0.3536	0.6143	-0.2104	0.1349	0.4053	-0.1849	0.1581	0.4819	-0.2108	0.0775	0.4028	-0.0909	0.0759	0.3678	-0.0918	0.3174	
0.58	0.3536	0.6143	-0.2104	0.1349	0.4053	-0.1849	0.1581	0.4819	-0.2108	0.0775	0.4028	-0.0909	0.0759	0.3678	-0.0918	0.3166	
0.6	0.3536	0.6143	-0.2104	0.1349	0.4053	-0.1849	0.1581	0.4819	-0.2108	0.0775	0.4028	-0.0909	0.0759	0.3678	-0.0918	0.3159	
0.62	0.3536	0.6143	-0.2104	0.1349	0.4052	-0.1849	0.1581	0.482	-0.2108	0.0775	0.4028	-0.0909	0.0759	0.3678	-0.0918	0.3155	
0.64	0.3536	0.6143	-0.2104	0.1349	0.4052	-0.1849	0.1581	0.4821	-0.2108	0.0775	0.4028	-0.0909	0.0759	0.3678	-0.0918	0.3152	
0.66	0.3536	0.6143	-0.2104	0.1349	0.4052	-0.1849	0.1581	0.4822	-0.2108	0.0775	0.4028	-0.0909	0.0759	0.3678	-0.0918	0.3151	
0.68	0.3536	0.6143	-0.2104	0.1349	0.4052	-0.1849	0.1581	0.4825	-0.2108	0.0775	0.4028	-0.0909	0.0759	0.3678	-0.0918	0.3151	
0.7	0.3536	0.6143	-0.2104	0.1349	0.4053	-0.1849	0.1581	0.4827	-0.2108	0.0775	0.4028	-0.0909	0.0759	0.3678	-0.0918	0.3153	
0.72	0.3536	0.6143	-0.2104	0.1349	0.4053	-0.1849	0.1581	0.4831	-0.2108	0.0775	0.4028	-0.0909	0.0759	0.3678	-0.0918	0.3156	
0.74	0.3536	0.6143	-0.2104	0.1349	0.4053	-0.1849	0.1581	0.4836	-0.2108	0.0775	0.4028	-0.0909	0.0759	0.3678	-0.0918	0.316	
0.76	0.3536	0.6143	-0.2104	0.1349	0.4052	-0.1848	0.1581	0.4841	-0.2108	0.0775	0.4028	-0.0909	0.0759	0.3678	-0.0918	0.3165	
0.78	0.3536	0.6143	-0.2104	0.1349	0.4052	-0.1848	0.1581	0.4848	-0.2108	0.0775	0.4028	-0.0909	0.0759	0.3678	-0.0918	0.3171	
0.8	0.3536	0.6143	-0.2104	0.1349	0.4052	-0.1847	0.1581	0.4855	-0.2108	0.0775	0.4028	-0.0909	0.0759	0.3678	-0.0918	0.3177	
0.82	0.3536	0.6143	-0.2104	0.1349	0.4053	-0.1846	0.1581	0.4863	-0.2107	0.0775	0.4028	-0.0909	0.0759	0.3678	-0.0918	0.3184	
0.84	0.3536	0.6143	-0.2104	0.1349	0.4053	-0.1845	0.1581	0.4872	-0.2106	0.0775	0.4028	-0.0909	0.0759	0.3678	-0.0917	0.3192	
0.86	0.3536	0.6142	-0.2103	0.1349	0.4053	-0.1843	0.1581	0.4881	-0.2105	0.0775	0.4028	-0.0909	0.0759	0.3678	-0.0917	0.32	
0.88	0.3537	0.6142	-0.2102	0.1349	0.4053	-0.184	0.1581	0.4892	-0.2104	0.0775	0.4028	-0.0909	0.0759	0.3678	-0.0916	0.3209	
0.9	0.3537	0.6142	-0.2101	0.135	0.4053	-0.1836	0.1581	0.4902	-0.2102	0.0775	0.4027	-0.0908	0.0759	0.3678	-0.0914	0.3218	
0.92	0.3537	0.6141	-0.2098	0.135	0.4054	-0.1832	0.1581	0.4914	-0.21	0.0775	0.4026	-0.0907	0.0759	0.3678	-0.0912	0.3228	
0.94	0.3538	0.6141	-0.2095	0.1351	0.4055	-0.1827	0.1581	0.4926	-0.2097	0.0775	0.4024	-0.0905	0.0759	0.3678	-0.091	0.3238	
0.96	0.3539	0.614	-0.2091	0.1353	0.4056	-0.1821	0.1581	0.4938	-0.2094	0.0775	0.4022	-0.0903	0.0759	0.3678	-0.0906	0.3248	
0.98	0.354	0.6139	-0.2086	0.1355	0.4058	-0.1814	0.1581	0.4951	-0.2091	0.0775	0.4019	-0.09	0.0759	0.3678	-0.0902	0.3259	
1	0.3542	0.6138	-0.208	0.1357	0.406	-0.1807	0.1581	0.4964	-0.2086	0.0775	0.4015	-0.0897	0.0759	0.3678	-0.0896	0.327	
1.02	0.3544	0.6136	-0.2073	0.136	0.4062	-0.1799	0.1581	0.4977	-0.2082	0.0775	0.4011	-0.0892	0.0759	0.3678	-0.089	0.3281	
1.04	0.3546	0.6135	-0.2064	0.1363	0.4064	-0.179	0.1581	0.4991	-0.2077	0.0775	0.4005	-0.0887	0.0759	0.3678	-0.0883	0.3292	
1.06	0.3549	0.6133	-0.2055	0.1367	0.4067	-0.178	0.1581	0.5005	-0.2071	0.0775	0.3999	-0.0881	0.0759	0.3678	-0.0875	0.3303	
1.08	0.3553	0.6131	-0.2045	0.1372	0.4071	-0.177	0.1581	0.502	-0.2066	0.0775	0.3993	-0.0875	0.0759	0.3678	-0.0866	0.3315	
1.1	0.3556	0.6129	-0.2034	0.1377	0.4074	-0.1759	0.1581	0.5034	-0.2059	0.0775	0.3985	-0.0868	0.0759	0.3678	-0.0856	0.3326	
1.12	0.3561	0.6126	-0.2022	0.1382	0.4079	-0.1747	0.1581	0.5048	-0.2053	0.0775	0.3977	-0.086	0.0759	0.3678	-0.0846	0.3337	
1.14	0.3565	0.6123	-0.201	0.1388	0.4083	-0.1735	0.1581	0.5063	-0.2046	0.0775	0.3968	-0.0851	0.0759	0.3678	-0.0834	0.3348	
1.16	0.3571	0.612	-0.1996	0.1394	0.4088	-0.1722	0.1581	0.5078	-0.2038	0.0775	0.3959	-0.0842	0.0759	0.3678	-0.0822	0.3359	
1.18	0.3576	0.6116	-0.1982	0.1401	0.4093	-0.1708	0.1581	0.5092	-0.203	0.0775	0.3949	-0.0832	0.0759	0.3678	-0.0809	0.337	
1.2	0.3582	0.6112	-0.1967	0.1408	0.4099	-0.1693	0.1582	0.5107	-0.2022	0.0775	0.3938	-0.0822	0.0759	0.3678	-0.0796	0.3381	
1.22	0.3589	0.6108	-0.1952	0.1416	0.4105	-0.1678	0.1582	0.5121	-0.2014	0.0775	0.3927	-0.0811	0.0759	0.3678	-0.0782	0.3392	
1.24	0.3597	0.6103	-0.1935	0.1424	0.4112	-0.1662	0.1582	0.5136	-0.2005	0.0775	0.3915	-0.08	0.0759	0.3678	-0.0767	0.3403	
1.26	0.3605	0.6098	-0.1919	0.1433	0.4119	-0.1645	0.1583	0.515	-0.1995	0.0775	0.3903	-0.0788	0.0759	0.3678	-0.0751	0.3414	
1.28	0.3613	0.6093	-0.1901	0.1442	0.4126	-0.1628	0.1583	0.5163	-0.1986	0.0775	0.389	-0.0775	0.0759	0.3678	-0.0735	0.3426	
1.3	0.3622	0.6087	-0.1883	0.1451	0.4134	-0.161	0.1584	0.5177	-0.1976	0.0775	0.3876	-0.0762	0.0759	0.3678	-0.0718	0.3438	
1.32	0.3632	0.6081	-0.1865	0.1461	0.4142	-0.1592	0.1585	0.519	-0.1965	0.0775	0.3862	-0.0749	0.0759	0.3678	-0.0701	0.3451	
1.34	0.3642	0.6074	-0.1846	0.1471	0.4151	-0.1573	0.1586	0.5203	-0.1955	0.0775	0.3848	-0.0735	0.0759	0.3678	-0.0683	0.3464	
1.36	0.3653	0.6067	-0.1826	0.1482	0.416	-0.1553	0.1587	0.5215	-0.1944	0.0775	0.3833	-0.072	0.0759	0.3678	-0.0664	0.3478	
1.38	0.3665	0.6059	-0.1806	0.1493	0.417	-0.1533	0.1588	0.5227	-0.1932	0.0775	0.3818	-0.0706	0.0759	0.3678	-0.0645	0.3492	
1.4	0.3677	0.6051	-0.1786	0.1504	0.418	-0.1511	0.1589	0.5238	-0.1921	0.0775	0.3802	-0.069	0.0759	0.3678	-0.0626	0.3506	
1.42	0.369	0.6043	-0.1765	0.1516	0.419	-0.149	0.159	0.5249	-0.1909	0.0775	0.3786	-0.0675	0.0759	0.3678	-0.0606	0.3521	
1.44	0.3704	0.6034	-0.1745	0.1528	0.4202	-0.1468	0.1592	0.5259	-0.1897	0.0775	0.3769	-0.0659	0.0759	0.3678	-0.0586	0.3535	
1.46	0.3718	0.6025	-0.1723	0.1541	0.4213	-0.1445	0.1594	0.5269	-0.1885	0.0775	0.3752	-0.0642	0.0759	0.3678	-0.0565	0.3549	
1.48	0.3733	0.6015	-0.1702	0.1554	0.4225	-0.1421	0.1595	0.5278	-0.1872	0.0775	0.3735	-0.0626	0.0759	0.3678	-0.0544	0.3563	
1.5	0.3749	0.6004	-0.168	0.1567	0.4238	-0.1397	0.1597	0.5286	-0.1859	0.0775	0.3718	-0.0609	0.0759	0.3678	-0.0522	0.3576	
1.52	0.3766	0.5991	-0.1658	0.158	0.4251	-0.1373	0.1599	0.5293	-0.1846	0.0775	0.37	-0.0591	0.0759	0.3678	-0.05	0.3589	
1.54	0.3783	0.5979	-0.1637	0.1594	0.4265	-0.1347	0.1602	0.53	-0.1832	0.0775	0.3682	-0.0574	0.0759	0.3678	-0.0478	0.3601	
1.56	0.3802	0.5966	-0.1614	0.1609	0.4279	-0.1321	0.1604	0.5305	-0.1819	0.0775	0.3663	-0.0556	0.0759	0.3678	-0.0455	0.3612	
1.58	0.3821	0.5955	-0.1592	0.1623	0.4293	-0.1295	0.1607	0.531	-0.1805	0.0775	0.3644	-0.0538	0.0759	0.3678	-0.0432	0.3622	
1.6	0.3841	0.5944	-0.157	0.1638	0.4308	-0.1268	0.1609	0.5313	-0.1791	0.0775	0.3626	-0.0519	0.0759	0.3678	-0.0409	0.3631	
1.62	0.3861	0.5931	-0.1548	0.1654	0.4324	-0.1241	0.1612	0.5315	-0.1777	0.0775	0.3607	-0.0501	0.0759	0.3678	-0.0386	0.3638	
1.64	0.3883	0.5911	-0.1526	0.1669	0.434	-0.1213	0.1615	0.5316	-0.1762	0.0775	0.3587	-0.0482	0.0759	0.3678	-0.0362	0.3644	
1.66	0.3905	0.5878	-0.1504	0.1685	0.4357	-0.1184	0.1619	0.5315	-0.1747	0.0775	0.3567	-0.0463	0.0759	0.3678	-0.0338	0.3647	
1.68	0.3929	0.5824	-0.1482	0.1701	0.4375	-0.1152	0.1622	0.5312	-0.1732	0.0775	0.3547	-0.0444	0.0759	0.3678	-0.0314	0.3649	
1.7	0.3953	0.5747	-0.146	0.1718	0.4393	-0.1117	0.1626	0.5307	-0.1717	0.0775	0.3528	-0.0425	0.0759	0.3678	-0.0291	0.3647	
1.72	0.3978	0.5643	-0.1438	0.1734	0.4411	-0.1078	0.163	0.53	-0.1702	0.0775	0.3509	-0.0406	0.0759	0.3678	-0.0269	0.3643	
1.74	0.4004	0.5513	-0.1417	0.1751	0.443	-0.1034	0.1634	0.5291	-0.1687	0.0775	0.3491	-0.0389	0.0759	0.3678	-0.025	0.3637	
1.76	0.403	0.5354	-0.1394	0.1769	0.4449	-0.0984	0.1638	0.528	-0.1671	0.0775	0.3475	-0.0373	0.0759	0.3678	-0.0234	0.3627	
1.78	0.4059	0.5167	-0.1372	0.1786	0.447	-0.0929	0.1643	0.5266	-0.1656	0.0775	0.3461	-0.036	0.0759	0.3678	-0.022	0.3614	
1.8	0.4094	0.4955	-0.1348	0.1804	0.4493	-0.0867	0.1647	0.5251	-0.164	0.0775	0.345	-0.0349	0.0759	0.3678	-0.0209	0.3598	
1.82	0.414	0.4722	-0.1324	0.1822	0.4522	-0.08	0.1652	0.5234	-0.1624	0.0775	0.3441	-0.0341	0.0759	0.3678	-0.0201	0.358	
1.84	0.4205	0.4477	-0.1298	0.184	0.4557	-0.0729	0.1658	0.5215	-0.1608	0.0775	0.3434	-0.0334	0.0759	0.3678	-0.0196	0.3559	
1.86	0.4294	0.4228	-0.1271	0.1859	0.46	-0.0653	0.1663	0.5195	-0.1592	0.0775	0.343	-0.033	0.0759	0.3678	-0.0194	0.3536	
1.88	0.4413	0.3982	-0.1242	0.1879	0.4653	-0.0575	0.1669	0.5174	-0.1575	0.0775	0.3428	-0.0328	0.0759	0.3678	-0.0193	0.3513	
1.9	0.4566	0.3745	-0.1212	0.1901	0.4717	-0.0494	0.1675	0.5152	-0.1559	0.0775	0.3427	-0.0327	0.0759	0.3678	-0.0193	0.3488	
1.92	0.4752	0.3518	-0.118	0.1925	0.4792	-0.0408	0.1681	0.5129	-0.1542	0.0775	0.3427	-0.0327	0.0759	0.3678	-0.0193	0.3463	
1.94	0.4967	0.3305	-0.1147	0.195	0.4879	-0.0312	0.1687	0.5106	-0.1526	0.0775	0.3428	-0.0328	0.0759	0.3678	-0.0193	0.3437	
1.96	0.5206	0.3105	-0.1114	0.1979	0.4977	-0.0202	0.1694	0.5082	-0.1509	0.0775	0.3428	-0.0328	0.0759	0.3678	-0.0193	0.3412	
1.98	0.546	0.2919	-0.108	0.201	0.5083	-0.0074	0.1701	0.5059	-0.1492	0.0775	0.3428	-0.0328	0.0759	0.3678	-0.0193	0.3388	
2	0.5722	0.2748	-0.1046	0.2044	0.5194	0.0075	0.1708	0.5035	-0.1476	0.0775	0.3428	-0.0328	0.0759	0.3678	-0.0193	0.3363	
2.02	0.5985	0.259	-0.1012	0.2081	0.5307	0.0246	0.1715	0.5012	-0.1459	0.0775	0.3428	-0.0328	0.0759	0.3678	-0.0193	0.334	
2.04	0.6244	0.2447	-0.0979	0.212	0.5419	0.0436	0.1723	0.4989	-0.1442	0.0775	0.3428	-0.0328	0.0759	0.3678	-0.0193	0.3316	
2.06	0.6494	0.2316	-0.0948	0.216	0.5529	0.0642	0.1731	0.4967	-0.1426	0.0775	0.3428	-0.0328	0.0759	0.3678	-0.0193	0.3293	
2.08	0.6732	0.2197	-0.0917	0.2201	0.5633	0.0858	0.1739	0.4946	-0.1409	0.0775	0.3428	-0.0328	0.0759	0.3678	-0.0193	0.327	
2.1	0.6958	0.2088	-0.0889	0.2242	0.5731	0.1079	0.1748	0.4926	-0.1393	0.0775	0.3428	-0.0328	0.0759	0.3678	-0.0193	0.3247	
2.12	0.7174	0.1988	-0.0862	0.2283	0.582	0.1297	0.1757	0.4907	-0.1376	0.0775	0.3428	-0.0328	0.0759	0.3678	-0.0193	0.3224	
2.14	0.7381	0.1895	-0.0839	0.2322	0.59	0.1507	0.1766	0.489	-0.136	0.0775	0.3428	-0.0328	0.0759	0.3678	-0.0193	0.3201	
2.16	0.7582	0.1811	-0.0818	0.236	0.5971	0.1705	0.1776	0.4875	-0.1344	0.0775	0.3428	-0.0328	0.0759	0.3678	-0.0193	0.3181	
2.18	0.7779	0.1735	-0.08	0.2396	0.6034	0.1887	0.1786	0.4861	-0.1327	0.0775	0.3428	-0.0328	0.0759	0.3678	-0.0193	0.3162	
2.2	0.7975	0.1666	-0.0785	0.243	0.6089	0.2055	0.1796	0.485	-0.131	0.0775	0.3428	-0.0328	0.0759	0.3678	-0.0193	0.3146	
2.22	0.8173	0.1601	-0.0774	0.2464	0.6137	0.2211	0.1806	0.4841	-0.1293	0.0775	0.3428	-0.0328	0.0759	0.3678	-0.0193	0.3132	
2.24	0.8377	0.1538	-0.0767	0.2497	0.618	0.2359	0.1815	0.4835	-0.1275	0.0775	0.3428	-0.0328	0.0759	0.3678	-0.0193	0.3122	
2.26	0.8588	0.1477	-0.0763	0.253	0.6219	0.2506	0.1826	0.4832	-0.1257	0.0775	0.3428	-0.0328	0.0759	0.3678	-0.0193	0.3114	
2.28	0.8805	0.1416	-0.0762	0.2563	0.6253	0.2661	0.1838	0.4832	-0.1237	0.0775	0.3428	-0.0328	0.0759	0.3678	-0.0193	0.3109	
2.3	0.9029	0.1356	-0.0764	0.2598	0.6285	0.2832	0.1856	0.4836	-0.1217	0.0775	0.3428	-0.0328	0.0759	0.3678	-0.0193	0.3106	
2.32	0.9258	0.1297	-0.0769	0.2638	0.6316	0.303	0.1882	0.4844	-0.1195	0.0775	0.3428	-0.0328	0.0759	0.3678	-0.0193	0.3105	
2.34	0.949	0.1239	-0.0777	0.2684	0.6345	0.3266	0.1919	0.4856	-0.1171	0.0775	0.3428	-0.0328	0.0759	0.3678	-0.0193	0.3105	
2.36	0.9727	0.1183	-0.0788	0.2741	0.6374	0.3546	0.1966	0.4873	-0.1145	0.0775	0.3428	-0.0328	0.0759	0.3678	-0.0193	0.3106	
2.38	0.9969	0.1129	-0.0801	0.2811	0.6404	0.3873	0.2025	0.4895	-0.1117	0.0775	0.3428	-0.0328	0.0759	0.3678	-0.0193	0.3106	
2.4	1.0214	0.1077	-0.0818	0.2895	0.6435	0.4243	0.2095	0.4921	-0.1087	0.0775	0.3428	-0.0328	0.0759	0.3678	-0.0193	0.3106	
2.42	1.0458	0.1028	-0.0837	0.2993	0.6466	0.4645	0.2174	0.495	-0.1055	0.0775	0.3428	-0.0328	0.0759	0.3678	-0.0193	0.3106	
2.44	1.0691	0.0983	-0.086	0.3103	0.6499	0.5068	0.2262	0.4983	-0.1022	0.0775	0.3428	-0.0328	0.0759	0.3678	-0.0193	0.3106	
2.46	1.0908	0.094	-0.0886	0.3227	0.6534	0.5498	0.2353	0.502	-0.0987	0.0775	0.3428	-0.0328	0.0759	0.3678	-0.0193	0.3106	
2.48	1.1102	0.0901	-0.0916	0.3369	0.6569	0.5925	0.2446	0.5061	-0.0948	0.0775	0.3428	-0.0328	0.0759	0.3678	-0.0193	0.3106	
2.5	1.1272	0.0866	-0.095	0.3534	0.6607	0.6334	0.2534	0.5111	-0.0901	0.0775	0.3428	-0.0328	0.0759	0.3678	-0.0193	0.3106	
2.52	1.1416	0.0836	-0.0986	0.3731	0.6646	0.6715	0.2616	0.5169	-0.0845	0.0775	0.3428	-0.0328	0.0759	0.3678	-0.0193	0.3106	
2.54	1.1535	0.081	-0.1026	0.3962	0.6687	0.7056	0.269	0.5237	-0.0777	0.0775	0.3428	-0.0328	0.0759	0.3678	-0.0193	0.3106	
2.56	1.1626	0.0792	-0.1069	0.4228	0.6729	0.7353	0.2756	0.5312	-0.0701	0.0775	0.3428	-0.0328	0.0759	0.3678	-0.0193	0.3106	
2.58	1.169	0.0781	-0.1119	0.4526	0.6774	0.7608	0.2815	0.539	-0.062	0.0775	0.3428	-0.0328	0.0759	0.3678	-0.0193	0.3106	
2.6	1.1727	0.0778	-0.1178	0.485	0.682	0.7829	0.2869	0.5466	-0.054	0.0775	0.3428	-0.0328	0.0759	0.3678	-0.0193	0.3106	
2.62	1.1742	0.0785	-0.1246	0.5195	0.6871	0.8024	0.292	0.5537	-0.0464	0.0775	0.3428	-0.0328	0.0759	0.3678	-0.0193	0.3106	
2.64	1.1744	0.0801	-0.1322	0.5553	0.6929	0.8202	0.297	0.5601	-0.0395	0.0775	0.3428	-0.0328	0.0759	0.3678	-0.0193	0.3106	
2.66	1.1739	0.0824	-0.1401	0.5913	0.6997	0.8369	0.3021	0.5657	-0.0334	0.0775	0.3428	-0.0328	0.0759	0.3678	-0.0193	0.3106	
2.68	1.1735	0.0853	-0.1478	0.6262	0.708	0.8529	0.3076	0.5703	-0.0283	0.0775	0.3428	-0.0328	0.0759	0.3678	-0.0193	0.3106	
2.7	1.1734	0.0886	-0.155	0.6585	0.7178	0.8682	0.3135	0.5736	-0.0245	0.0775	0.3428	-0.0328	0.0759	0.3678	-0.0193	0.3106	
2.72	1.1736	0.0925	-0.1634	0.6895	0.728	0.8829	0.3197	0.5751	-0.0228	0.0775	0.3428	-0.0328	0.0759	0.3678	-0.0193	0.3106	
2.74	1.1737	0.0965	-0.1719	0.7205	0.7381	0.8975	0.3258	0.5767	-0.021	0.0775	0.3428	-0.0328	0.0759	0.3678	-0.0193	0.3106	
2.76	1.1739	0.1004	-0.1804	0.7515	0.7482	0.9122	0.332	0.5782	-0.0192	0.0775	0.3428	-0.0328	0.0759	0.3678	-0.0193	0.3106	
2.78	1.1741	0.1044	-0.1888	0.7825	0.7583	0.9269	0.3381	0.5797	-0.0175	0.0775	0.3428	-0.0328	0.0759	0.3678	-0.0193	0.3106	
