0	0.1329	0.432	-0.0025	-0.0288	-0.1527	0.1519	0.0485	-0.0529	0.2927	-0.0101	-0.0008	0.0651	-0.0038	0.0234	-0.085	-0.2151	
0.02	0.1243	0.4218	-0.0025	-0.0288	-0.1176	0.1907	0.0623	-0.0068	0.3238	0.0014	0.0239	0.1087	0.011	0.0506	-0.0454	-0.202	
0.04	0.1158	0.4116	-0.0024	-0.0288	-0.0826	0.2295	0.0762	0.0394	0.3549	0.013	0.0485	0.1522	0.0258	0.0779	-0.0058	-0.1889	
0.06	0.1073	0.4014	-0.0024	-0.0288	-0.0475	0.2684	0.09	0.0856	0.386	0.0245	0.0731	0.1958	0.0406	0.1052	0.0338	-0.1759	
0.08	0.0987	0.3912	-0.0023	-0.0288	-0.0124	0.3072	0.1039	0.1317	0.4171	0.036	0.0978	0.2393	0.0554	0.1325	0.0734	-0.1628	
0.1	0.0913	0.3813	-0.002	-0.0288	0.0215	0.3469	0.1181	0.1751	0.4478	0.0462	0.1212	0.2813	0.0711	0.1603	0.1104	-0.1503	
0.12	0.0834	0.373	-0.0012	-0.0288	0.0538	0.3854	0.1324	0.2186	0.4742	0.0568	0.1478	0.3198	0.0852	0.1897	0.1436	-0.1367	
0.14	0.0753	0.366	0.0001	-0.0288	0.0845	0.4224	0.1467	0.2618	0.4968	0.0675	0.1766	0.355	0.0978	0.2199	0.1735	-0.1221	
0.16	0.0675	0.3601	0.0022	-0.0288	0.1137	0.4579	0.1608	0.3041	0.5168	0.0778	0.2064	0.3874	0.1095	0.2504	0.2011	-0.1068	
0.18	0.0604	0.3549	0.005	-0.0288	0.1414	0.4917	0.1746	0.345	0.5351	0.0874	0.2362	0.4176	0.1209	0.2803	0.2275	-0.091	
0.2	0.0543	0.3503	0.0086	-0.0288	0.1678	0.5236	0.1879	0.384	0.5522	0.0966	0.2656	0.446	0.1323	0.3089	0.2539	-0.0749	
0.22	0.0492	0.3462	0.0127	-0.0288	0.1928	0.553	0.2004	0.421	0.5684	0.1055	0.2948	0.4733	0.1437	0.3359	0.2817	-0.0586	
0.24	0.0448	0.3424	0.0171	-0.0289	0.2163	0.5797	0.2121	0.4559	0.584	0.1145	0.3242	0.5006	0.1548	0.3608	0.3122	-0.0421	
0.26	0.0407	0.339	0.0215	-0.029	0.2382	0.604	0.223	0.4892	0.5996	0.124	0.3538	0.5293	0.165	0.3831	0.3465	-0.0253	
0.28	0.0366	0.3359	0.0256	-0.0293	0.2582	0.6268	0.2334	0.5212	0.6166	0.134	0.3831	0.5608	0.1742	0.4025	0.3856	-0.0073	
0.3	0.0321	0.3331	0.0292	-0.0299	0.2761	0.6499	0.2443	0.5521	0.6365	0.1446	0.4113	0.5969	0.1827	0.419	0.4302	0.0134	
0.32	0.0269	0.3306	0.0322	-0.0307	0.2919	0.6748	0.2565	0.5818	0.661	0.1566	0.4379	0.639	0.1923	0.4326	0.4804	0.0393	
0.34	0.0209	0.3282	0.0345	-0.0319	0.3056	0.7027	0.2714	0.6095	0.6918	0.1714	0.4625	0.6883	0.2055	0.444	0.5358	0.0731	
0.36	0.0142	0.326	0.036	-0.0334	0.3173	0.7342	0.2901	0.6343	0.7295	0.1912	0.4846	0.745	0.2255	0.4535	0.5952	0.1169	
0.38	0.007	0.3238	0.0368	-0.0354	0.3274	0.7692	0.3134	0.6555	0.7739	0.2182	0.5043	0.8084	0.2547	0.462	0.6567	0.1718	
0.4	0.0002	0.3216	0.0371	-0.0379	0.3363	0.8074	0.3413	0.6724	0.8235	0.2535	0.5214	0.8765	0.2939	0.4699	0.7182	0.2371	
0.42	-0.0052	0.3192	0.0371	-0.0408	0.3443	0.8479	0.3729	0.6847	0.8761	0.297	0.5359	0.9466	0.342	0.4774	0.7772	0.3103	
0.44	-0.0084	0.3166	0.037	-0.0441	0.3517	0.8896	0.4068	0.6925	0.9288	0.3469	0.5481	1.0151	0.3963	0.4848	0.8315	0.3879	
0.46	-0.0087	0.3137	0.0369	-0.0479	0.3589	0.9307	0.4412	0.6964	0.9787	0.4004	0.5585	1.0786	0.4536	0.4922	0.8792	0.4658	
0.48	-0.0057	0.3105	0.0369	-0.052	0.3659	0.9692	0.4747	0.697	1.0236	0.4549	0.5675	1.1343	0.5112	0.4997	0.9188	0.5399	
0.5	0.0003	0.3071	0.0369	-0.0564	0.3729	1.0031	0.5059	0.6953	1.0617	0.5078	0.5757	1.1802	0.5667	0.5072	0.9498	0.6065	
0.52	0.0091	0.3037	0.037	-0.0608	0.3799	1.0314	0.5338	0.6924	1.0919	0.5569	0.5835	1.2154	0.6176	0.5147	0.9722	0.6626	
0.54	0.0203	0.3005	0.037	-0.0651	0.3868	1.0536	0.5576	0.6895	1.1136	0.5998	0.5913	1.2403	0.6615	0.5222	0.987	0.7061	
0.56	0.0332	0.2975	0.037	-0.069	0.3938	1.0701	0.5767	0.6877	1.1273	0.6344	0.5994	1.256	0.6964	0.5299	0.9955	0.7366	
0.58	0.0473	0.295	0.037	-0.0724	0.4014	1.0813	0.5912	0.6881	1.1342	0.6594	0.6083	1.2644	0.7215	0.5378	0.9994	0.7551	
0.6	0.0617	0.2929	0.037	-0.0753	0.4098	1.0882	0.6019	0.6918	1.1363	0.675	0.6183	1.2678	0.7377	0.5463	1.0006	0.7642	
0.62	0.0758	0.2913	0.037	-0.0775	0.4195	1.0917	0.6098	0.6992	1.136	0.683	0.6298	1.2684	0.7477	0.5558	1.0005	0.7672	
0.64	0.0892	0.2902	0.037	-0.0792	0.4305	1.0927	0.6161	0.7102	1.135	0.686	0.6428	1.2679	0.7544	0.5662	1.0001	0.7672	
0.66	0.1016	0.2896	0.037	-0.0803	0.4424	1.0926	0.6215	0.7238	1.1344	0.6866	0.6569	1.2674	0.7599	0.5775	0.9998	0.7664	
0.68	0.1132	0.2894	0.037	-0.0809	0.4546	1.0921	0.6264	0.7387	1.1343	0.6864	0.6714	1.2672	0.7652	0.5891	0.9999	0.7659	
0.7	0.1242	0.2894	0.037	-0.0811	0.4663	1.0918	0.6307	0.7537	1.1346	0.6863	0.6853	1.2674	0.7704	0.6006	1	0.766	
0.72	0.1348	0.2895	0.037	-0.0811	0.477	1.0917	0.6343	0.7676	1.135	0.6865	0.6981	1.2676	0.7748	0.6115	1.0001	0.7663	
0.74	0.1463	0.2895	0.037	-0.0811	0.4895	1.0919	0.6369	0.7827	1.1349	0.6867	0.7131	1.2676	0.7776	0.6238	1.0001	0.7664	
0.76	0.1577	0.2895	0.037	-0.081	0.5019	1.0921	0.6396	0.7979	1.1349	0.6869	0.728	1.2676	0.7805	0.6362	1.0001	0.7666	
0.78	0.1691	0.2895	0.037	-0.0809	0.5143	1.0922	0.6422	0.813	1.1349	0.687	0.743	1.2677	0.7833	0.6486	1.0001	0.7667	
0.8	0.1806	0.2896	0.037	-0.0809	0.5267	1.0924	0.6449	0.8281	1.1349	0.6872	0.758	1.2677	0.7862	0.6609	1	0.7668	
