0	0.5282	0.5031	-0.075	-0.233	-0.0668	-0.0396	0.0856	-0.0382	0.0945	0.0494	0.1206	-0.0666	0.1106	0.1572	-0.15	0.1711	
0.02	0.5869	0.4821	-0.0753	-0.233	-0.0598	-0.019	0.0854	-0.0361	0.1123	0.0491	0.1206	-0.0413	0.109	0.1601	-0.1436	0.1598	
0.04	0.6455	0.4612	-0.0756	-0.233	-0.0528	0.0016	0.0852	-0.034	0.1302	0.0487	0.1207	-0.016	0.1074	0.163	-0.1371	0.1485	
0.06	0.7041	0.4402	-0.076	-0.233	-0.0458	0.0222	0.0849	-0.0318	0.148	0.0484	0.1207	0.0092	0.1057	0.166	-0.1306	0.1372	
0.08	0.7627	0.4192	-0.0763	-0.233	-0.0388	0.0429	0.0847	-0.0297	0.1659	0.0481	0.1207	0.0345	0.1041	0.1689	-0.1241	0.1259	
0.1	0.8156	0.3994	-0.0772	-0.233	-0.0306	0.0631	0.0841	-0.0267	0.1834	0.0471	0.1211	0.0579	0.1016	0.1731	-0.1164	0.1157	
0.12	0.8653	0.3818	-0.0788	-0.233	-0.0207	0.0837	0.083	-0.0226	0.2029	0.0455	0.1219	0.0828	0.0982	0.1786	-0.1068	0.105	
0.14	0.9119	0.3664	-0.0812	-0.233	-0.0093	0.1045	0.0815	-0.0169	0.2241	0.0431	0.1234	0.1085	0.0938	0.1853	-0.0953	0.094	
0.16	0.9555	0.3533	-0.0846	-0.233	0.0033	0.1254	0.0794	-0.0093	0.2468	0.0398	0.1257	0.1341	0.0885	0.1932	-0.0821	0.0833	
0.18	0.9958	0.3423	-0.0889	-0.2329	0.0169	0.1464	0.0767	0.0007	0.2706	0.0356	0.1288	0.1588	0.0822	0.2021	-0.0675	0.0732	
0.2	1.0328	0.3332	-0.0942	-0.2328	0.0312	0.1677	0.0734	0.0134	0.2953	0.0305	0.133	0.182	0.0753	0.2119	-0.0517	0.0641	
0.22	1.0663	0.3258	-0.1004	-0.2326	0.0464	0.19	0.0696	0.0288	0.3208	0.0246	0.1385	0.2039	0.0678	0.2227	-0.0351	0.056	
0.24	1.0968	0.3198	-0.1074	-0.2322	0.0627	0.214	0.0654	0.0473	0.3469	0.0181	0.1457	0.2249	0.0602	0.2345	-0.0178	0.0487	
0.26	1.125	0.315	-0.115	-0.2314	0.0803	0.2403	0.061	0.0692	0.3731	0.0112	0.1551	0.2459	0.0527	0.2474	-0.0001	0.0423	
0.28	1.151	0.3112	-0.123	-0.2301	0.0993	0.269	0.0565	0.0953	0.399	0.0043	0.1673	0.2673	0.0456	0.2617	0.0182	0.0367	
0.3	1.1746	0.308	-0.1313	-0.2283	0.1201	0.3002	0.0523	0.1266	0.4244	-0.0022	0.1829	0.2895	0.0394	0.2775	0.0371	0.032	
0.32	1.1953	0.3053	-0.1395	-0.2258	0.143	0.3337	0.0485	0.1634	0.4492	-0.0081	0.2024	0.3126	0.0342	0.2952	0.0567	0.0284	
0.34	1.2125	0.3027	-0.1477	-0.223	0.1681	0.3698	0.0454	0.2053	0.4736	-0.0129	0.2259	0.3364	0.0302	0.315	0.0772	0.0261	
0.36	1.2262	0.3003	-0.1558	-0.2197	0.1957	0.409	0.0435	0.2512	0.4979	-0.0165	0.2536	0.361	0.0275	0.3368	0.0987	0.025	
0.38	1.2369	0.2979	-0.1639	-0.2159	0.2254	0.4517	0.0428	0.2993	0.5228	-0.0186	0.2849	0.3867	0.0262	0.36	0.1212	0.0253	
0.4	1.2456	0.2956	-0.1723	-0.2108	0.2566	0.498	0.0437	0.3481	0.549	-0.019	0.3191	0.414	0.0263	0.3838	0.1449	0.0267	
0.42	1.2533	0.2933	-0.1814	-0.2034	0.2883	0.5472	0.0463	0.3962	0.5771	-0.0175	0.3554	0.4436	0.0279	0.4069	0.17	0.0292	
0.44	1.2608	0.291	-0.1917	-0.1922	0.3193	0.5981	0.0505	0.4425	0.6077	-0.0137	0.3925	0.476	0.031	0.4282	0.1968	0.0328	
0.46	1.2686	0.2887	-0.2037	-0.1761	0.3486	0.6492	0.0566	0.4858	0.6411	-0.0075	0.429	0.5113	0.0356	0.4468	0.2255	0.0376	
0.48	1.2767	0.2865	-0.2173	-0.1548	0.3752	0.6992	0.0648	0.5249	0.6769	0.0014	0.4637	0.5493	0.0415	0.4623	0.2561	0.0436	
0.5	1.285	0.2844	-0.2319	-0.1288	0.3985	0.7471	0.0751	0.5584	0.7141	0.0126	0.4952	0.5895	0.0484	0.4745	0.2882	0.0509	
0.52	1.2931	0.2824	-0.2468	-0.0994	0.4181	0.7917	0.0879	0.5858	0.7512	0.0253	0.5224	0.6304	0.0558	0.4835	0.3213	0.0594	
0.54	1.3007	0.2806	-0.2611	-0.0685	0.4339	0.8315	0.1032	0.6071	0.7868	0.0388	0.5446	0.6705	0.0632	0.4896	0.3545	0.0691	
0.56	1.3077	0.2791	-0.2741	-0.0373	0.4457	0.8653	0.1211	0.623	0.8193	0.0523	0.5618	0.7084	0.0703	0.493	0.3872	0.0798	
0.58	1.315	0.2777	-0.2889	0.0002	0.4535	0.895	0.1398	0.6368	0.8514	0.068	0.5764	0.7485	0.0782	0.4935	0.4213	0.0914	
0.6	1.3224	0.2762	-0.3037	0.0377	0.4614	0.9247	0.1585	0.6507	0.8835	0.0836	0.591	0.7887	0.0862	0.4941	0.4555	0.1031	
0.62	1.3297	0.2747	-0.3184	0.0753	0.4693	0.9545	0.1772	0.6646	0.9156	0.0993	0.6055	0.8288	0.0941	0.4946	0.4896	0.1147	
0.64	1.3371	0.2732	-0.3332	0.1128	0.4771	0.9842	0.1959	0.6785	0.9477	0.115	0.6201	0.869	0.102	0.4952	0.5238	0.1263	
