0	0.6159	0.442	0.3591	0.4273	-0.0443	0.0019	0.0517	0.136	-0.0513	-0.041	0.1563	-0.0579	-0.0943	-0.0528	-0.0669	-0.0843	
0.02	0.6159	0.4387	0.3572	0.4273	-0.0443	0.002	0.0517	0.136	-0.0471	-0.041	0.1563	-0.0579	-0.0943	-0.0528	-0.0669	-0.0843	
0.04	0.6159	0.4355	0.3553	0.4272	-0.0443	0.002	0.0517	0.136	-0.0429	-0.041	0.1563	-0.0579	-0.0943	-0.0528	-0.0669	-0.0843	
0.06	0.6159	0.4323	0.3534	0.4272	-0.0443	0.002	0.0517	0.136	-0.0386	-0.041	0.1563	-0.0579	-0.0942	-0.0528	-0.0669	-0.0843	
0.08	0.6159	0.429	0.3515	0.4272	-0.0443	0.002	0.0517	0.136	-0.0344	-0.041	0.1563	-0.0579	-0.0942	-0.0528	-0.0669	-0.0843	
0.1	0.6159	0.4258	0.3495	0.4272	-0.0443	0.002	0.0517	0.136	-0.0298	-0.041	0.1563	-0.0579	-0.0942	-0.0528	-0.0669	-0.0843	
0.12	0.6159	0.4224	0.3469	0.4272	-0.0443	0.002	0.0517	0.136	-0.0244	-0.041	0.1563	-0.0579	-0.0942	-0.0528	-0.0669	-0.0843	
0.14	0.616	0.4191	0.344	0.4273	-0.0443	0.0019	0.0517	0.136	-0.0183	-0.041	0.1563	-0.0579	-0.0943	-0.0528	-0.0669	-0.0843	
0.16	0.616	0.4156	0.3407	0.4276	-0.0443	0.0019	0.0518	0.136	-0.0117	-0.041	0.1563	-0.0578	-0.0943	-0.0528	-0.0669	-0.0843	
0.18	0.6161	0.412	0.3371	0.4281	-0.0443	0.002	0.0519	0.136	-0.0048	-0.041	0.1563	-0.0576	-0.0943	-0.0528	-0.0669	-0.0843	
0.2	0.6163	0.4084	0.3333	0.4289	-0.0443	0.0021	0.0521	0.136	0.0022	-0.0409	0.156	-0.0573	-0.0943	-0.0528	-0.0669	-0.0843	
0.22	0.6167	0.4049	0.3294	0.4302	-0.0443	0.0024	0.0526	0.1358	0.009	-0.0407	0.1556	-0.0566	-0.0942	-0.0528	-0.0669	-0.0843	
0.24	0.6175	0.4016	0.3254	0.432	-0.0443	0.0028	0.0532	0.1354	0.0154	-0.0403	0.1548	-0.0556	-0.0942	-0.0528	-0.0669	-0.0843	
0.26	0.6189	0.3984	0.3214	0.4343	-0.0443	0.0035	0.0541	0.1347	0.0215	-0.0395	0.1535	-0.0542	-0.0942	-0.0528	-0.0669	-0.0843	
0.28	0.6209	0.3949	0.3175	0.4371	-0.0442	0.0045	0.0554	0.1337	0.027	-0.0383	0.1518	-0.0523	-0.0943	-0.0528	-0.0669	-0.0843	
0.3	0.6235	0.3902	0.3138	0.4404	-0.0441	0.0059	0.057	0.1322	0.0321	-0.0366	0.1496	-0.0498	-0.0943	-0.0528	-0.0669	-0.0843	
0.32	0.6264	0.3831	0.3103	0.4441	-0.0438	0.0077	0.0591	0.1304	0.0367	-0.0343	0.1467	-0.0467	-0.0943	-0.0528	-0.0669	-0.0843	
0.34	0.6294	0.3726	0.307	0.4481	-0.0433	0.01	0.0615	0.1281	0.0409	-0.0315	0.1432	-0.043	-0.0942	-0.0528	-0.0669	-0.0843	
0.36	0.6328	0.358	0.3037	0.4523	-0.0427	0.0129	0.0642	0.1253	0.0448	-0.028	0.1391	-0.0389	-0.0942	-0.0527	-0.0669	-0.0842	
0.38	0.6377	0.3391	0.3006	0.4566	-0.0418	0.0163	0.0673	0.1222	0.0485	-0.0239	0.1345	-0.0342	-0.0941	-0.0526	-0.0669	-0.0842	
0.4	0.646	0.316	0.2975	0.4607	-0.0406	0.0201	0.0706	0.1188	0.0521	-0.0192	0.1293	-0.0291	-0.0939	-0.0524	-0.0668	-0.0841	
0.42	0.6596	0.289	0.2944	0.4645	-0.0391	0.0244	0.0744	0.1151	0.0558	-0.0141	0.1239	-0.0233	-0.0936	-0.0521	-0.0668	-0.0839	
0.44	0.6805	0.2583	0.2913	0.4677	-0.0374	0.0291	0.0786	0.1114	0.0596	-0.0085	0.1182	-0.0168	-0.0931	-0.0517	-0.0667	-0.0837	
0.46	0.7094	0.2246	0.2881	0.4701	-0.0352	0.0343	0.0835	0.1077	0.0636	-0.0027	0.1122	-0.0091	-0.0925	-0.0511	-0.0665	-0.0833	
0.48	0.7458	0.1894	0.2846	0.4712	-0.0327	0.0403	0.0892	0.104	0.0682	0.0035	0.1061	-0.0002	-0.0917	-0.0504	-0.0662	-0.0829	
0.5	0.7887	0.1546	0.2803	0.4708	-0.0299	0.0476	0.0957	0.1005	0.0736	0.0098	0.0998	0.0099	-0.0906	-0.0495	-0.0658	-0.0823	
0.52	0.8365	0.1221	0.2745	0.4686	-0.0267	0.0568	0.1031	0.0973	0.0801	0.0162	0.0931	0.0211	-0.0893	-0.0484	-0.0651	-0.0817	
0.54	0.8875	0.0932	0.2666	0.4642	-0.0232	0.0685	0.1113	0.0946	0.0879	0.0228	0.0861	0.0332	-0.0878	-0.0471	-0.0643	-0.0809	
0.56	0.94	0.0685	0.2562	0.4575	-0.0194	0.0831	0.1205	0.0926	0.0971	0.0296	0.0786	0.0459	-0.086	-0.0456	-0.0633	-0.08	
0.58	0.9915	0.0479	0.2434	0.4483	-0.0154	0.1006	0.1305	0.0917	0.1079	0.0366	0.0708	0.0589	-0.084	-0.0439	-0.0621	-0.079	
0.6	1.0395	0.0314	0.2286	0.4367	-0.011	0.1206	0.1414	0.0922	0.1203	0.044	0.0628	0.0721	-0.0817	-0.0421	-0.0606	-0.0778	
0.62	1.0817	0.0184	0.2123	0.423	-0.006	0.1429	0.1532	0.0943	0.1344	0.052	0.055	0.0855	-0.079	-0.04	-0.0588	-0.0765	
0.64	1.1168	0.0089	0.1952	0.4079	0.0001	0.167	0.166	0.0981	0.1503	0.0608	0.0477	0.0996	-0.0761	-0.0379	-0.0568	-0.0751	
0.66	1.1447	0.0022	0.1778	0.3918	0.0075	0.1925	0.1797	0.1037	0.168	0.0705	0.0414	0.1151	-0.0728	-0.0355	-0.0546	-0.0735	
0.68	1.1665	-0.0023	0.1608	0.3755	0.0166	0.2194	0.1941	0.1115	0.1875	0.0813	0.0367	0.1327	-0.0693	-0.0331	-0.052	-0.0719	
0.7	1.1838	-0.0053	0.1449	0.3595	0.0277	0.2477	0.209	0.122	0.2083	0.0933	0.0342	0.1531	-0.0657	-0.0304	-0.0493	-0.0702	
0.72	1.1977	-0.0076	0.1307	0.3441	0.0411	0.2775	0.224	0.136	0.2302	0.1064	0.0345	0.1765	-0.0619	-0.0277	-0.0462	-0.0684	
0.74	1.2092	-0.0095	0.1186	0.3296	0.0569	0.3087	0.2386	0.1543	0.2528	0.1206	0.0382	0.2025	-0.0576	-0.0248	-0.0429	-0.0664	
0.76	1.2185	-0.0113	0.1088	0.3163	0.0755	0.3411	0.2526	0.1776	0.2756	0.1356	0.0456	0.2309	-0.0524	-0.0218	-0.0393	-0.0641	
0.78	1.2261	-0.013	0.101	0.3043	0.0967	0.3743	0.2656	0.2059	0.2989	0.151	0.0566	0.2616	-0.0459	-0.0186	-0.0353	-0.0614	
0.8	1.2322	-0.0146	0.0947	0.2934	0.12	0.4082	0.2771	0.2383	0.3227	0.1665	0.0708	0.2949	-0.0378	-0.0153	-0.031	-0.0581	
0.82	1.2373	-0.0162	0.0894	0.2836	0.1448	0.4425	0.2872	0.2736	0.3473	0.1817	0.0871	0.3312	-0.0278	-0.0119	-0.0264	-0.0542	
0.84	1.2417	-0.0177	0.085	0.2747	0.1701	0.477	0.2956	0.3101	0.373	0.196	0.1047	0.3703	-0.0162	-0.0084	-0.0216	-0.0497	
0.86	1.2459	-0.0193	0.0815	0.2666	0.1952	0.5107	0.3024	0.3462	0.3994	0.2094	0.1226	0.4114	-0.003	-0.0049	-0.0166	-0.0448	
0.88	1.2501	-0.021	0.0791	0.2596	0.2195	0.5421	0.3079	0.3805	0.4261	0.2216	0.1401	0.453	0.0114	-0.0012	-0.0112	-0.0397	
0.9	1.2546	-0.0229	0.0779	0.254	0.2427	0.5694	0.3124	0.4119	0.453	0.2327	0.1567	0.4943	0.0271	0.0026	-0.0048	-0.0344	
0.92	1.2599	-0.0249	0.0781	0.2504	0.2643	0.5909	0.3163	0.4393	0.4802	0.2431	0.172	0.5355	0.0435	0.0066	0.0033	-0.0291	
0.94	1.2664	-0.0271	0.0797	0.2492	0.284	0.6061	0.3201	0.462	0.5082	0.2533	0.1856	0.5775	0.0605	0.0109	0.0145	-0.0239	
0.96	1.2746	-0.0294	0.0826	0.2506	0.3013	0.6153	0.324	0.4798	0.5376	0.2639	0.1975	0.6211	0.0776	0.0155	0.0299	-0.0191	
0.98	1.2845	-0.0318	0.0868	0.2545	0.3165	0.6198	0.3281	0.4934	0.5689	0.2757	0.2078	0.6663	0.0943	0.0205	0.0508	-0.0147	
1	1.2959	-0.0344	0.092	0.2607	0.3304	0.6211	0.3323	0.5038	0.6024	0.2895	0.2169	0.7116	0.1105	0.026	0.0778	-0.0108	
1.02	1.3086	-0.0371	0.0981	0.2694	0.3445	0.6207	0.3364	0.5128	0.6381	0.3055	0.2256	0.7555	0.1262	0.0321	0.1116	-0.0074	
1.04	1.3219	-0.0399	0.1048	0.2815	0.361	0.6201	0.3403	0.5214	0.676	0.3235	0.2347	0.7969	0.1417	0.0388	0.1519	-0.0041	
1.06	1.3352	-0.0426	0.1117	0.298	0.3811	0.6212	0.3442	0.5306	0.7159	0.343	0.2452	0.8359	0.1572	0.0466	0.198	-0.001	
1.08	1.3482	-0.0451	0.1184	0.3203	0.4054	0.6261	0.3493	0.5407	0.7569	0.3636	0.2581	0.8732	0.1729	0.0557	0.2486	0.0021	
1.1	1.3602	-0.0474	0.1245	0.3488	0.4332	0.6367	0.3575	0.5516	0.798	0.3847	0.2743	0.9092	0.1888	0.0666	0.3014	0.0052	
1.12	1.3709	-0.0494	0.1295	0.3828	0.4634	0.6542	0.3708	0.5628	0.8379	0.4063	0.2949	0.9437	0.2047	0.0798	0.354	0.0084	
1.14	1.3799	-0.0511	0.133	0.4206	0.4945	0.6779	0.3906	0.5743	0.8751	0.4283	0.3205	0.9754	0.2199	0.0955	0.404	0.0113	
1.16	1.3871	-0.0524	0.1349	0.4601	0.5254	0.7062	0.4171	0.586	0.9081	0.4501	0.3515	1.0028	0.2336	0.1142	0.4494	0.0139	
1.18	1.3927	-0.0534	0.1348	0.4996	0.555	0.7367	0.4492	0.598	0.9354	0.4704	0.3879	1.0241	0.2447	0.1361	0.4891	0.0158	
1.2	1.3974	-0.054	0.1327	0.5377	0.5822	0.7672	0.485	0.6109	0.9547	0.4873	0.4289	1.0376	0.2522	0.1613	0.5227	0.0168	
1.22	1.4015	-0.0543	0.1289	0.5729	0.6057	0.796	0.5227	0.625	0.964	0.4986	0.4732	1.0413	0.2552	0.1896	0.5503	0.0165	
1.24	1.4056	-0.0545	0.1236	0.6039	0.6244	0.8218	0.5605	0.6405	0.962	0.5027	0.5191	1.034	0.2535	0.2204	0.5728	0.0149	
1.26	1.4099	-0.0545	0.1173	0.6293	0.638	0.844	0.5967	0.6574	0.9489	0.4992	0.5645	1.0154	0.2474	0.2527	0.5913	0.0117	
1.28	1.4144	-0.0544	0.1108	0.6482	0.6474	0.8618	0.6294	0.6754	0.9265	0.489	0.6076	0.987	0.2377	0.2854	0.6077	0.007	
1.3	1.4189	-0.0544	0.1048	0.6611	0.6541	0.8754	0.657	0.694	0.8981	0.4742	0.6468	0.9523	0.2261	0.3172	0.6242	0.0007	
1.32	1.4233	-0.0544	0.0998	0.6695	0.6598	0.8851	0.6779	0.7125	0.8671	0.4572	0.681	0.9159	0.2144	0.3467	0.6427	-0.0072	
1.34	1.4275	-0.0544	0.0966	0.6756	0.6657	0.8922	0.6919	0.7305	0.837	0.4404	0.7099	0.8829	0.2042	0.373	0.6648	-0.0165	
1.36	1.4314	-0.0544	0.0954	0.6815	0.6725	0.8977	0.7001	0.7475	0.8105	0.4262	0.7337	0.8576	0.1967	0.3952	0.6913	-0.0271	
1.38	1.4349	-0.0544	0.0966	0.6885	0.6801	0.9027	0.7042	0.7633	0.7901	0.4166	0.7529	0.8433	0.1926	0.4125	0.7222	-0.0387	
1.4	1.4379	-0.0544	0.1001	0.6971	0.6885	0.9077	0.7063	0.7776	0.7779	0.4136	0.7684	0.8417	0.1917	0.4248	0.7575	-0.0509	
1.42	1.4399	-0.0544	0.1062	0.7073	0.6974	0.9127	0.7076	0.7904	0.7748	0.4185	0.7811	0.853	0.1938	0.432	0.7967	-0.0634	
1.44	1.4403	-0.0544	0.1151	0.7187	0.7068	0.9177	0.7087	0.8018	0.7803	0.4316	0.7918	0.8762	0.1983	0.4348	0.8394	-0.0754	
1.46	1.4383	-0.0544	0.1271	0.731	0.7166	0.9225	0.7094	0.8123	0.7928	0.4516	0.8014	0.9084	0.2042	0.4337	0.8845	-0.0863	
1.48	1.433	-0.0544	0.1422	0.744	0.7271	0.9271	0.7094	0.8225	0.8093	0.4756	0.8103	0.9454	0.2103	0.4296	0.9302	-0.0953	
1.5	1.4239	-0.0544	0.1603	0.7574	0.7382	0.9316	0.7084	0.8332	0.8267	0.5003	0.819	0.9826	0.2154	0.4235	0.974	-0.1017	
1.52	1.4108	-0.0544	0.181	0.7707	0.7498	0.936	0.7064	0.8452	0.8425	0.5227	0.8281	1.0156	0.2188	0.4164	1.0138	-0.1051	
1.54	1.3937	-0.0544	0.2034	0.7834	0.7616	0.9406	0.7035	0.8591	0.855	0.5409	0.838	1.0416	0.2204	0.4092	1.048	-0.1053	
1.56	1.3729	-0.0544	0.2264	0.7947	0.7734	0.9456	0.6999	0.875	0.8634	0.5547	0.8491	1.0601	0.2207	0.4028	1.0762	-0.1025	
1.58	1.3487	-0.0544	0.2489	0.8041	0.7846	0.9513	0.6958	0.8925	0.868	0.5644	0.8616	1.072	0.2203	0.3979	1.0984	-0.0969	
1.6	1.3219	-0.0544	0.2699	0.811	0.7949	0.9577	0.6916	0.9108	0.8698	0.5711	0.875	1.0792	0.2198	0.3953	1.115	-0.0891	
1.62	1.2935	-0.0544	0.2886	0.815	0.804	0.9653	0.6875	0.9288	0.8698	0.5753	0.8888	1.0834	0.2196	0.3953	1.1263	-0.0798	
1.64	1.2647	-0.0544	0.3044	0.8158	0.8117	0.974	0.6836	0.9456	0.8692	0.5777	0.902	1.0859	0.2197	0.3982	1.1329	-0.0699	
1.66	1.2365	-0.0544	0.3167	0.8133	0.8179	0.9839	0.6802	0.9605	0.8688	0.5788	0.9143	1.0872	0.2198	0.4041	1.1358	-0.0603	
1.68	1.2086	-0.0544	0.3254	0.809	0.8228	0.9945	0.6768	0.9768	0.8689	0.5787	0.9287	1.0874	0.2199	0.4119	1.1354	-0.0507	
1.7	1.1806	-0.0544	0.334	0.8047	0.8278	1.0051	0.6734	0.993	0.8691	0.5786	0.9431	1.0876	0.2199	0.4196	1.1349	-0.041	
1.72	1.1526	-0.0544	0.3427	0.8003	0.8327	1.0157	0.6699	1.0093	0.8692	0.5784	0.9575	1.0878	0.22	0.4274	1.1345	-0.0314	
1.74	1.1246	-0.0544	0.3514	0.796	0.8377	1.0263	0.6665	1.0256	0.8693	0.5783	0.972	1.088	0.2201	0.4352	1.134	-0.0218	
