0	0.5536	0.4125	-0.0116	-0.1154	0.3884	-0.0893	-0.071	0.1903	0.0298	-0.086	0.2828	0.0937	-0.199	0.2656	-0.0748	0.0975	
0.02	0.589	0.3939	-0.0039	-0.1053	0.4133	-0.0662	-0.0619	0.2105	0.1154	-0.0579	0.3014	0.1834	-0.1434	0.2977	0.0206	0.1468	
0.04	0.6244	0.3753	0.0039	-0.0951	0.4383	-0.0432	-0.0527	0.2306	0.2011	-0.0297	0.32	0.2731	-0.0879	0.3297	0.116	0.1961	
0.06	0.6599	0.3567	0.0116	-0.085	0.4632	-0.0201	-0.0435	0.2508	0.2867	-0.0015	0.3386	0.3628	-0.0323	0.3618	0.2114	0.2454	
0.08	0.6953	0.3381	0.0194	-0.0749	0.4881	0.003	-0.0344	0.271	0.3723	0.0266	0.3572	0.4525	0.0233	0.3939	0.3068	0.2948	
0.1	0.7285	0.3205	0.0276	-0.0632	0.5153	0.0251	-0.0259	0.2914	0.4528	0.0545	0.3853	0.5339	0.0721	0.4264	0.3912	0.3363	
0.12	0.7573	0.305	0.0375	-0.049	0.5438	0.0488	-0.017	0.3148	0.5343	0.0829	0.4231	0.6071	0.1184	0.464	0.4676	0.3751	
0.14	0.7824	0.2916	0.049	-0.0325	0.5735	0.0737	-0.0078	0.342	0.6145	0.1114	0.4696	0.6715	0.1609	0.5061	0.5351	0.4106	
0.16	0.8044	0.2801	0.0618	-0.0139	0.6036	0.0993	0.0012	0.3735	0.6904	0.1392	0.5224	0.726	0.1983	0.5514	0.5922	0.4413	
0.18	0.8242	0.2704	0.0757	0.0065	0.6337	0.125	0.0096	0.4098	0.759	0.1656	0.5791	0.7706	0.2293	0.5986	0.6383	0.4662	
0.2	0.8425	0.2623	0.0903	0.0289	0.6637	0.1506	0.0175	0.4508	0.8192	0.19	0.6384	0.8065	0.2541	0.6466	0.6746	0.4849	
0.22	0.8598	0.2556	0.1053	0.0533	0.6934	0.1762	0.0246	0.4959	0.8711	0.2123	0.6994	0.8361	0.2735	0.6949	0.7035	0.4979	
0.24	0.8765	0.2501	0.1203	0.0796	0.7224	0.202	0.0314	0.5439	0.9157	0.2326	0.7612	0.8614	0.2888	0.7429	0.7275	0.5063	
0.26	0.8928	0.2456	0.1353	0.107	0.7502	0.2281	0.0379	0.5934	0.9534	0.2508	0.8221	0.8839	0.3013	0.79	0.748	0.5113	
0.28	0.9084	0.2418	0.15	0.1347	0.7761	0.2543	0.0446	0.6429	0.9842	0.2667	0.8798	0.9037	0.3115	0.8354	0.7653	0.5136	
0.3	0.9231	0.2385	0.1641	0.1614	0.7999	0.2803	0.0517	0.6912	1.0083	0.2799	0.9325	0.9209	0.3196	0.8786	0.779	0.5133	
0.32	0.9364	0.2356	0.1776	0.1862	0.8217	0.306	0.0595	0.7373	1.0262	0.2907	0.9801	0.9354	0.3254	0.9196	0.7888	0.5104	
0.34	0.9483	0.2329	0.1904	0.2087	0.8422	0.3315	0.0678	0.7805	1.0392	0.2994	1.0239	0.9477	0.3291	0.9585	0.7949	0.505	
0.36	0.9587	0.2304	0.2022	0.2284	0.8616	0.3567	0.0767	0.8203	1.0488	0.3066	1.0657	0.9587	0.3309	0.9956	0.7977	0.4975	
0.38	0.9679	0.2279	0.2132	0.2451	0.8804	0.3818	0.0859	0.8567	1.0562	0.3128	1.1066	0.9685	0.3311	1.031	0.798	0.4885	
0.4	0.9762	0.2256	0.2231	0.2585	0.8986	0.4066	0.0952	0.8899	1.0624	0.3181	1.1468	0.9772	0.3299	1.0649	0.796	0.4787	
0.42	0.9841	0.2234	0.2321	0.2684	0.9159	0.4308	0.1049	0.9207	1.0677	0.3225	1.1853	0.984	0.3274	1.0977	0.792	0.4686	
0.44	0.9918	0.2214	0.2401	0.2752	0.9321	0.4543	0.1149	0.9499	1.0721	0.3262	1.2211	0.9883	0.3237	1.13	0.786	0.4587	
0.46	0.9996	0.2195	0.2472	0.2794	0.9469	0.4771	0.1256	0.9784	1.076	0.329	1.2541	0.9893	0.3186	1.163	0.7778	0.4492	
0.48	1.0077	0.2177	0.2532	0.2821	0.9599	0.4994	0.1368	1.0066	1.0793	0.3313	1.2848	0.9867	0.3122	1.1975	0.7675	0.4401	
0.5	1.0162	0.216	0.2581	0.2841	0.971	0.522	0.1489	1.0347	1.0823	0.333	1.3142	0.9807	0.3044	1.2338	0.755	0.4313	
0.52	1.0251	0.2145	0.2617	0.286	0.98	0.5456	0.1619	1.0623	1.0851	0.3342	1.3433	0.9714	0.2953	1.2713	0.7402	0.4229	
0.54	1.0345	0.2132	0.2637	0.2878	0.9868	0.571	0.1764	1.0887	1.0877	0.335	1.3723	0.9593	0.2851	1.3093	0.723	0.4146	
0.56	1.0442	0.212	0.2642	0.2896	0.9914	0.5984	0.1928	1.1136	1.0901	0.3352	1.4011	0.9449	0.2739	1.347	0.7033	0.4065	
0.58	1.0541	0.211	0.263	0.2913	0.9938	0.628	0.2114	1.1364	1.0924	0.3349	1.4293	0.9286	0.262	1.3838	0.6813	0.3988	
0.6	1.0641	0.2101	0.2602	0.2927	0.994	0.6594	0.2319	1.1572	1.0946	0.3338	1.4563	0.911	0.2497	1.4192	0.6572	0.3914	
0.62	1.074	0.2095	0.256	0.2941	0.9922	0.6921	0.2536	1.176	1.0967	0.3322	1.4819	0.8926	0.2372	1.4528	0.6318	0.3844	
0.64	1.0836	0.209	0.2504	0.2954	0.9885	0.7252	0.2754	1.1929	1.0988	0.33	1.5059	0.874	0.2247	1.4839	0.6062	0.3778	
0.66	1.0927	0.2086	0.2438	0.2967	0.9834	0.7577	0.2966	1.2079	1.101	0.3274	1.5283	0.8555	0.2127	1.5117	0.5815	0.3715	
0.68	1.1014	0.2085	0.2365	0.2982	0.977	0.7886	0.3163	1.2207	1.1031	0.3247	1.5488	0.8374	0.2012	1.5359	0.559	0.3654	
0.7	1.1095	0.2085	0.2286	0.2997	0.9698	0.8169	0.3344	1.2314	1.1055	0.322	1.5674	0.8201	0.1905	1.5567	0.5394	0.3595	
0.72	1.1173	0.2086	0.2206	0.3015	0.9621	0.8417	0.3503	1.2399	1.1079	0.3194	1.5837	0.8038	0.1807	1.5744	0.5232	0.3536	
0.74	1.1248	0.2089	0.2125	0.3033	0.9538	0.8627	0.364	1.2464	1.1105	0.3172	1.5977	0.7887	0.1718	1.59	0.5106	0.348	
0.76	1.1319	0.2094	0.2045	0.3051	0.9452	0.88	0.3752	1.2515	1.1133	0.3153	1.6093	0.775	0.1638	1.6042	0.5017	0.3426	
0.78	1.1387	0.2099	0.1968	0.307	0.9364	0.8941	0.384	1.2557	1.1162	0.3139	1.6188	0.7629	0.1567	1.6173	0.4962	0.3375	
0.8	1.1453	0.2106	0.1893	0.309	0.9274	0.9055	0.3911	1.2593	1.1193	0.3129	1.6266	0.7526	0.1507	1.6295	0.4934	0.3329	
0.82	1.1516	0.2114	0.182	0.3109	0.9183	0.9151	0.3969	1.2626	1.1226	0.3124	1.6332	0.7442	0.1459	1.6408	0.4925	0.3288	
0.84	1.1576	0.2123	0.175	0.3128	0.9091	0.9234	0.402	1.2654	1.126	0.3122	1.639	0.7374	0.1424	1.6511	0.4926	0.3252	
0.86	1.1633	0.2133	0.1681	0.3147	0.9	0.9306	0.407	1.2678	1.1295	0.3122	1.6441	0.7322	0.1403	1.6602	0.4929	0.3223	
0.88	1.1686	0.2145	0.1614	0.3166	0.891	0.937	0.4119	1.2696	1.1331	0.3122	1.6486	0.7284	0.1399	1.6682	0.4932	0.3201	
0.9	1.1733	0.2158	0.1549	0.3183	0.8821	0.9426	0.4168	1.2709	1.1368	0.3123	1.6523	0.726	0.1411	1.6747	0.4932	0.3186	
0.92	1.1773	0.2171	0.1485	0.3201	0.8731	0.9475	0.4217	1.2716	1.1405	0.3123	1.6553	0.725	0.144	1.6797	0.4931	0.318	
0.94	1.1806	0.2186	0.1424	0.3219	0.8636	0.9518	0.4265	1.2718	1.1443	0.3123	1.6574	0.7251	0.1486	1.6828	0.493	0.3182	
0.96	1.1831	0.2201	0.1365	0.3237	0.8532	0.9559	0.4314	1.2714	1.1482	0.3123	1.6586	0.7264	0.155	1.6839	0.4929	0.3192	
0.98	1.1845	0.2218	0.1308	0.3256	0.8417	0.9597	0.4364	1.2705	1.152	0.3122	1.6591	0.7284	0.1631	1.6827	0.4929	0.3209	
1	1.1849	0.2239	0.1253	0.3277	0.8291	0.9634	0.4416	1.2691	1.156	0.3122	1.6589	0.7312	0.1723	1.6794	0.493	0.3232	
1.02	1.1842	0.2263	0.12	0.3298	0.8158	0.9672	0.4471	1.267	1.1599	0.3122	1.6579	0.7345	0.1823	1.6741	0.493	0.3259	
1.04	1.1824	0.2293	0.1149	0.3321	0.8024	0.971	0.4531	1.2644	1.1639	0.3123	1.6562	0.7384	0.1924	1.6675	0.493	0.329	
1.06	1.1796	0.2328	0.1098	0.3345	0.7894	0.9751	0.4597	1.2613	1.168	0.3123	1.6536	0.743	0.202	1.66	0.493	0.3321	
1.08	1.1759	0.2367	0.1047	0.337	0.7774	0.9793	0.4668	1.2577	1.1721	0.3123	1.6503	0.7484	0.2106	1.6525	0.493	0.3352	
1.1	1.1711	0.2412	0.0993	0.3397	0.7668	0.9839	0.4744	1.2537	1.1763	0.3123	1.6462	0.7548	0.2182	1.6453	0.493	0.338	
1.12	1.1653	0.246	0.0933	0.3428	0.758	0.9889	0.4824	1.249	1.1805	0.3122	1.6414	0.762	0.2243	1.6388	0.493	0.3401	
1.14	1.1583	0.2511	0.0865	0.3464	0.7511	0.9944	0.4905	1.2436	1.1845	0.3122	1.6362	0.7697	0.2291	1.6334	0.493	0.3415	
1.16	1.1498	0.2564	0.0788	0.3506	0.7464	1.0002	0.4989	1.2372	1.1883	0.3122	1.631	0.7775	0.2323	1.6292	0.493	0.3418	
1.18	1.1402	0.2617	0.0704	0.3555	0.7438	1.0062	0.5074	1.2298	1.1917	0.3122	1.626	0.785	0.2342	1.6264	0.493	0.3412	
1.2	1.1296	0.2671	0.0615	0.3609	0.7427	1.0123	0.5159	1.2218	1.1946	0.3122	1.6215	0.7918	0.2349	1.6248	0.493	0.3396	
1.22	1.1187	0.2725	0.0526	0.3665	0.7427	1.0181	0.5244	1.2134	1.197	0.3122	1.6175	0.7979	0.2349	1.6241	0.493	0.3374	
1.24	1.108	0.2781	0.0441	0.372	0.743	1.0235	0.5325	1.2051	1.1989	0.3122	1.6143	0.8028	0.2347	1.6241	0.493	0.3348	
1.26	1.098	0.2839	0.0363	0.3773	0.7433	1.0282	0.54	1.1973	1.2003	0.3122	1.6118	0.8066	0.2345	1.6243	0.493	0.332	
1.28	1.0891	0.2901	0.0294	0.3821	0.7434	1.0322	0.5468	1.1902	1.2012	0.3122	1.6101	0.8092	0.2345	1.6245	0.493	0.3292	
1.3	1.0815	0.297	0.0238	0.3862	0.7433	1.0353	0.5528	1.1842	1.2017	0.3122	1.6092	0.8106	0.2345	1.6245	0.493	0.3267	
1.32	1.0746	0.304	0.0192	0.39	0.7432	1.0378	0.5588	1.1785	1.2018	0.3122	1.6091	0.8108	0.2346	1.6244	0.493	0.3244	
1.34	1.0676	0.3111	0.0145	0.3938	0.7431	1.0403	0.5649	1.1728	1.2018	0.3122	1.6089	0.811	0.2346	1.6244	0.493	0.3222	
1.36	1.0607	0.3182	0.0099	0.3975	0.743	1.0427	0.571	1.1672	1.2019	0.3122	1.6088	0.8112	0.2347	1.6243	0.493	0.3199	
1.38	1.0538	0.3253	0.0053	0.4013	0.743	1.0452	0.577	1.1615	1.202	0.3122	1.6086	0.8114	0.2348	1.6242	0.493	0.3176	
