0	0.3047	0.3877	0.1482	0.1393	0.14	-0.0411	0.1294	0.0028	0.023	0.0213	0.1297	0.1462	-0.0978	0.1949	-0.2097	0.0474	
0.02	0.3108	0.3861	0.1482	0.1393	0.1424	-0.0311	0.1299	0.0152	0.0457	0.0222	0.1166	0.1809	-0.0872	0.1949	-0.1657	0.052	
0.04	0.3168	0.3845	0.1482	0.1393	0.1448	-0.0212	0.1303	0.0276	0.0685	0.0231	0.1034	0.2155	-0.0766	0.1949	-0.1217	0.0566	
0.06	0.3229	0.383	0.1482	0.1393	0.1473	-0.0112	0.1308	0.0399	0.0913	0.024	0.0903	0.2502	-0.066	0.1949	-0.0776	0.0612	
0.08	0.329	0.3814	0.1482	0.1393	0.1497	-0.0012	0.1313	0.0523	0.114	0.025	0.0772	0.2849	-0.0553	0.1949	-0.0336	0.0659	
0.1	0.3353	0.3798	0.1482	0.1393	0.1534	0.0075	0.1322	0.0641	0.1343	0.0267	0.0668	0.3172	-0.0451	0.1949	0.0067	0.0705	
0.12	0.3427	0.3782	0.1482	0.1393	0.1583	0.0172	0.1337	0.0748	0.1546	0.0293	0.0568	0.348	-0.0336	0.1949	0.0438	0.0761	
0.14	0.3511	0.3765	0.1482	0.1393	0.1646	0.0283	0.1357	0.0844	0.1745	0.0329	0.0478	0.3771	-0.0213	0.1949	0.0786	0.0827	
0.16	0.3601	0.3749	0.1482	0.1393	0.1721	0.041	0.1383	0.093	0.1933	0.0374	0.0409	0.4044	-0.0084	0.1949	0.1126	0.0908	
0.18	0.3695	0.3732	0.1482	0.1393	0.1806	0.0557	0.1415	0.1009	0.2109	0.0429	0.037	0.4302	0.0044	0.1949	0.1477	0.1003	
0.2	0.3789	0.3714	0.1482	0.1393	0.1899	0.0725	0.1453	0.1082	0.2277	0.0492	0.0364	0.4552	0.017	0.1949	0.1852	0.1116	
0.22	0.388	0.3695	0.1482	0.1393	0.1996	0.0912	0.1499	0.1152	0.2449	0.0561	0.0393	0.4802	0.0292	0.1949	0.2259	0.1244	
0.24	0.3968	0.3676	0.1482	0.1393	0.2094	0.1118	0.1551	0.122	0.2638	0.0635	0.0452	0.5064	0.0413	0.1949	0.2697	0.1385	
0.26	0.4053	0.3656	0.1481	0.1393	0.219	0.1341	0.1612	0.1287	0.2856	0.0714	0.0533	0.5346	0.0537	0.1949	0.3159	0.1536	
0.28	0.4137	0.3634	0.1478	0.1393	0.2281	0.1583	0.1679	0.1355	0.3112	0.0797	0.0626	0.5656	0.0665	0.1949	0.3634	0.1693	
0.3	0.4219	0.3612	0.1473	0.1393	0.2367	0.1844	0.1755	0.1424	0.3411	0.0886	0.0724	0.5994	0.0803	0.1949	0.4109	0.1853	
0.32	0.4301	0.3589	0.1465	0.1393	0.2449	0.2124	0.1837	0.1496	0.3751	0.0983	0.0822	0.636	0.0952	0.1947	0.457	0.2012	
0.34	0.4384	0.3565	0.1455	0.1393	0.2527	0.2416	0.1926	0.1571	0.4129	0.109	0.0917	0.6754	0.1114	0.1944	0.5001	0.2169	
0.36	0.4468	0.3541	0.144	0.1393	0.2603	0.2713	0.2024	0.1647	0.4538	0.1208	0.1007	0.7171	0.1289	0.1938	0.5393	0.2321	
0.38	0.4553	0.3517	0.1422	0.1393	0.268	0.301	0.2131	0.1726	0.497	0.1341	0.1092	0.7605	0.1477	0.1929	0.5741	0.2471	
0.4	0.4639	0.3492	0.1399	0.1393	0.276	0.3307	0.2249	0.1807	0.5418	0.1489	0.117	0.8049	0.1679	0.1916	0.6054	0.2621	
0.42	0.4725	0.3468	0.1371	0.1393	0.2845	0.3609	0.2378	0.1892	0.5874	0.1655	0.1241	0.8495	0.1893	0.1899	0.635	0.2776	
0.44	0.4811	0.3445	0.1339	0.1393	0.2937	0.3923	0.2516	0.1989	0.6332	0.1837	0.1308	0.8935	0.2119	0.1877	0.6652	0.2946	
0.46	0.4896	0.3423	0.1302	0.1393	0.3039	0.4251	0.2661	0.2104	0.6788	0.2031	0.1374	0.9363	0.2357	0.185	0.6986	0.3137	
0.48	0.498	0.3402	0.1262	0.1393	0.3153	0.4591	0.2814	0.2243	0.7242	0.2234	0.1445	0.9774	0.2608	0.1818	0.7372	0.3359	
0.5	0.5061	0.3382	0.1218	0.1393	0.3284	0.4936	0.2978	0.2411	0.7696	0.2439	0.1527	1.0173	0.2873	0.1781	0.7822	0.3622	
0.52	0.5141	0.3365	0.1171	0.1393	0.3435	0.5282	0.3157	0.2605	0.8155	0.2644	0.1622	1.0567	0.3153	0.1739	0.8334	0.3936	
0.54	0.5218	0.3349	0.112	0.1393	0.3606	0.5626	0.3356	0.2816	0.8623	0.2849	0.1729	1.0971	0.3454	0.1694	0.8898	0.4313	
0.56	0.5293	0.3336	0.1066	0.1393	0.3798	0.5973	0.3576	0.3036	0.9103	0.3055	0.1843	1.1398	0.3779	0.1644	0.9495	0.4756	
0.58	0.5368	0.3326	0.1005	0.1393	0.4007	0.6325	0.3819	0.3256	0.9595	0.3263	0.1957	1.1857	0.4134	0.1591	1.0107	0.5266	
0.6	0.5444	0.332	0.0936	0.1393	0.4227	0.6684	0.4085	0.347	1.0095	0.3476	0.2065	1.2347	0.4519	0.1534	1.0718	0.5834	
0.62	0.5522	0.332	0.0858	0.1393	0.4448	0.7047	0.4372	0.3672	1.0597	0.3697	0.2165	1.286	0.4933	0.1474	1.1317	0.6446	
0.64	0.5603	0.3325	0.077	0.1393	0.466	0.7405	0.4679	0.3854	1.1093	0.393	0.2252	1.3384	0.5367	0.1413	1.1895	0.7088	
0.66	0.5687	0.3338	0.067	0.1393	0.4853	0.7751	0.5003	0.4013	1.1573	0.4182	0.2324	1.391	0.5815	0.1353	1.2445	0.7742	
0.68	0.5771	0.3355	0.0561	0.1393	0.5022	0.8082	0.5333	0.4147	1.2029	0.4452	0.2376	1.4426	0.6268	0.1295	1.2959	0.8392	
0.7	0.5854	0.3378	0.0442	0.1393	0.516	0.8397	0.5659	0.4259	1.2452	0.4737	0.2409	1.492	0.6716	0.1244	1.3433	0.9018	
0.72	0.5933	0.3402	0.0317	0.1393	0.5266	0.8695	0.5972	0.4357	1.2838	0.5026	0.2424	1.5374	0.7143	0.1199	1.386	0.9599	
0.74	0.6005	0.3428	0.0192	0.1393	0.5341	0.8976	0.6264	0.4448	1.3187	0.5306	0.2426	1.5771	0.7536	0.1161	1.4239	1.0116	
0.76	0.6068	0.3452	0.0072	0.1393	0.5388	0.9238	0.6538	0.4538	1.3504	0.5565	0.2423	1.6096	0.7877	0.1132	1.4569	1.0558	
0.78	0.6121	0.3474	-0.0036	0.1393	0.5411	0.948	0.6797	0.4629	1.3796	0.5793	0.2419	1.6347	0.8158	0.111	1.4849	1.0919	
0.8	0.6163	0.3493	-0.0128	0.1393	0.542	0.9704	0.7043	0.472	1.4069	0.5982	0.2418	1.6531	0.8377	0.1095	1.5077	1.1204	
0.82	0.6196	0.3508	-0.0216	0.1393	0.5418	0.9908	0.7262	0.4816	1.4313	0.6155	0.2419	1.6683	0.8563	0.109	1.5285	1.1453	
0.84	0.6229	0.3523	-0.0305	0.1393	0.5415	1.0113	0.7481	0.4913	1.4557	0.6327	0.242	1.6834	0.8749	0.1084	1.5493	1.1703	
0.86	0.6262	0.3538	-0.0394	0.1393	0.5413	1.0317	0.7699	0.501	1.4801	0.65	0.2422	1.6986	0.8936	0.1079	1.5701	1.1952	
0.88	0.6295	0.3553	-0.0482	0.1393	0.5411	1.0522	0.7918	0.5106	1.5045	0.6673	0.2423	1.7138	0.9122	0.1073	1.5908	1.2201	
