0	0.3474	0.3967	0.3965	0.2603	0.3608	-0.0228	0.2196	0.2506	-0.0183	0.0962	0.1503	0.0568	0.0133	-0.0052	0.1103	0.0222	
0.02	0.3814	0.3607	0.3719	0.2646	0.3821	0.055	0.2368	0.2686	0.0857	0.1012	0.1449	0.1549	0.0184	0.0065	0.1971	0.0264	
0.04	0.4154	0.3246	0.3474	0.269	0.4034	0.1327	0.2541	0.2866	0.1898	0.1062	0.1395	0.2529	0.0235	0.0181	0.2839	0.0306	
0.06	0.4493	0.2886	0.3229	0.2734	0.4247	0.2104	0.2713	0.3047	0.2939	0.1112	0.1341	0.3509	0.0287	0.0297	0.3708	0.0348	
0.08	0.4833	0.2525	0.2984	0.2778	0.446	0.2881	0.2886	0.3227	0.398	0.1162	0.1287	0.449	0.0338	0.0413	0.4576	0.039	
0.1	0.5213	0.2199	0.2754	0.2833	0.4634	0.3638	0.304	0.3348	0.5016	0.1238	0.1216	0.5452	0.0424	0.0472	0.5475	0.0432	
0.12	0.5601	0.1917	0.2495	0.2903	0.4692	0.4379	0.3185	0.3362	0.6055	0.1352	0.1129	0.6365	0.0541	0.0503	0.6343	0.0482	
0.14	0.6004	0.1676	0.2215	0.2992	0.4642	0.5083	0.3319	0.3283	0.7072	0.1507	0.1027	0.7221	0.0685	0.0501	0.7166	0.0539	
0.16	0.6435	0.1474	0.1926	0.31	0.45	0.5731	0.344	0.3137	0.8039	0.17	0.0916	0.8015	0.0853	0.0464	0.7935	0.0599	
0.18	0.6907	0.1305	0.1641	0.323	0.4292	0.6306	0.3549	0.2951	0.8933	0.1924	0.08	0.8743	0.1043	0.0391	0.8642	0.0662	
0.2	0.7423	0.1163	0.137	0.3386	0.4047	0.6797	0.365	0.2747	0.9741	0.2164	0.0683	0.9396	0.1251	0.0287	0.9277	0.0727	
0.22	0.797	0.1039	0.1117	0.3569	0.3793	0.7201	0.3747	0.2549	1.0452	0.2406	0.0571	0.9963	0.1472	0.0162	0.9832	0.0792	
0.24	0.8526	0.0926	0.0884	0.378	0.3557	0.7519	0.384	0.237	1.1059	0.2639	0.0467	1.0435	0.1697	0.0031	1.0296	0.0858	
0.26	0.9063	0.0821	0.0671	0.4015	0.3359	0.7758	0.3929	0.222	1.1556	0.285	0.0374	1.0811	0.1919	-0.0097	1.0665	0.0924	
0.28	0.9563	0.0725	0.0478	0.4269	0.3211	0.793	0.4011	0.2104	1.1942	0.3032	0.0293	1.11	0.2127	-0.0212	1.094	0.0988	
0.3	1.0012	0.0638	0.0305	0.4531	0.3121	0.8052	0.4085	0.2018	1.2227	0.3175	0.0222	1.1314	0.2315	-0.0313	1.1137	0.1049	
0.32	1.0405	0.0565	0.0158	0.4793	0.3089	0.8139	0.4148	0.1956	1.2431	0.3278	0.0157	1.1467	0.248	-0.0401	1.1274	0.1105	
0.34	1.0738	0.0506	0.0038	0.5044	0.3114	0.8207	0.42	0.1909	1.2574	0.334	0.0096	1.157	0.2621	-0.048	1.1375	0.1153	
0.36	1.1006	0.0461	-0.0053	0.5276	0.3191	0.8267	0.4239	0.1873	1.2673	0.337	0.0038	1.1633	0.2739	-0.0554	1.1457	0.1194	
0.38	1.1204	0.0429	-0.0117	0.5482	0.3308	0.8323	0.4266	0.1845	1.2738	0.3378	-0.0019	1.1667	0.2834	-0.0625	1.153	0.1226	
0.4	1.1337	0.0407	-0.0156	0.5658	0.3451	0.8376	0.4282	0.1825	1.2777	0.3376	-0.0073	1.1679	0.2906	-0.0694	1.1599	0.1251	
0.42	1.1415	0.0396	-0.0175	0.58	0.3603	0.8426	0.4288	0.1814	1.2794	0.3372	-0.0123	1.168	0.2955	-0.0762	1.1665	0.1267	
0.44	1.1457	0.0391	-0.0175	0.5911	0.375	0.8472	0.4289	0.181	1.2797	0.3369	-0.017	1.1677	0.2982	-0.0829	1.1725	0.1277	
0.46	1.1481	0.039	-0.0161	0.5994	0.3882	0.8512	0.4287	0.1815	1.2793	0.337	-0.0213	1.1674	0.2992	-0.0894	1.178	0.128	
0.48	1.1502	0.0391	-0.0134	0.6056	0.3997	0.8546	0.4285	0.1826	1.2789	0.3371	-0.0252	1.1673	0.2992	-0.0959	1.183	0.128	
0.5	1.1524	0.0392	-0.0099	0.6106	0.4096	0.8576	0.4285	0.1842	1.2787	0.3372	-0.0286	1.1674	0.2989	-0.1023	1.1876	0.1279	
0.52	1.1548	0.0393	-0.0057	0.6147	0.4184	0.86	0.4285	0.1863	1.2787	0.3373	-0.0315	1.1675	0.2986	-0.1088	1.1919	0.1278	
0.54	1.1573	0.0393	-0.0011	0.6184	0.4265	0.862	0.4286	0.1887	1.2789	0.3373	-0.034	1.1676	0.2985	-0.1153	1.1961	0.1278	
0.56	1.1595	0.0392	0.0036	0.6217	0.4343	0.8634	0.4286	0.1915	1.279	0.3372	-0.036	1.1676	0.2986	-0.1218	1.2003	0.1278	
0.58	1.1617	0.0392	0.0084	0.6246	0.4418	0.8643	0.4286	0.1946	1.279	0.3372	-0.0374	1.1675	0.2987	-0.1283	1.2045	0.1279	
0.6	1.1638	0.0392	0.0132	0.6269	0.4492	0.8646	0.4286	0.1979	1.279	0.3372	-0.0384	1.1675	0.2988	-0.1348	1.2087	0.1279	
0.62	1.166	0.0392	0.0177	0.6287	0.4562	0.8643	0.4286	0.2015	1.2789	0.3372	-0.0388	1.1675	0.2988	-0.1413	1.213	0.1279	
0.64	1.1684	0.0392	0.0218	0.63	0.463	0.8636	0.4286	0.2052	1.2789	0.3372	-0.0388	1.1675	0.2988	-0.1478	1.2175	0.1279	
0.66	1.171	0.0392	0.0254	0.6307	0.4695	0.8623	0.4286	0.2092	1.2789	0.3372	-0.0384	1.1675	0.2987	-0.1542	1.222	0.1279	
0.68	1.1735	0.0392	0.0284	0.631	0.4757	0.8604	0.4286	0.2132	1.2789	0.3372	-0.0375	1.1675	0.2987	-0.1606	1.2267	0.1279	
0.7	1.1761	0.0392	0.0307	0.6306	0.4818	0.858	0.4286	0.2172	1.2789	0.3372	-0.0362	1.1675	0.2987	-0.1668	1.2315	0.1279	
0.72	1.1786	0.0392	0.0322	0.6297	0.4879	0.8549	0.4286	0.2212	1.2789	0.3372	-0.0344	1.1675	0.2987	-0.1727	1.2364	0.1279	
0.74	1.181	0.0392	0.0327	0.6281	0.4941	0.8514	0.4286	0.2253	1.2789	0.3372	-0.0323	1.1675	0.2988	-0.1782	1.2413	0.1279	
0.76	1.1834	0.0392	0.0324	0.6259	0.5004	0.8474	0.4286	0.2293	1.2789	0.3372	-0.0297	1.1675	0.2988	-0.183	1.2462	0.1279	
0.78	1.1857	0.0392	0.0312	0.6231	0.5067	0.8431	0.4286	0.2334	1.2789	0.3372	-0.0268	1.1675	0.2988	-0.1872	1.2511	0.1279	
0.8	1.1882	0.0392	0.0291	0.6199	0.5131	0.8388	0.4286	0.2374	1.2789	0.3372	-0.0235	1.1675	0.2987	-0.1905	1.2559	0.1279	
0.82	1.1906	0.0392	0.0262	0.6162	0.5196	0.8348	0.4286	0.2413	1.2789	0.3372	-0.0198	1.1675	0.2987	-0.1932	1.2607	0.1279	
0.84	1.1931	0.0392	0.0225	0.6118	0.5263	0.8312	0.4286	0.2452	1.2789	0.3372	-0.0157	1.1675	0.2987	-0.1951	1.2654	0.1279	
0.86	1.1959	0.0392	0.018	0.6061	0.5337	0.828	0.4286	0.2494	1.2789	0.3372	-0.011	1.1675	0.2987	-0.1963	1.27	0.1279	
0.88	1.1991	0.0392	0.0126	0.5988	0.5424	0.8254	0.4286	0.2544	1.2789	0.3372	-0.0059	1.1675	0.2987	-0.1969	1.2745	0.1279	
0.9	1.2034	0.0392	0.0066	0.5896	0.5528	0.8235	0.4286	0.2609	1.2789	0.3372	-0.0005	1.1675	0.2987	-0.1972	1.2789	0.1279	
0.92	1.2092	0.0392	0	0.5789	0.5649	0.8222	0.4286	0.2697	1.2789	0.3372	0.0051	1.1675	0.2987	-0.1972	1.2833	0.1279	
0.94	1.2169	0.0392	-0.0067	0.5674	0.5782	0.8215	0.4286	0.2816	1.2789	0.3372	0.0105	1.1675	0.2987	-0.1971	1.2876	0.1279	
0.96	1.2266	0.0392	-0.0132	0.556	0.592	0.8212	0.4286	0.2971	1.2789	0.3372	0.0155	1.1675	0.2987	-0.197	1.2918	0.1279	
0.98	1.2386	0.0392	-0.0192	0.5453	0.6058	0.8212	0.4286	0.3165	1.2789	0.3372	0.0199	1.1675	0.2987	-0.197	1.296	0.1279	
1	1.2517	0.0392	-0.0258	0.532	0.6223	0.8213	0.4286	0.3377	1.2789	0.3372	0.0244	1.1675	0.2987	-0.197	1.3001	0.1279	
1.02	1.2649	0.0392	-0.0324	0.5188	0.6388	0.8214	0.4286	0.359	1.2789	0.3372	0.029	1.1675	0.2987	-0.1971	1.3042	0.1279	
1.04	1.278	0.0392	-0.039	0.5055	0.6553	0.8215	0.4286	0.3803	1.2789	0.3372	0.0336	1.1675	0.2987	-0.1971	1.3083	0.1279	
1.06	1.2912	0.0392	-0.0456	0.4922	0.6717	0.8215	0.4286	0.4015	1.2789	0.3372	0.0382	1.1675	0.2987	-0.1971	1.3124	0.1279	
