0	0.1551	0.4985	0.5472	0.3315	0.1644	-0.1659	-0.0694	0.1709	-0.2337	-0.1065	0.0581	-0.1759	-0.1634	0.1006	-0.1675	-0.0871	
0.02	0.1547	0.4985	0.5472	0.3315	0.1644	-0.1659	-0.0694	0.1701	-0.2337	-0.1065	0.0581	-0.1759	-0.1634	0.1006	-0.1675	-0.0871	
0.04	0.1544	0.4985	0.5472	0.3315	0.1644	-0.1659	-0.0694	0.1694	-0.2337	-0.1065	0.058	-0.1759	-0.1634	0.1006	-0.1675	-0.0871	
0.06	0.154	0.4985	0.5472	0.3315	0.1644	-0.1659	-0.0694	0.1686	-0.2337	-0.1065	0.058	-0.1759	-0.1634	0.1006	-0.1676	-0.0871	
0.08	0.1536	0.4985	0.5472	0.3315	0.1644	-0.1659	-0.0694	0.1679	-0.2337	-0.1065	0.058	-0.1759	-0.1634	0.1006	-0.1676	-0.0871	
0.1	0.1532	0.4985	0.5472	0.3315	0.1644	-0.1659	-0.0694	0.167	-0.2337	-0.1065	0.0581	-0.1759	-0.1634	0.1006	-0.1676	-0.0871	
0.12	0.1527	0.4985	0.5472	0.3315	0.1644	-0.1659	-0.0694	0.166	-0.2337	-0.1065	0.0581	-0.1759	-0.1634	0.1006	-0.1675	-0.0871	
0.14	0.152	0.4985	0.5472	0.3315	0.1644	-0.1659	-0.0694	0.1648	-0.2337	-0.1065	0.0581	-0.1759	-0.1634	0.1006	-0.1675	-0.0871	
0.16	0.1512	0.4985	0.5472	0.3315	0.1644	-0.1659	-0.0694	0.1633	-0.2337	-0.1065	0.0581	-0.1759	-0.1634	0.1006	-0.1675	-0.0871	
0.18	0.1502	0.4985	0.5472	0.3315	0.1644	-0.1659	-0.0694	0.1617	-0.2337	-0.1065	0.058	-0.1759	-0.1634	0.1006	-0.1676	-0.0871	
0.2	0.1492	0.4985	0.5472	0.3315	0.1644	-0.1659	-0.0694	0.16	-0.2337	-0.1065	0.058	-0.1759	-0.1634	0.1006	-0.1676	-0.0871	
0.22	0.148	0.4985	0.5472	0.3315	0.1644	-0.1659	-0.0694	0.1581	-0.2337	-0.1065	0.058	-0.1759	-0.1634	0.1006	-0.1676	-0.0871	
0.24	0.1468	0.4985	0.5472	0.3315	0.1644	-0.1659	-0.0694	0.1561	-0.2337	-0.1065	0.0581	-0.1759	-0.1634	0.1006	-0.1676	-0.0871	
0.26	0.1455	0.4985	0.5472	0.3315	0.1644	-0.1659	-0.0694	0.1539	-0.2337	-0.1065	0.0581	-0.1759	-0.1634	0.1006	-0.1675	-0.0871	
0.28	0.1441	0.4985	0.5472	0.3315	0.1644	-0.1659	-0.0694	0.1517	-0.2337	-0.1065	0.0581	-0.1759	-0.1634	0.1006	-0.1675	-0.0871	
0.3	0.1427	0.4985	0.5472	0.3315	0.1644	-0.1659	-0.0694	0.1494	-0.2337	-0.1065	0.0581	-0.1759	-0.1634	0.1006	-0.1675	-0.0871	
0.32	0.1412	0.4985	0.5472	0.3315	0.1644	-0.1659	-0.0694	0.1471	-0.2337	-0.1065	0.058	-0.1759	-0.1634	0.1006	-0.1675	-0.0871	
0.34	0.1397	0.4985	0.5472	0.3315	0.1644	-0.1659	-0.0694	0.1447	-0.2337	-0.1065	0.058	-0.1759	-0.1634	0.1006	-0.1676	-0.0871	
0.36	0.1381	0.4985	0.5472	0.3315	0.1644	-0.1659	-0.0694	0.1422	-0.2337	-0.1065	0.058	-0.1759	-0.1634	0.1006	-0.1676	-0.0871	
0.38	0.1365	0.4985	0.5472	0.3315	0.1644	-0.1659	-0.0694	0.1398	-0.2337	-0.1065	0.058	-0.1759	-0.1634	0.1006	-0.1676	-0.0871	
0.4	0.135	0.4985	0.5472	0.3315	0.1644	-0.1659	-0.0694	0.1373	-0.2337	-0.1065	0.0581	-0.1759	-0.1634	0.1006	-0.1676	-0.0871	
0.42	0.1334	0.4985	0.5472	0.3315	0.1644	-0.1659	-0.0694	0.1349	-0.2337	-0.1065	0.0581	-0.1759	-0.1634	0.1006	-0.1675	-0.0871	
0.44	0.1319	0.4985	0.5472	0.3315	0.1644	-0.1659	-0.0694	0.1325	-0.2337	-0.1065	0.0581	-0.1759	-0.1634	0.1006	-0.1675	-0.0871	
0.46	0.1303	0.4985	0.5472	0.3315	0.1644	-0.1659	-0.0694	0.1301	-0.2337	-0.1065	0.0581	-0.1759	-0.1634	0.1006	-0.1675	-0.087	
0.48	0.1289	0.4985	0.5472	0.3315	0.1644	-0.1659	-0.0694	0.1278	-0.2337	-0.1065	0.058	-0.1759	-0.1634	0.1006	-0.1676	-0.087	
0.5	0.1274	0.4985	0.5472	0.3315	0.1644	-0.1659	-0.0694	0.1256	-0.2337	-0.1065	0.058	-0.1759	-0.1634	0.1006	-0.1676	-0.0869	
0.52	0.126	0.4985	0.5472	0.3315	0.1644	-0.1659	-0.0694	0.1235	-0.2337	-0.1065	0.058	-0.1759	-0.1634	0.1006	-0.1676	-0.0867	
0.54	0.1247	0.4985	0.5472	0.3315	0.1644	-0.1659	-0.0694	0.1215	-0.2337	-0.1065	0.0581	-0.1759	-0.1634	0.1006	-0.1676	-0.0865	
0.56	0.1235	0.4985	0.5472	0.3315	0.1644	-0.1659	-0.0694	0.1196	-0.2337	-0.1065	0.0581	-0.1759	-0.1634	0.1006	-0.1675	-0.0863	
0.58	0.1223	0.4985	0.5472	0.3315	0.1644	-0.1659	-0.0694	0.1178	-0.2337	-0.1065	0.0581	-0.1759	-0.1634	0.1006	-0.1675	-0.0859	
0.6	0.1213	0.4985	0.5472	0.3315	0.1644	-0.1659	-0.0694	0.1162	-0.2337	-0.1065	0.0581	-0.1759	-0.1634	0.1006	-0.1675	-0.0855	
0.62	0.1204	0.4985	0.5472	0.3315	0.1644	-0.1659	-0.0694	0.1148	-0.2337	-0.1065	0.058	-0.1759	-0.1634	0.1006	-0.1675	-0.0849	
0.64	0.1196	0.4985	0.5472	0.3315	0.1644	-0.1659	-0.0694	0.1136	-0.2337	-0.1065	0.058	-0.1759	-0.1634	0.1006	-0.1676	-0.0843	
0.66	0.1189	0.4985	0.5472	0.3315	0.1644	-0.1659	-0.0694	0.1125	-0.2337	-0.1065	0.058	-0.1759	-0.1634	0.1006	-0.1676	-0.0837	
0.68	0.1183	0.4985	0.5471	0.3315	0.1645	-0.1659	-0.0694	0.1117	-0.2337	-0.1065	0.058	-0.1759	-0.1633	0.1006	-0.1675	-0.0829	
0.7	0.1179	0.4985	0.5471	0.3315	0.1645	-0.1659	-0.0694	0.111	-0.2337	-0.1065	0.0581	-0.1759	-0.1632	0.1006	-0.1675	-0.0821	
0.72	0.1176	0.4984	0.547	0.3315	0.1646	-0.1658	-0.0693	0.1105	-0.2337	-0.1065	0.0581	-0.1758	-0.1631	0.1006	-0.1675	-0.0812	
0.74	0.1174	0.4984	0.5469	0.3315	0.1648	-0.1658	-0.0693	0.1102	-0.2337	-0.1065	0.058	-0.1758	-0.1629	0.1006	-0.1675	-0.0803	
0.76	0.1173	0.4984	0.5467	0.3315	0.165	-0.1658	-0.0692	0.1101	-0.2336	-0.1064	0.058	-0.1757	-0.1627	0.1006	-0.1674	-0.0794	
0.78	0.1172	0.4983	0.5465	0.3315	0.1653	-0.1657	-0.0691	0.1101	-0.2335	-0.1064	0.058	-0.1755	-0.1624	0.1006	-0.1673	-0.0783	
0.8	0.1173	0.4982	0.5462	0.3315	0.1657	-0.1656	-0.0689	0.1102	-0.2334	-0.1062	0.058	-0.1753	-0.162	0.1006	-0.1671	-0.0773	
0.82	0.1174	0.4981	0.5458	0.3314	0.1662	-0.1654	-0.0687	0.1104	-0.2332	-0.1061	0.0579	-0.1751	-0.1616	0.1006	-0.1669	-0.0762	
0.84	0.1176	0.498	0.5454	0.3314	0.1668	-0.1653	-0.0684	0.1107	-0.233	-0.1059	0.0578	-0.1748	-0.1611	0.1005	-0.1667	-0.0751	
0.86	0.1178	0.4979	0.5449	0.3314	0.1675	-0.165	-0.0681	0.111	-0.2326	-0.1056	0.0577	-0.1744	-0.1606	0.1005	-0.1663	-0.074	
0.88	0.1182	0.4977	0.5443	0.3313	0.1684	-0.1647	-0.0676	0.1115	-0.2322	-0.1053	0.0575	-0.1739	-0.16	0.1004	-0.1659	-0.0729	
0.9	0.1185	0.4975	0.5436	0.3312	0.1693	-0.1644	-0.0671	0.112	-0.2318	-0.1049	0.0573	-0.1734	-0.1593	0.1004	-0.1654	-0.0718	
0.92	0.119	0.4973	0.5429	0.3311	0.1704	-0.164	-0.0665	0.1126	-0.2312	-0.1045	0.057	-0.1728	-0.1586	0.1003	-0.1647	-0.0707	
0.94	0.1195	0.4971	0.542	0.331	0.1717	-0.1635	-0.0659	0.1133	-0.2305	-0.104	0.0567	-0.1721	-0.1579	0.1001	-0.164	-0.0695	
0.96	0.1202	0.4968	0.5411	0.3308	0.173	-0.163	-0.0651	0.114	-0.2298	-0.1035	0.0562	-0.1712	-0.157	0.0999	-0.1632	-0.0684	
0.98	0.1209	0.4964	0.5401	0.3306	0.1745	-0.1623	-0.0643	0.1149	-0.2289	-0.1029	0.0557	-0.1703	-0.1561	0.0997	-0.1623	-0.0674	
1	0.1217	0.4961	0.539	0.3303	0.1762	-0.1616	-0.0633	0.1159	-0.228	-0.1022	0.0552	-0.1693	-0.1552	0.0994	-0.1612	-0.0663	
1.02	0.1227	0.4957	0.5378	0.33	0.178	-0.1609	-0.0623	0.1169	-0.2269	-0.1016	0.0545	-0.1682	-0.1542	0.0991	-0.16	-0.0652	
1.04	0.1239	0.4953	0.5365	0.3297	0.1799	-0.16	-0.0612	0.1181	-0.2257	-0.1008	0.0538	-0.167	-0.1531	0.0987	-0.1587	-0.0642	
1.06	0.1251	0.4948	0.5351	0.3292	0.182	-0.159	-0.06	0.1194	-0.2244	-0.1	0.0529	-0.1656	-0.152	0.0983	-0.1572	-0.0633	
1.08	0.1265	0.4943	0.5336	0.3288	0.1842	-0.158	-0.0587	0.1208	-0.223	-0.0992	0.052	-0.1641	-0.1509	0.0978	-0.1556	-0.0624	
1.1	0.1279	0.4937	0.5319	0.3282	0.1865	-0.1568	-0.0572	0.1223	-0.2215	-0.0983	0.0509	-0.1625	-0.1497	0.0972	-0.1538	-0.0615	
1.12	0.1295	0.4931	0.5302	0.3277	0.1891	-0.1556	-0.0557	0.124	-0.2199	-0.0974	0.0497	-0.1608	-0.1484	0.0966	-0.1519	-0.0607	
1.14	0.1313	0.4925	0.5283	0.327	0.1918	-0.1542	-0.054	0.1258	-0.2181	-0.0964	0.0484	-0.1589	-0.1471	0.0959	-0.1497	-0.0599	
1.16	0.1334	0.4918	0.5264	0.3262	0.1946	-0.1527	-0.0523	0.1277	-0.2162	-0.0954	0.047	-0.1569	-0.1458	0.0952	-0.1474	-0.0592	
1.18	0.1358	0.4911	0.5243	0.3254	0.1976	-0.1511	-0.0504	0.1297	-0.2141	-0.0943	0.0455	-0.1548	-0.1444	0.0943	-0.1449	-0.0586	
1.2	0.1386	0.4903	0.5221	0.3245	0.2008	-0.1494	-0.0484	0.1319	-0.2119	-0.0932	0.0438	-0.1525	-0.1429	0.0934	-0.1423	-0.0581	
1.22	0.1413	0.4895	0.5199	0.3235	0.2041	-0.1476	-0.0462	0.1342	-0.2096	-0.092	0.042	-0.15	-0.1414	0.0924	-0.1395	-0.0577	
1.24	0.1437	0.4885	0.5174	0.3225	0.2076	-0.1457	-0.044	0.1367	-0.2071	-0.0908	0.0401	-0.1473	-0.1399	0.0913	-0.1365	-0.0573	
1.26	0.1458	0.4875	0.5148	0.3213	0.2112	-0.1436	-0.0416	0.1394	-0.2044	-0.0896	0.038	-0.1444	-0.1383	0.0901	-0.1333	-0.0571	
1.28	0.1481	0.4863	0.512	0.32	0.2151	-0.1415	-0.0391	0.1423	-0.2017	-0.0883	0.0357	-0.1414	-0.1366	0.0888	-0.1297	-0.057	
1.3	0.1522	0.4853	0.509	0.3187	0.2193	-0.139	-0.0365	0.1452	-0.1988	-0.087	0.0333	-0.1384	-0.135	0.0874	-0.1257	-0.0571	
1.32	0.1599	0.4844	0.5061	0.3172	0.2236	-0.1363	-0.0337	0.1481	-0.1956	-0.0857	0.0307	-0.1352	-0.1332	0.086	-0.1214	-0.0572	
1.34	0.173	0.4835	0.5032	0.3156	0.2281	-0.1334	-0.0306	0.1512	-0.1923	-0.0843	0.028	-0.1318	-0.1315	0.0844	-0.1171	-0.0576	
1.36	0.1927	0.4822	0.5002	0.3139	0.2326	-0.1305	-0.0275	0.1548	-0.1888	-0.0828	0.0252	-0.1279	-0.1297	0.0827	-0.1131	-0.0581	
1.38	0.2192	0.4798	0.4969	0.3122	0.237	-0.1279	-0.0243	0.1597	-0.185	-0.0814	0.0222	-0.123	-0.1278	0.0809	-0.1093	-0.0589	
1.4	0.2519	0.4751	0.4924	0.3104	0.2416	-0.1254	-0.0211	0.167	-0.1812	-0.0799	0.019	-0.1164	-0.126	0.079	-0.1051	-0.0598	
1.42	0.2898	0.4673	0.4861	0.3084	0.2471	-0.1226	-0.0179	0.1778	-0.1774	-0.0783	0.0153	-0.1073	-0.124	0.077	-0.0994	-0.0609	
1.44	0.3318	0.4557	0.4772	0.3061	0.2543	-0.1183	-0.0143	0.1933	-0.1734	-0.0768	0.0114	-0.0946	-0.1221	0.0748	-0.0905	-0.0621	
1.46	0.3764	0.4401	0.4653	0.3035	0.2637	-0.111	-0.0097	0.2136	-0.1689	-0.0752	0.0074	-0.077	-0.1201	0.0726	-0.0774	-0.0636	
1.48	0.4215	0.4206	0.4505	0.3007	0.2753	-0.0993	-0.0039	0.2381	-0.163	-0.0735	0.0036	-0.0534	-0.118	0.0701	-0.0598	-0.0653	
1.5	0.4649	0.3978	0.433	0.2982	0.2881	-0.0827	0.0037	0.265	-0.1545	-0.0719	-0.0001	-0.0232	-0.116	0.0675	-0.0385	-0.0671	
1.52	0.5043	0.3723	0.4131	0.2961	0.2998	-0.0609	0.0129	0.2911	-0.1421	-0.0702	-0.0038	0.0131	-0.1139	0.0648	-0.0146	-0.0691	
1.54	0.5382	0.345	0.3909	0.2942	0.3071	-0.0346	0.0236	0.3122	-0.1246	-0.0685	-0.0085	0.0538	-0.1118	0.062	0.0107	-0.0713	
1.56	0.5661	0.317	0.3667	0.2916	0.3063	-0.0044	0.0353	0.3234	-0.1015	-0.0667	-0.0154	0.0969	-0.1096	0.0593	0.0366	-0.0736	
1.58	0.5886	0.2893	0.3412	0.2863	0.2942	0.0286	0.0478	0.3202	-0.073	-0.0649	-0.026	0.1396	-0.1075	0.0564	0.062	-0.0761	
1.6	0.607	0.2628	0.3154	0.2761	0.2688	0.0633	0.0605	0.2994	-0.0402	-0.0631	-0.041	0.1795	-0.1052	0.0532	0.086	-0.079	
1.62	0.6228	0.2382	0.2903	0.2589	0.2296	0.0976	0.0729	0.2603	-0.005	-0.0613	-0.0603	0.2143	-0.1029	0.0493	0.1071	-0.0823	
1.64	0.6371	0.2157	0.2665	0.2336	0.1781	0.1294	0.0843	0.2046	0.0303	-0.0594	-0.0833	0.2419	-0.1007	0.0446	0.1242	-0.0863	
1.66	0.6508	0.1955	0.2443	0.2	0.1174	0.1565	0.0938	0.1365	0.0634	-0.0575	-0.109	0.2609	-0.0986	0.0391	0.1371	-0.0911	
1.68	0.6641	0.1773	0.2233	0.1594	0.0511	0.1775	0.1007	0.0611	0.0921	-0.0556	-0.1363	0.2709	-0.0967	0.0329	0.1466	-0.0968	
1.7	0.6776	0.1609	0.2033	0.1135	-0.0163	0.1918	0.1048	-0.0161	0.1146	-0.0537	-0.1642	0.2724	-0.095	0.0266	0.1542	-0.1034	
1.72	0.6914	0.146	0.1842	0.0647	-0.0806	0.1999	0.1063	-0.0897	0.1295	-0.0519	-0.1915	0.267	-0.0932	0.0204	0.1616	-0.1106	
1.74	0.706	0.1326	0.166	0.0157	-0.1376	0.2029	0.1057	-0.1554	0.1363	-0.05	-0.2168	0.2567	-0.0908	0.0145	0.1699	-0.118	
1.76	0.7215	0.1205	0.149	-0.0301	-0.1843	0.202	0.1036	-0.2096	0.1353	-0.048	-0.2387	0.2438	-0.0876	0.0092	0.1792	-0.1253	
1.78	0.7382	0.1099	0.1333	-0.0696	-0.2189	0.1981	0.1004	-0.2504	0.1275	-0.0458	-0.2564	0.2301	-0.0837	0.0046	0.1889	-0.1325	
1.8	0.7557	0.1007	0.119	-0.0995	-0.2417	0.1923	0.0963	-0.2778	0.1143	-0.0433	-0.2699	0.2174	-0.08	0.001	0.1984	-0.1397	
1.82	0.7736	0.0928	0.1063	-0.1168	-0.2543	0.1856	0.0914	-0.2936	0.098	-0.0406	-0.2802	0.2075	-0.0774	-0.0015	0.2071	-0.1471	
1.84	0.7916	0.0857	0.0955	-0.1192	-0.2587	0.1794	0.0862	-0.3008	0.0808	-0.0379	-0.2883	0.202	-0.076	-0.0029	0.2161	-0.1536	
1.86	0.8097	0.0792	0.0869	-0.1043	-0.2566	0.1751	0.0818	-0.3024	0.0659	-0.0353	-0.2956	0.2026	-0.0739	-0.0033	0.2287	-0.1567	
1.88	0.8279	0.0726	0.0809	-0.0709	-0.2492	0.1744	0.0805	-0.3009	0.0565	-0.0323	-0.3028	0.2106	-0.0666	-0.0031	0.249	-0.1521	
1.9	0.8465	0.066	0.0776	-0.0186	-0.2372	0.1783	0.0856	-0.2975	0.0558	-0.0277	-0.3101	0.2265	-0.0482	-0.0029	0.2813	-0.1351	
1.92	0.8651	0.0593	0.077	0.0513	-0.2213	0.1874	0.1008	-0.2929	0.0664	-0.02	-0.3177	0.25	-0.0135	-0.0027	0.3277	-0.102	
1.94	0.8831	0.0527	0.079	0.1359	-0.2028	0.2015	0.1286	-0.2872	0.0892	-0.0073	-0.3256	0.2799	0.0402	-0.0027	0.3875	-0.0512	
1.96	0.8998	0.0465	0.0833	0.232	-0.1831	0.2198	0.1702	-0.2809	0.1236	0.0117	-0.3336	0.3154	0.112	-0.0027	0.458	0.0168	
1.98	0.9147	0.0409	0.0895	0.336	-0.1637	0.2411	0.2249	-0.2746	0.1677	0.0372	-0.3418	0.3552	0.1986	-0.0028	0.5359	0.0999	
2	0.9275	0.036	0.0975	0.4442	-0.1454	0.2644	0.2904	-0.2692	0.2191	0.0685	-0.3499	0.3982	0.2959	-0.0029	0.6184	0.1955	
2.02	0.9381	0.032	0.1071	0.5528	-0.1293	0.2886	0.3638	-0.2655	0.2747	0.1043	-0.3578	0.4429	0.3995	-0.0028	0.7032	0.3001	
2.04	0.9467	0.0288	0.1181	0.6571	-0.116	0.3123	0.4415	-0.264	0.3312	0.1429	-0.3652	0.4872	0.5043	-0.0028	0.7869	0.4089	
2.06	0.953	0.0265	0.13	0.7519	-0.1062	0.3344	0.5194	-0.2647	0.385	0.1823	-0.3719	0.5288	0.6044	-0.0028	0.8648	0.5156	
2.08	0.9572	0.025	0.1424	0.833	-0.1001	0.3536	0.5933	-0.267	0.4323	0.2207	-0.3776	0.5659	0.6933	-0.0028	0.9317	0.6133	
2.1	0.9594	0.0241	0.1545	0.8984	-0.0973	0.3689	0.6587	-0.2705	0.4705	0.2557	-0.3823	0.5976	0.7653	-0.0028	0.9842	0.696	
2.12	0.9602	0.0238	0.1661	0.9481	-0.0968	0.3803	0.7124	-0.2747	0.4985	0.2853	-0.386	0.6239	0.8174	-0.0028	1.0219	0.7608	
2.14	0.9599	0.0239	0.1791	0.9901	-0.0975	0.3887	0.7548	-0.2812	0.517	0.3097	-0.3888	0.6491	0.848	-0.0028	1.0504	0.8132	
2.16	0.9596	0.024	0.1922	1.0321	-0.0983	0.3971	0.7973	-0.2877	0.5355	0.3341	-0.3916	0.6742	0.8787	-0.0028	1.0789	0.8656	
2.18	0.9593	0.024	0.2052	1.0741	-0.099	0.4055	0.8398	-0.2942	0.5539	0.3585	-0.3944	0.6994	0.9093	-0.0028	1.1074	0.9181	
2.2	0.959	0.0241	0.2182	1.1162	-0.0997	0.4139	0.8823	-0.3007	0.5724	0.3829	-0.3972	0.7245	0.94	-0.0028	1.1359	0.9705	
