0	0.2914	0.4146	0.1864	0.158	0.39	0.0292	-0.0753	0.3773	0.3042	-0.177	0.4531	0.2573	-0.1497	0.4563	0.1645	-0.0408	
0.02	0.3015	0.4086	0.1864	0.1579	0.3788	0.0292	-0.0753	0.378	0.3047	-0.177	0.4591	0.2687	-0.1559	0.4618	0.1747	-0.0408	
0.04	0.3115	0.4027	0.1864	0.1579	0.3675	0.0292	-0.0753	0.3787	0.3052	-0.177	0.4651	0.2802	-0.1621	0.4674	0.185	-0.0408	
0.06	0.3216	0.3967	0.1864	0.1579	0.3563	0.0292	-0.0753	0.3795	0.3057	-0.177	0.4711	0.2917	-0.1683	0.4729	0.1952	-0.0408	
0.08	0.3317	0.3907	0.1864	0.1579	0.3451	0.0292	-0.0753	0.3802	0.3063	-0.177	0.4771	0.3031	-0.1745	0.4785	0.2054	-0.0408	
0.1	0.3409	0.3848	0.1864	0.1579	0.3351	0.0292	-0.0753	0.3819	0.3076	-0.177	0.4844	0.3139	-0.1807	0.485	0.2154	-0.0408	
0.12	0.351	0.3796	0.1864	0.158	0.3244	0.0292	-0.0753	0.3843	0.3097	-0.177	0.4935	0.3252	-0.1869	0.4931	0.225	-0.0405	
0.14	0.3618	0.3752	0.1864	0.1581	0.3134	0.0292	-0.0753	0.3877	0.3127	-0.177	0.5041	0.3367	-0.193	0.5026	0.234	-0.0399	
0.16	0.3727	0.3713	0.1864	0.1584	0.3027	0.0292	-0.0753	0.3921	0.3166	-0.177	0.5161	0.348	-0.1992	0.5133	0.2427	-0.039	
0.18	0.3834	0.3676	0.1864	0.1588	0.2929	0.0292	-0.0753	0.3974	0.3215	-0.177	0.5291	0.3592	-0.2055	0.5253	0.2513	-0.0376	
0.2	0.3937	0.364	0.1864	0.1595	0.2844	0.0292	-0.0753	0.4034	0.3279	-0.177	0.5427	0.3711	-0.2117	0.5386	0.2603	-0.0356	
0.22	0.4037	0.3605	0.1864	0.1603	0.2771	0.0291	-0.0753	0.4098	0.3361	-0.177	0.5563	0.3847	-0.2178	0.5532	0.2705	-0.033	
0.24	0.4137	0.357	0.1864	0.1614	0.271	0.0288	-0.0753	0.4162	0.3469	-0.177	0.5694	0.4011	-0.2237	0.5692	0.2824	-0.0297	
0.26	0.4239	0.3534	0.1865	0.1628	0.2657	0.0284	-0.0753	0.4219	0.3604	-0.177	0.5814	0.4212	-0.2289	0.5863	0.2967	-0.0255	
0.28	0.4348	0.3498	0.1867	0.1644	0.2606	0.0278	-0.0753	0.4265	0.377	-0.1769	0.5922	0.4451	-0.2329	0.6041	0.3134	-0.0202	
0.3	0.4464	0.3462	0.1869	0.1662	0.2557	0.0268	-0.0753	0.4295	0.3963	-0.1769	0.6015	0.4729	-0.2351	0.6221	0.3327	-0.0134	
0.32	0.4589	0.3425	0.1873	0.1681	0.2506	0.0255	-0.0753	0.4305	0.4177	-0.1767	0.6089	0.5046	-0.2352	0.6397	0.3547	-0.0044	
0.34	0.4723	0.3387	0.1877	0.1702	0.2454	0.0238	-0.0752	0.4294	0.4408	-0.1764	0.6143	0.54	-0.2326	0.6566	0.3797	0.0073	
0.36	0.4865	0.3349	0.1883	0.1723	0.2399	0.0217	-0.0751	0.4262	0.4653	-0.176	0.6174	0.5787	-0.2273	0.6725	0.4084	0.0228	
0.38	0.5014	0.331	0.1892	0.1744	0.2341	0.0192	-0.0749	0.4208	0.4915	-0.1753	0.6181	0.62	-0.2193	0.6871	0.4411	0.0427	
0.4	0.5171	0.3271	0.1905	0.1764	0.228	0.0163	-0.0746	0.4134	0.5199	-0.1744	0.6163	0.6633	-0.2086	0.7	0.4779	0.0679	
0.42	0.5336	0.3233	0.192	0.1784	0.2215	0.013	-0.074	0.404	0.5508	-0.1732	0.6123	0.7078	-0.195	0.7111	0.5186	0.0985	
0.44	0.551	0.3195	0.1938	0.1802	0.2147	0.0093	-0.0733	0.393	0.5844	-0.1717	0.6063	0.7533	-0.1786	0.7208	0.5629	0.1344	
0.46	0.5697	0.3154	0.1956	0.1817	0.2076	0.0053	-0.0724	0.3806	0.6203	-0.1699	0.5991	0.7996	-0.1593	0.7301	0.6105	0.1755	
0.48	0.5903	0.3108	0.1974	0.183	0.2006	0.0011	-0.0713	0.3668	0.658	-0.1679	0.5912	0.8469	-0.1376	0.7403	0.6615	0.2212	
0.5	0.6134	0.3055	0.1994	0.184	0.1939	-0.0035	-0.07	0.3522	0.697	-0.1656	0.5836	0.8951	-0.1139	0.7524	0.7152	0.2711	
0.52	0.6394	0.2992	0.2025	0.1846	0.1879	-0.0082	-0.0685	0.3368	0.7369	-0.163	0.5771	0.9441	-0.0891	0.7672	0.7702	0.3244	
0.54	0.6687	0.292	0.2077	0.1848	0.1826	-0.0131	-0.0668	0.3212	0.7771	-0.1602	0.5726	0.993	-0.0638	0.7846	0.8242	0.3794	
0.56	0.7013	0.2838	0.2157	0.1846	0.1782	-0.0181	-0.065	0.3059	0.8168	-0.1571	0.5712	1.0406	-0.0387	0.8045	0.8748	0.4339	
0.58	0.7368	0.2748	0.2271	0.1839	0.1747	-0.0233	-0.0631	0.2916	0.8545	-0.1539	0.5739	1.0856	-0.0141	0.8267	0.9196	0.4855	
0.6	0.7742	0.2651	0.2415	0.1827	0.1722	-0.0287	-0.0612	0.279	0.8889	-0.1505	0.5817	1.1267	0.0092	0.8511	0.9574	0.532	
0.62	0.8124	0.2552	0.258	0.1811	0.1705	-0.0344	-0.0592	0.2687	0.9191	-0.1469	0.5953	1.1632	0.0307	0.8779	0.9878	0.572	
0.64	0.8503	0.2458	0.2755	0.1791	0.1696	-0.0405	-0.0574	0.2611	0.9449	-0.1433	0.615	1.1947	0.0495	0.9071	1.0112	0.6047	
0.66	0.8866	0.2374	0.2932	0.1767	0.1693	-0.047	-0.0555	0.2563	0.967	-0.1395	0.6405	1.2212	0.065	0.9383	1.0278	0.6297	
0.68	0.9203	0.2307	0.3102	0.1741	0.1693	-0.0538	-0.0536	0.2546	0.9868	-0.1356	0.6709	1.2432	0.077	0.971	1.0385	0.647	
0.7	0.9506	0.2258	0.3257	0.1712	0.1694	-0.0607	-0.0518	0.2556	1.0053	-0.1316	0.7052	1.2612	0.086	1.0046	1.0441	0.6572	
0.72	0.9769	0.2226	0.3388	0.1679	0.1695	-0.0674	-0.0502	0.2592	1.0234	-0.1274	0.7422	1.2759	0.0924	1.0383	1.0461	0.6614	
0.74	0.9992	0.2211	0.3488	0.1643	0.1695	-0.0737	-0.049	0.2649	1.0415	-0.1232	0.7804	1.288	0.0969	1.0716	1.046	0.6615	
0.76	1.0177	0.2207	0.3552	0.1602	0.1694	-0.0793	-0.0486	0.2723	1.0599	-0.1187	0.8185	1.298	0.0998	1.1041	1.0453	0.6595	
0.78	1.0333	0.2213	0.3584	0.1557	0.1694	-0.0841	-0.049	0.2809	1.0789	-0.114	0.8549	1.3065	0.1015	1.1353	1.0448	0.6573	
0.8	1.0465	0.2225	0.3592	0.151	0.1694	-0.088	-0.0503	0.2902	1.0986	-0.109	0.8882	1.3138	0.1022	1.1646	1.0446	0.6558	
0.82	1.0582	0.2238	0.3588	0.146	0.1694	-0.0909	-0.0522	0.2998	1.119	-0.1037	0.9171	1.3201	0.1023	1.1913	1.0448	0.6556	
0.84	1.0688	0.2251	0.3582	0.1412	0.1694	-0.0928	-0.0546	0.3093	1.1398	-0.0979	0.9411	1.3253	0.1022	1.2146	1.0451	0.6566	
0.86	1.0786	0.226	0.3579	0.1368	0.1694	-0.0938	-0.0573	0.3184	1.1603	-0.0918	0.9602	1.3293	0.102	1.2342	1.0452	0.6587	
0.88	1.0876	0.2264	0.3579	0.1331	0.1694	-0.0942	-0.06	0.3266	1.1795	-0.0853	0.9747	1.332	0.1019	1.25	1.0452	0.6613	
0.9	1.0956	0.2265	0.3581	0.1304	0.1694	-0.0942	-0.0627	0.3338	1.1967	-0.0784	0.9854	1.3335	0.1019	1.2622	1.0451	0.6639	
0.92	1.1021	0.2264	0.3583	0.129	0.1694	-0.0941	-0.0651	0.3398	1.2114	-0.0711	0.9929	1.334	0.102	1.2715	1.0451	0.6661	
0.94	1.1067	0.2262	0.3584	0.129	0.1694	-0.094	-0.067	0.3447	1.2233	-0.0633	0.9976	1.334	0.1021	1.2785	1.045	0.6675	
0.96	1.109	0.2262	0.3583	0.1301	0.1694	-0.094	-0.0683	0.3483	1.2326	-0.0552	1.0001	1.3338	0.1021	1.2836	1.045	0.6681	
0.98	1.1085	0.2262	0.3583	0.1321	0.1694	-0.094	-0.0689	0.3507	1.2395	-0.0466	1.001	1.3336	0.1021	1.2871	1.0451	0.6682	
1	1.1053	0.2262	0.3582	0.1347	0.1694	-0.094	-0.069	0.3521	1.2442	-0.0375	1.0011	1.3336	0.102	1.2891	1.0451	0.6681	
1.02	1.1006	0.2263	0.3582	0.1385	0.1694	-0.0941	-0.0689	0.3523	1.2462	-0.0283	1.0008	1.3337	0.102	1.2895	1.0451	0.668	
1.04	1.096	0.2263	0.3582	0.1423	0.1694	-0.0941	-0.0687	0.3525	1.2482	-0.0192	1.0005	1.3337	0.102	1.2898	1.0451	0.6679	
1.06	1.0914	0.2263	0.3583	0.1461	0.1694	-0.0941	-0.0685	0.3527	1.2502	-0.01	1.0003	1.3338	0.102	1.2902	1.0451	0.6678	
1.08	1.0867	0.2263	0.3583	0.1499	0.1694	-0.0941	-0.0684	0.3529	1.2522	-0.0008	1	1.3339	0.102	1.2905	1.0451	0.6677	
