0	0.737	0.5237	-0.1727	0.1915	0.3051	0.0885	0.0894	0.2917	0.154	0.0011	0.3125	0.2163	0.1586	0.3346	0.0594	0.065	
0.02	0.7616	0.501	-0.1623	0.1915	0.3236	0.1003	0.0894	0.3094	0.1674	0.0011	0.325	0.2275	0.1587	0.3496	0.0716	0.065	
0.04	0.7862	0.4782	-0.1518	0.1915	0.3421	0.1122	0.0894	0.3272	0.1809	0.0012	0.3376	0.2387	0.1587	0.3646	0.0838	0.0649	
0.06	0.8108	0.4555	-0.1413	0.1915	0.3606	0.124	0.0894	0.3449	0.1943	0.0012	0.3501	0.2499	0.1587	0.3796	0.096	0.0649	
0.08	0.8355	0.4327	-0.1309	0.1916	0.3791	0.1358	0.0894	0.3626	0.2077	0.0012	0.3627	0.261	0.1587	0.3946	0.1082	0.0649	
0.1	0.8611	0.4102	-0.1219	0.1916	0.4001	0.1469	0.0894	0.3829	0.2205	0.0014	0.3769	0.2714	0.1589	0.4093	0.1207	0.065	
0.12	0.8898	0.3873	-0.1127	0.1915	0.4244	0.1592	0.0895	0.4046	0.2349	0.0019	0.3952	0.2825	0.1593	0.4264	0.1354	0.0652	
0.14	0.9209	0.3643	-0.1037	0.1913	0.4513	0.1724	0.0897	0.428	0.2506	0.0027	0.4174	0.2943	0.1599	0.4465	0.152	0.0656	
0.16	0.9535	0.3417	-0.0952	0.1909	0.48	0.186	0.0901	0.4532	0.2676	0.0039	0.4432	0.3063	0.1609	0.4695	0.1697	0.0664	
0.18	0.9869	0.3197	-0.0877	0.1902	0.51	0.1995	0.0907	0.4805	0.2858	0.0055	0.4718	0.318	0.1624	0.4953	0.1881	0.0675	
0.2	1.0206	0.2989	-0.0812	0.1891	0.5407	0.2128	0.0916	0.5094	0.3053	0.0077	0.5025	0.3293	0.1643	0.5237	0.2065	0.0692	
0.22	1.0537	0.2796	-0.0755	0.1876	0.5714	0.2259	0.0929	0.5393	0.3263	0.0104	0.5349	0.3402	0.1667	0.5547	0.2251	0.0713	
0.24	1.0855	0.2622	-0.0704	0.1856	0.6012	0.239	0.0944	0.5692	0.3492	0.0136	0.5692	0.351	0.1696	0.5884	0.2442	0.074	
0.26	1.1156	0.2468	-0.0654	0.1831	0.629	0.2527	0.0963	0.5982	0.3744	0.0172	0.6052	0.362	0.1731	0.625	0.2647	0.0772	
0.28	1.1435	0.2332	-0.0604	0.18	0.6541	0.2676	0.0985	0.6259	0.4026	0.0212	0.6426	0.3737	0.1772	0.6642	0.2873	0.0811	
0.3	1.1693	0.2212	-0.0551	0.1764	0.6766	0.2844	0.1012	0.6522	0.4341	0.0256	0.6806	0.386	0.1821	0.7053	0.3124	0.0857	
0.32	1.1927	0.2105	-0.0497	0.1722	0.6967	0.3039	0.1046	0.6771	0.4685	0.0303	0.7182	0.3988	0.1879	0.7472	0.34	0.0911	
0.34	1.2135	0.2011	-0.0441	0.1675	0.7148	0.3265	0.1089	0.7008	0.5051	0.0354	0.7548	0.4118	0.1946	0.789	0.3698	0.0974	
0.36	1.2311	0.1929	-0.0382	0.1622	0.731	0.3524	0.1143	0.7227	0.5426	0.0407	0.7902	0.4243	0.2018	0.83	0.4007	0.1044	
0.38	1.2453	0.1856	-0.032	0.1563	0.7454	0.381	0.1208	0.7425	0.5796	0.0461	0.8242	0.436	0.2093	0.8697	0.4316	0.1121	
0.4	1.2561	0.1793	-0.0256	0.1499	0.758	0.4113	0.1285	0.7597	0.6148	0.0517	0.8567	0.4463	0.2165	0.9083	0.4611	0.1204	
0.42	1.2637	0.174	-0.0191	0.1427	0.7687	0.4416	0.1372	0.7743	0.6477	0.0573	0.8879	0.4552	0.2232	0.9458	0.4882	0.129	
0.44	1.2687	0.1698	-0.0127	0.1341	0.7779	0.4705	0.1472	0.7863	0.6778	0.0628	0.9175	0.4625	0.2293	0.9825	0.5124	0.1379	
0.46	1.2717	0.167	-0.0067	0.1234	0.7857	0.4967	0.1585	0.796	0.705	0.0683	0.9459	0.4681	0.2344	1.0183	0.5336	0.147	
0.48	1.2733	0.1655	-0.0013	0.11	0.7922	0.5193	0.1711	0.8035	0.7291	0.0738	0.9736	0.4719	0.2385	1.0532	0.5523	0.1562	
0.5	1.2739	0.1655	0.0034	0.0933	0.7972	0.5376	0.1848	0.8087	0.7503	0.0793	1.0007	0.4741	0.2414	1.0872	0.5688	0.1654	
0.52	1.274	0.1666	0.0073	0.0735	0.8007	0.5513	0.1993	0.8117	0.7691	0.0849	1.0273	0.475	0.2431	1.1203	0.5839	0.1742	
0.54	1.2738	0.1687	0.0104	0.0515	0.8023	0.5604	0.2136	0.8131	0.7863	0.0909	1.0526	0.475	0.2439	1.1529	0.5977	0.1824	
0.56	1.2737	0.1712	0.0126	0.0282	0.8022	0.5655	0.2272	0.8132	0.8027	0.0973	1.0759	0.4748	0.244	1.1856	0.6107	0.1898	
0.58	1.2737	0.1741	0.0141	0.0047	0.8002	0.5674	0.2395	0.8129	0.8192	0.1044	1.0964	0.4746	0.2438	1.2185	0.6232	0.1962	
0.6	1.2737	0.1782	0.0147	-0.0227	0.7972	0.567	0.2528	0.8127	0.8364	0.1117	1.1182	0.4746	0.2437	1.2517	0.639	0.2028	
0.62	1.2738	0.1823	0.0153	-0.0501	0.7942	0.5665	0.2661	0.8125	0.8536	0.119	1.14	0.4747	0.2436	1.2849	0.6547	0.2095	
0.64	1.2738	0.1865	0.0158	-0.0775	0.7911	0.5661	0.2794	0.8124	0.8708	0.1262	1.1619	0.4747	0.2435	1.3181	0.6705	0.2162	
0.66	1.2739	0.1906	0.0164	-0.1049	0.7881	0.5656	0.2927	0.8122	0.888	0.1335	1.1837	0.4747	0.2434	1.3514	0.6863	0.2228	
