0	0.3776	0.2568	0.1725	0.2866	0.362	0.1037	-0.0527	0.2589	0.2589	-0.2391	0.3555	0.278	-0.168	0.3679	0.1795	-0.0822	
0.02	0.3971	0.2487	0.177	0.2866	0.3722	0.1138	-0.0527	0.2735	0.2756	-0.2391	0.3555	0.3021	-0.1727	0.382	0.1935	-0.075	
0.04	0.4166	0.2407	0.1816	0.2866	0.3824	0.1239	-0.0527	0.2881	0.2923	-0.2391	0.3556	0.3262	-0.1773	0.3961	0.2075	-0.0678	
0.06	0.4361	0.2326	0.1861	0.2865	0.3926	0.134	-0.0527	0.3026	0.309	-0.2391	0.3557	0.3503	-0.1819	0.4103	0.2214	-0.0607	
0.08	0.4556	0.2246	0.1906	0.2865	0.4027	0.1441	-0.0527	0.3172	0.3257	-0.2391	0.3557	0.3744	-0.1866	0.4244	0.2354	-0.0535	
0.1	0.4757	0.217	0.1944	0.2864	0.4127	0.1538	-0.0527	0.3328	0.3422	-0.2391	0.3563	0.3964	-0.1911	0.438	0.2494	-0.0477	
0.12	0.4949	0.2103	0.1981	0.2863	0.422	0.1634	-0.0527	0.3449	0.3573	-0.2391	0.3575	0.416	-0.196	0.453	0.2632	-0.0421	
0.14	0.5137	0.2043	0.2015	0.286	0.4306	0.1729	-0.0527	0.3543	0.3715	-0.2391	0.3596	0.4335	-0.201	0.4689	0.2763	-0.0368	
0.16	0.5329	0.199	0.2044	0.2855	0.4383	0.1829	-0.0527	0.3623	0.3855	-0.2391	0.3627	0.4492	-0.2058	0.485	0.2881	-0.0321	
0.18	0.5533	0.1943	0.2063	0.2848	0.4454	0.1936	-0.0527	0.3701	0.3997	-0.2391	0.3668	0.4635	-0.2101	0.5006	0.2984	-0.0284	
0.2	0.5751	0.1901	0.2072	0.284	0.4522	0.2053	-0.0527	0.3784	0.4143	-0.2391	0.3722	0.4768	-0.2137	0.515	0.307	-0.0256	
0.22	0.5983	0.1864	0.207	0.2829	0.4593	0.218	-0.0527	0.3874	0.4292	-0.2391	0.3786	0.4897	-0.2163	0.528	0.3138	-0.0235	
0.24	0.6224	0.1829	0.2059	0.2816	0.4676	0.2314	-0.0527	0.3969	0.444	-0.2391	0.3862	0.5024	-0.2181	0.54	0.3189	-0.0217	
0.26	0.647	0.1797	0.204	0.2801	0.4773	0.2454	-0.0527	0.4066	0.4586	-0.2391	0.3949	0.5148	-0.2189	0.5516	0.3222	-0.02	
0.28	0.6717	0.1766	0.2015	0.2784	0.4885	0.2596	-0.0527	0.4165	0.4725	-0.2391	0.4047	0.5268	-0.219	0.5638	0.3239	-0.0184	
0.3	0.6963	0.1736	0.1988	0.2765	0.5006	0.2737	-0.0527	0.4263	0.4854	-0.2391	0.4154	0.5382	-0.2183	0.5773	0.3246	-0.0169	
0.32	0.7206	0.1707	0.196	0.2746	0.5131	0.2874	-0.0527	0.4362	0.4972	-0.2391	0.427	0.5487	-0.2171	0.5923	0.3246	-0.0154	
0.34	0.7442	0.1678	0.1931	0.2727	0.5253	0.3004	-0.0527	0.4459	0.5075	-0.2391	0.4389	0.558	-0.2155	0.6086	0.3244	-0.0141	
0.36	0.7668	0.1649	0.1903	0.2707	0.5367	0.3125	-0.0527	0.4553	0.5165	-0.2391	0.4508	0.5659	-0.2136	0.6252	0.3242	-0.0129	
0.38	0.7881	0.1619	0.1877	0.2687	0.5471	0.3235	-0.0527	0.4643	0.5242	-0.2391	0.4618	0.5726	-0.2114	0.6414	0.3242	-0.0117	
0.4	0.8081	0.1589	0.1854	0.2669	0.5559	0.3336	-0.0527	0.4726	0.5312	-0.2391	0.4711	0.5782	-0.209	0.6566	0.3242	-0.0106	
0.42	0.8267	0.1557	0.1834	0.2651	0.5626	0.3431	-0.0527	0.4798	0.5378	-0.2391	0.478	0.583	-0.2064	0.6701	0.3243	-0.0094	
0.44	0.8444	0.1524	0.1818	0.2635	0.5669	0.3524	-0.0527	0.4858	0.5444	-0.2391	0.4818	0.5873	-0.2036	0.6817	0.3243	-0.0082	
0.46	0.8613	0.149	0.1806	0.2621	0.569	0.362	-0.0527	0.4901	0.5515	-0.2391	0.4824	0.5914	-0.2007	0.6908	0.3243	-0.007	
0.48	0.8775	0.1457	0.1799	0.261	0.5694	0.3723	-0.0527	0.4925	0.559	-0.2391	0.4799	0.5955	-0.1976	0.6972	0.3243	-0.0058	
0.5	0.8932	0.1423	0.1796	0.2601	0.569	0.3838	-0.0527	0.4926	0.567	-0.2391	0.4748	0.5997	-0.1944	0.701	0.3243	-0.0045	
0.52	0.9085	0.1391	0.1797	0.2594	0.5685	0.3966	-0.0527	0.4905	0.5755	-0.2391	0.4679	0.6039	-0.1911	0.7026	0.3243	-0.0031	
0.54	0.9235	0.136	0.1803	0.259	0.5683	0.4109	-0.0527	0.4863	0.5844	-0.2391	0.4601	0.6082	-0.1878	0.7027	0.3243	-0.0018	
0.56	0.9384	0.1331	0.1812	0.2589	0.5683	0.4266	-0.0527	0.4806	0.5938	-0.2391	0.4523	0.6126	-0.1844	0.7023	0.3243	-0.0005	
0.58	0.9532	0.1304	0.1823	0.2591	0.5685	0.4437	-0.0527	0.4739	0.6035	-0.2391	0.4452	0.617	-0.1809	0.7019	0.3243	0.0008	
0.6	0.9679	0.1279	0.1837	0.2595	0.5686	0.462	-0.0527	0.4671	0.6135	-0.2391	0.4393	0.6214	-0.1774	0.7017	0.3243	0.0021	
0.62	0.9822	0.1257	0.1853	0.2601	0.5687	0.4814	-0.0527	0.4604	0.6237	-0.2391	0.4352	0.6259	-0.1737	0.7018	0.3243	0.0034	
0.64	0.9961	0.1236	0.187	0.2609	0.5686	0.5017	-0.0527	0.4544	0.634	-0.2391	0.4328	0.6303	-0.1699	0.702	0.3243	0.0046	
0.66	1.0093	0.1218	0.1889	0.2619	0.5686	0.5228	-0.0527	0.4494	0.6442	-0.2391	0.4318	0.6347	-0.1659	0.7021	0.3243	0.0058	
0.68	1.0217	0.12	0.1908	0.2631	0.5685	0.5444	-0.0527	0.4454	0.6543	-0.2391	0.4318	0.639	-0.1617	0.7021	0.3243	0.0069	
0.7	1.0331	0.1182	0.1928	0.2644	0.5685	0.5658	-0.0527	0.4427	0.6642	-0.2391	0.4321	0.6432	-0.1573	0.7021	0.3243	0.008	
0.72	1.0434	0.1165	0.1948	0.2658	0.5685	0.5866	-0.0527	0.4411	0.6736	-0.2391	0.4323	0.6474	-0.1527	0.702	0.3243	0.009	
0.74	1.0528	0.1148	0.1969	0.2674	0.5686	0.6061	-0.0527	0.4405	0.6826	-0.2391	0.4324	0.6515	-0.1481	0.702	0.3243	0.0101	
0.76	1.0615	0.113	0.1989	0.269	0.5686	0.624	-0.0527	0.4405	0.6911	-0.2391	0.4323	0.6554	-0.1438	0.702	0.3243	0.0112	
0.78	1.0698	0.1112	0.2008	0.2708	0.5686	0.6403	-0.0527	0.4407	0.6991	-0.2391	0.4322	0.6594	-0.1397	0.702	0.3243	0.0122	
0.8	1.0781	0.1094	0.2027	0.2727	0.5686	0.6549	-0.0527	0.4408	0.7065	-0.2391	0.4322	0.6632	-0.1362	0.702	0.3243	0.0133	
0.82	1.0866	0.1075	0.2044	0.2746	0.5686	0.6677	-0.0527	0.4409	0.7136	-0.2391	0.4322	0.667	-0.1333	0.702	0.3243	0.0144	
0.84	1.0954	0.1055	0.2059	0.2765	0.5686	0.6788	-0.0527	0.4408	0.7202	-0.2391	0.4322	0.6708	-0.131	0.702	0.3243	0.0156	
0.86	1.1042	0.1035	0.2073	0.2785	0.5686	0.6882	-0.0527	0.4408	0.7266	-0.2391	0.4322	0.6745	-0.1293	0.702	0.3243	0.0168	
0.88	1.1126	0.1014	0.2085	0.2806	0.5686	0.6963	-0.0527	0.4407	0.7327	-0.2391	0.4322	0.6783	-0.1282	0.702	0.3243	0.0181	
0.9	1.1204	0.0992	0.2094	0.2826	0.5686	0.7034	-0.0527	0.4407	0.7386	-0.2391	0.4322	0.6821	-0.1276	0.702	0.3243	0.0195	
0.92	1.1273	0.097	0.2099	0.2848	0.5686	0.7102	-0.0527	0.4407	0.7444	-0.2391	0.4322	0.6861	-0.1273	0.702	0.3243	0.021	
0.94	1.133	0.0947	0.2102	0.287	0.5686	0.7169	-0.0527	0.4408	0.75	-0.2391	0.4322	0.6901	-0.1273	0.702	0.3243	0.0225	
0.96	1.1376	0.0925	0.2101	0.2894	0.5686	0.7238	-0.0527	0.4408	0.7555	-0.2391	0.4322	0.6942	-0.1274	0.702	0.3243	0.0241	
0.98	1.141	0.0905	0.2096	0.2918	0.5686	0.731	-0.0527	0.4408	0.7608	-0.2391	0.4322	0.6986	-0.1275	0.702	0.3243	0.0258	
1	1.1432	0.0886	0.2087	0.2943	0.5686	0.738	-0.0527	0.4408	0.7662	-0.2391	0.4322	0.703	-0.1275	0.702	0.3243	0.0277	
1.02	1.1443	0.087	0.2074	0.297	0.5686	0.7446	-0.0527	0.4408	0.7717	-0.2391	0.4322	0.7077	-0.1275	0.702	0.3243	0.0298	
1.04	1.1448	0.0857	0.2057	0.3001	0.5686	0.7506	-0.0527	0.4408	0.7777	-0.2391	0.4322	0.7126	-0.1274	0.702	0.3243	0.0322	
1.06	1.1448	0.0847	0.2036	0.3036	0.5686	0.7557	-0.0527	0.4408	0.7844	-0.2391	0.4322	0.7176	-0.1274	0.702	0.3243	0.0352	
1.08	1.1446	0.0839	0.2011	0.3076	0.5686	0.7599	-0.0527	0.4408	0.792	-0.2391	0.4322	0.7224	-0.1274	0.702	0.3243	0.0386	
1.1	1.1445	0.0834	0.1984	0.312	0.5686	0.7631	-0.0527	0.4408	0.8003	-0.2391	0.4322	0.7271	-0.1274	0.702	0.3243	0.0424	
1.12	1.1445	0.0831	0.1955	0.3167	0.5686	0.7655	-0.0527	0.4408	0.809	-0.2391	0.4322	0.7313	-0.1274	0.702	0.3243	0.0465	
1.14	1.1445	0.083	0.1928	0.3214	0.5686	0.767	-0.0527	0.4408	0.8175	-0.2391	0.4322	0.735	-0.1274	0.702	0.3243	0.0505	
1.16	1.1446	0.083	0.1902	0.3258	0.5686	0.7679	-0.0527	0.4408	0.8257	-0.2391	0.4322	0.738	-0.1274	0.702	0.3243	0.0544	
1.18	1.1446	0.0831	0.1874	0.3309	0.5686	0.768	-0.0527	0.4408	0.8351	-0.2391	0.4322	0.7408	-0.1274	0.702	0.3243	0.0589	
1.2	1.1446	0.0831	0.1846	0.336	0.5686	0.7681	-0.0527	0.4408	0.8444	-0.2391	0.4322	0.7435	-0.1274	0.702	0.3243	0.0634	
1.22	1.1446	0.0831	0.1818	0.3411	0.5686	0.7682	-0.0527	0.4408	0.8537	-0.2391	0.4322	0.7463	-0.1274	0.702	0.3243	0.068	
1.24	1.1446	0.0832	0.179	0.3462	0.5686	0.7683	-0.0527	0.4408	0.8631	-0.2391	0.4322	0.7491	-0.1274	0.702	0.3243	0.0725	
