0	0.3831	0.4073	0.3072	0.0337	0.3287	0.9519	0.2107	0.2798	0.8458	0.1236	0.3263	0.8489	0.198	0.2984	0.6441	0.1136	
0.02	0.358	0.435	0.3072	0.0159	0.3035	0.8409	0.2021	0.2555	0.782	0.1236	0.3259	0.7489	0.1817	0.2984	0.5471	0.0972	
0.04	0.3328	0.4626	0.3072	-0.0019	0.2782	0.7298	0.1936	0.2311	0.7182	0.1236	0.3255	0.6489	0.1654	0.2984	0.4501	0.0808	
0.06	0.3076	0.4903	0.3072	-0.0197	0.253	0.6187	0.185	0.2068	0.6545	0.1236	0.3251	0.549	0.1491	0.2984	0.3531	0.0644	
0.08	0.2825	0.518	0.3072	-0.0376	0.2277	0.5077	0.1765	0.1825	0.5907	0.1236	0.3247	0.449	0.1328	0.2984	0.2561	0.0481	
0.1	0.257	0.5408	0.3072	-0.053	0.2043	0.4088	0.1678	0.1632	0.5348	0.1236	0.3242	0.3589	0.1207	0.2984	0.1714	0.0326	
0.12	0.2322	0.5604	0.3072	-0.0685	0.1868	0.3237	0.1614	0.1459	0.4858	0.1236	0.3236	0.2767	0.1099	0.2984	0.095	0.0201	
0.14	0.2084	0.5765	0.3072	-0.0835	0.1745	0.2529	0.157	0.131	0.4441	0.1236	0.3227	0.2039	0.1009	0.2984	0.028	0.0105	
0.16	0.1858	0.5888	0.3072	-0.0973	0.1662	0.197	0.1539	0.1193	0.41	0.1236	0.3218	0.1422	0.0943	0.2984	-0.0283	0.0034	
0.18	0.1649	0.5973	0.3072	-0.1095	0.1607	0.1551	0.1514	0.1111	0.3833	0.1236	0.3207	0.0923	0.0906	0.2984	-0.0732	-0.0018	
0.2	0.1459	0.6024	0.3072	-0.1198	0.1568	0.1254	0.1492	0.106	0.3631	0.1236	0.3194	0.0537	0.0896	0.2984	-0.1071	-0.0054	
0.22	0.1292	0.605	0.3072	-0.1283	0.1536	0.1051	0.1469	0.1031	0.348	0.1236	0.318	0.0249	0.0908	0.2984	-0.1316	-0.0077	
0.24	0.1146	0.6063	0.3072	-0.1356	0.1505	0.0912	0.1447	0.1013	0.3364	0.1236	0.3165	0.0036	0.0931	0.2984	-0.149	-0.0089	
0.26	0.1025	0.607	0.3072	-0.1422	0.1474	0.0816	0.1425	0.0996	0.327	0.1236	0.3148	-0.0121	0.0958	0.2984	-0.1619	-0.0093	
0.28	0.0929	0.6078	0.3072	-0.1485	0.1443	0.0748	0.1405	0.0977	0.3188	0.1236	0.313	-0.0236	0.0986	0.2984	-0.1722	-0.009	
0.3	0.086	0.6088	0.3072	-0.1547	0.1413	0.0699	0.1386	0.0956	0.3116	0.1236	0.3111	-0.0321	0.1013	0.2984	-0.1809	-0.0082	
0.32	0.0814	0.61	0.3072	-0.1608	0.1385	0.0663	0.137	0.0934	0.3052	0.1236	0.3091	-0.0384	0.1041	0.2984	-0.1884	-0.0071	
0.34	0.0787	0.611	0.3072	-0.1669	0.1359	0.0634	0.1354	0.0914	0.2997	0.1236	0.3071	-0.0431	0.1072	0.2984	-0.1948	-0.0059	
0.36	0.077	0.612	0.3072	-0.1729	0.1334	0.0609	0.1339	0.0896	0.295	0.1236	0.3049	-0.0471	0.1105	0.2984	-0.2002	-0.0046	
0.38	0.0757	0.6128	0.3072	-0.1786	0.1311	0.0585	0.1325	0.088	0.291	0.1236	0.3026	-0.0507	0.1141	0.2984	-0.2047	-0.0032	
0.4	0.0743	0.6136	0.3072	-0.1841	0.1289	0.0561	0.1312	0.0864	0.2874	0.1236	0.3003	-0.054	0.1179	0.2984	-0.2088	-0.0017	
0.42	0.0728	0.6143	0.3072	-0.1893	0.1268	0.0537	0.13	0.0849	0.284	0.1236	0.2979	-0.057	0.1217	0.2984	-0.2128	-0.0001	
0.44	0.0712	0.6149	0.3072	-0.1943	0.1249	0.0515	0.1288	0.0835	0.2808	0.1236	0.2955	-0.0596	0.1256	0.2984	-0.2166	0.0017	
0.46	0.0698	0.6156	0.3072	-0.1988	0.123	0.0494	0.1278	0.0821	0.2776	0.1236	0.293	-0.0618	0.1296	0.2984	-0.2205	0.0035	
0.48	0.0685	0.6162	0.3072	-0.2029	0.1213	0.0476	0.1268	0.0808	0.2745	0.1236	0.2905	-0.0636	0.1336	0.2984	-0.2242	0.0055	
0.5	0.0673	0.6168	0.3072	-0.2065	0.1197	0.0459	0.1258	0.0795	0.2715	0.1236	0.288	-0.0649	0.1377	0.2984	-0.2277	0.0075	
0.52	0.0663	0.6174	0.3072	-0.2096	0.1182	0.0443	0.1249	0.0784	0.2686	0.1236	0.2854	-0.0659	0.1418	0.2984	-0.231	0.0095	
0.54	0.0653	0.6179	0.3072	-0.2121	0.1168	0.0428	0.124	0.0773	0.2659	0.1236	0.2828	-0.0666	0.1459	0.2984	-0.2341	0.0116	
0.56	0.0644	0.6183	0.3072	-0.214	0.1155	0.0415	0.1232	0.0763	0.2632	0.1236	0.2802	-0.067	0.1499	0.2984	-0.2371	0.0138	
0.58	0.0635	0.6187	0.3072	-0.2153	0.1143	0.0403	0.1224	0.0753	0.2607	0.1236	0.2776	-0.0671	0.1539	0.2984	-0.2399	0.016	
0.6	0.0627	0.6191	0.3072	-0.2161	0.1131	0.0392	0.1216	0.0744	0.2583	0.1236	0.275	-0.0671	0.1578	0.2984	-0.2426	0.0182	
0.62	0.062	0.6195	0.3072	-0.2164	0.1121	0.0382	0.1208	0.0736	0.256	0.1236	0.2724	-0.0667	0.1617	0.2984	-0.2451	0.0204	
0.64	0.0614	0.6198	0.3072	-0.2162	0.1112	0.0373	0.1201	0.0728	0.2538	0.1236	0.2699	-0.0663	0.1654	0.2984	-0.2475	0.0226	
0.66	0.0608	0.6201	0.3072	-0.2157	0.1104	0.0365	0.1193	0.0721	0.2517	0.1236	0.2673	-0.0656	0.1689	0.2984	-0.2498	0.0248	
0.68	0.0603	0.6204	0.3072	-0.2148	0.1096	0.0357	0.1186	0.0715	0.2497	0.1236	0.2649	-0.0648	0.1723	0.2984	-0.2518	0.027	
0.7	0.0598	0.6206	0.3072	-0.2135	0.1089	0.0351	0.1178	0.0709	0.2479	0.1236	0.2624	-0.0639	0.1755	0.2984	-0.2538	0.0292	
0.72	0.0594	0.6208	0.3072	-0.2121	0.1083	0.0346	0.117	0.0703	0.2461	0.1236	0.26	-0.0629	0.1785	0.2984	-0.2556	0.0313	
0.74	0.0591	0.621	0.3073	-0.2104	0.1078	0.0341	0.1162	0.0698	0.2445	0.1236	0.2577	-0.0618	0.1813	0.2984	-0.2572	0.0333	
0.76	0.0588	0.6211	0.3074	-0.2085	0.1073	0.0337	0.1153	0.0693	0.243	0.1236	0.2554	-0.0605	0.1838	0.2984	-0.2587	0.0353	
0.78	0.0585	0.6213	0.3075	-0.2064	0.1069	0.0334	0.1144	0.0689	0.2416	0.1236	0.2533	-0.0592	0.1861	0.2984	-0.2601	0.0373	
0.8	0.0583	0.6214	0.3077	-0.2041	0.1066	0.0331	0.1135	0.0685	0.2403	0.1236	0.2511	-0.0577	0.188	0.2984	-0.2613	0.0391	
0.82	0.0581	0.6215	0.308	-0.2017	0.1063	0.0329	0.1125	0.0682	0.2392	0.1236	0.2491	-0.0562	0.1897	0.2984	-0.2624	0.0409	
0.84	0.058	0.6215	0.3084	-0.1991	0.1061	0.0328	0.1114	0.0679	0.2381	0.1236	0.2471	-0.0546	0.191	0.2984	-0.2634	0.0426	
0.86	0.0579	0.6216	0.309	-0.1963	0.1059	0.0326	0.1103	0.0676	0.2372	0.1236	0.2452	-0.0529	0.192	0.2984	-0.2642	0.0441	
0.88	0.0578	0.6216	0.3096	-0.1935	0.1058	0.0326	0.1092	0.0674	0.2364	0.1236	0.2433	-0.0511	0.1927	0.2984	-0.2649	0.0455	
0.9	0.0578	0.6216	0.3104	-0.1905	0.1058	0.0326	0.108	0.0672	0.2357	0.1236	0.2415	-0.0492	0.1931	0.2984	-0.2655	0.0468	
0.92	0.0577	0.6216	0.3114	-0.1874	0.1059	0.0326	0.1067	0.0671	0.2352	0.1236	0.2398	-0.0473	0.1933	0.2984	-0.2659	0.048	
0.94	0.0577	0.6216	0.3124	-0.1843	0.1061	0.0327	0.1055	0.0669	0.2348	0.1236	0.238	-0.0453	0.1932	0.2984	-0.2662	0.049	
0.96	0.0578	0.6215	0.3136	-0.1811	0.1064	0.0328	0.1042	0.0668	0.2345	0.1235	0.2363	-0.0433	0.193	0.2984	-0.2664	0.0498	
0.98	0.0578	0.6214	0.3149	-0.1778	0.1068	0.033	0.1028	0.0668	0.2343	0.1235	0.2346	-0.0412	0.1925	0.2984	-0.2665	0.0505	
1	0.0579	0.6213	0.3163	-0.1746	0.1073	0.0333	0.1015	0.0667	0.2344	0.1234	0.233	-0.0391	0.1919	0.2984	-0.2664	0.051	
1.02	0.058	0.6211	0.3178	-0.1713	0.108	0.0336	0.1001	0.0667	0.2345	0.1233	0.2313	-0.0369	0.1912	0.2984	-0.2662	0.0513	
1.04	0.0581	0.621	0.3194	-0.168	0.1089	0.0341	0.0987	0.0668	0.2349	0.1231	0.2297	-0.0348	0.1903	0.2984	-0.2659	0.0515	
1.06	0.0583	0.6207	0.3211	-0.1647	0.1099	0.0346	0.0974	0.0669	0.2355	0.1229	0.2281	-0.0325	0.1893	0.2984	-0.2655	0.0514	
1.08	0.0585	0.6204	0.3229	-0.1614	0.111	0.0352	0.096	0.0671	0.2363	0.1227	0.2265	-0.0303	0.1882	0.2984	-0.2649	0.0513	
1.1	0.0587	0.6201	0.3248	-0.1582	0.1122	0.036	0.0946	0.0674	0.2372	0.1224	0.225	-0.0281	0.187	0.2984	-0.2641	0.051	
1.12	0.059	0.6197	0.3267	-0.1551	0.1136	0.0368	0.0932	0.0678	0.2384	0.1221	0.2234	-0.0258	0.1857	0.2984	-0.2633	0.0505	
1.14	0.0593	0.6193	0.3287	-0.152	0.1151	0.0378	0.0918	0.0682	0.2398	0.1218	0.2219	-0.0236	0.1842	0.2984	-0.2622	0.0499	
1.16	0.0597	0.6188	0.3308	-0.1491	0.1168	0.0389	0.0904	0.0688	0.2414	0.1213	0.2203	-0.0214	0.1826	0.2984	-0.261	0.0492	
1.18	0.0601	0.6183	0.3329	-0.1463	0.1185	0.0402	0.089	0.0694	0.2432	0.1209	0.2188	-0.0193	0.1809	0.2984	-0.2596	0.0484	
1.2	0.0606	0.6177	0.3351	-0.1436	0.1203	0.0416	0.0876	0.0701	0.2451	0.1204	0.2173	-0.0172	0.1791	0.2984	-0.2581	0.0475	
1.22	0.0611	0.617	0.3373	-0.1412	0.1223	0.0432	0.0862	0.0709	0.2473	0.1198	0.2157	-0.0152	0.1772	0.2984	-0.2564	0.0464	
1.24	0.0617	0.6162	0.3396	-0.1388	0.1243	0.0449	0.0849	0.0718	0.2496	0.1192	0.2142	-0.0133	0.1752	0.2984	-0.2544	0.0453	
1.26	0.0624	0.6153	0.3419	-0.1367	0.1265	0.0469	0.0835	0.0727	0.2521	0.1186	0.2127	-0.0114	0.1731	0.2984	-0.2523	0.0441	
1.28	0.0632	0.6144	0.3442	-0.1347	0.1287	0.0491	0.0822	0.0737	0.2547	0.1179	0.2112	-0.0097	0.1709	0.2984	-0.25	0.0428	
1.3	0.064	0.6134	0.3466	-0.1328	0.131	0.0514	0.0809	0.0748	0.2575	0.1172	0.2097	-0.008	0.1686	0.2984	-0.2475	0.0414	
1.32	0.0649	0.6123	0.3489	-0.1311	0.1334	0.0538	0.0796	0.0759	0.2605	0.1164	0.2081	-0.0063	0.1662	0.2984	-0.2448	0.0399	
1.34	0.0658	0.6112	0.3513	-0.1293	0.1359	0.0564	0.0783	0.0771	0.2636	0.1155	0.2066	-0.0044	0.1637	0.2984	-0.2419	0.0384	
1.36	0.0668	0.6099	0.3537	-0.1275	0.1384	0.0592	0.077	0.0783	0.2668	0.1146	0.205	-0.0022	0.1611	0.2984	-0.2388	0.0368	
1.38	0.0679	0.6085	0.356	-0.1255	0.141	0.0625	0.0758	0.0796	0.2702	0.1137	0.2035	0.0002	0.1584	0.2984	-0.2353	0.0352	
1.4	0.0691	0.6068	0.3584	-0.1233	0.1437	0.0663	0.0746	0.0809	0.2737	0.1127	0.2019	0.0029	0.1556	0.2984	-0.2316	0.0335	
1.42	0.0707	0.605	0.3607	-0.1209	0.1464	0.0705	0.0735	0.0823	0.2773	0.1116	0.2003	0.0055	0.1528	0.2984	-0.2275	0.0317	
1.44	0.0724	0.6033	0.3631	-0.1184	0.1492	0.0745	0.0724	0.0836	0.2811	0.1105	0.1987	0.0082	0.1499	0.2984	-0.2234	0.03	
1.46	0.074	0.6018	0.3654	-0.1159	0.152	0.0781	0.0713	0.085	0.285	0.1093	0.1971	0.0113	0.1469	0.2984	-0.2192	0.0282	
1.48	0.0753	0.6004	0.3676	-0.113	0.1549	0.0813	0.0703	0.0864	0.2889	0.1081	0.1954	0.016	0.1438	0.2984	-0.2151	0.0263	
1.5	0.0763	0.5986	0.3699	-0.1094	0.1578	0.0851	0.0693	0.0879	0.2929	0.1068	0.1937	0.0231	0.1407	0.2984	-0.2105	0.0245	
1.52	0.0775	0.5953	0.3721	-0.1041	0.1607	0.0918	0.0683	0.0893	0.2971	0.1055	0.192	0.0337	0.1374	0.2984	-0.2049	0.0226	
1.54	0.0804	0.5894	0.3742	-0.0963	0.1637	0.1044	0.0674	0.0908	0.3015	0.1041	0.1903	0.0477	0.1342	0.2984	-0.1971	0.0208	
1.56	0.0871	0.5796	0.3763	-0.0855	0.1667	0.126	0.0666	0.0922	0.3066	0.1027	0.1886	0.0647	0.1308	0.2984	-0.1866	0.0189	
1.58	0.0999	0.5653	0.3783	-0.0719	0.1697	0.1581	0.0658	0.0937	0.3123	0.1012	0.1868	0.0837	0.1274	0.2984	-0.1731	0.0171	
1.6	0.1206	0.5467	0.3803	-0.0557	0.1727	0.2009	0.065	0.0951	0.3188	0.0996	0.185	0.1037	0.1239	0.2984	-0.1568	0.0152	
1.62	0.1505	0.5244	0.3822	-0.0377	0.1757	0.253	0.0644	0.0966	0.3261	0.098	0.1831	0.124	0.1204	0.2984	-0.1385	0.0134	
1.64	0.1901	0.4992	0.384	-0.0183	0.1787	0.3122	0.0638	0.098	0.3341	0.0963	0.1812	0.1439	0.1168	0.2984	-0.1187	0.0116	
1.66	0.239	0.4726	0.3857	0.0019	0.1817	0.3757	0.0632	0.0994	0.3423	0.0946	0.1793	0.1626	0.1131	0.2984	-0.0983	0.0098	
1.68	0.2963	0.4459	0.3873	0.0221	0.1848	0.4404	0.0627	0.1008	0.3504	0.0928	0.1773	0.1788	0.1094	0.2984	-0.0778	0.008	
1.7	0.3598	0.4205	0.3889	0.0413	0.188	0.503	0.0622	0.1021	0.358	0.0909	0.1753	0.1918	0.1057	0.2984	-0.0582	0.0063	
1.72	0.4267	0.3979	0.3903	0.0585	0.1913	0.5599	0.0618	0.1035	0.3646	0.089	0.1733	0.2013	0.1019	0.2984	-0.0402	0.0047	
1.74	0.4937	0.3792	0.3917	0.0729	0.1947	0.608	0.0617	0.1047	0.3698	0.087	0.1712	0.2076	0.098	0.2984	-0.0248	0.0031	
1.76	0.5577	0.3649	0.3929	0.0843	0.1985	0.6454	0.0621	0.106	0.3733	0.0849	0.169	0.2119	0.094	0.2984	-0.0122	0.0015	
1.78	0.6168	0.3549	0.394	0.0928	0.2025	0.6722	0.0632	0.1072	0.3748	0.0828	0.1669	0.2153	0.0899	0.2984	-0.0022	0.0001	
1.8	0.6698	0.3485	0.3949	0.0988	0.2068	0.69	0.0651	0.1083	0.3745	0.0806	0.1646	0.2184	0.0854	0.2984	0.0059	-0.0013	
1.82	0.7165	0.3446	0.3958	0.1027	0.2114	0.7014	0.068	0.1094	0.3724	0.0783	0.1623	0.2218	0.0807	0.2984	0.013	-0.0027	
1.84	0.7573	0.342	0.3965	0.1048	0.2163	0.7091	0.072	0.1104	0.369	0.076	0.16	0.2252	0.0755	0.2984	0.0199	-0.0039	
1.86	0.7928	0.3399	0.3971	0.1051	0.2214	0.715	0.0772	0.1114	0.3646	0.0737	0.1575	0.2287	0.07	0.2984	0.0266	-0.0051	
1.88	0.8242	0.338	0.3974	0.1036	0.2266	0.7202	0.0838	0.1123	0.3595	0.0713	0.1548	0.2322	0.0639	0.2984	0.0333	-0.0062	
1.9	0.8526	0.336	0.3975	0.1003	0.2319	0.7253	0.0919	0.1131	0.3542	0.0689	0.1519	0.2355	0.0574	0.2984	0.0398	-0.0071	
1.92	0.879	0.334	0.3973	0.0954	0.237	0.7302	0.1014	0.1138	0.3489	0.0663	0.1487	0.2386	0.0505	0.2984	0.046	-0.008	
1.94	0.9039	0.3321	0.3968	0.0893	0.242	0.7349	0.1118	0.1145	0.344	0.0635	0.1452	0.2416	0.0431	0.2984	0.052	-0.0087	
1.96	0.927	0.3304	0.3958	0.0822	0.2466	0.7395	0.1223	0.1151	0.3399	0.0605	0.1415	0.2447	0.0353	0.2984	0.0579	-0.0093	
1.98	0.9476	0.3287	0.3945	0.0744	0.2508	0.744	0.1318	0.1156	0.337	0.0574	0.1374	0.2481	0.0269	0.2984	0.0638	-0.0098	
2	0.9651	0.3269	0.3926	0.066	0.2545	0.7485	0.1395	0.1159	0.3355	0.0544	0.133	0.2518	0.0177	0.2984	0.0696	-0.01	
2.02	0.9794	0.3252	0.3902	0.0572	0.2575	0.7532	0.1447	0.116	0.3355	0.0515	0.1285	0.2555	0.0075	0.2984	0.0753	-0.01	
2.04	0.9907	0.3234	0.3871	0.0476	0.2598	0.7579	0.1471	0.1157	0.3365	0.0479	0.1239	0.2587	-0.0038	0.2984	0.0805	-0.0096	
2.06	0.9993	0.3215	0.3832	0.0373	0.2613	0.7626	0.1468	0.115	0.3387	0.0425	0.1193	0.261	-0.0159	0.2984	0.0853	-0.0087	
2.08	1.0057	0.3197	0.3787	0.0264	0.262	0.7672	0.1443	0.1138	0.3423	0.0342	0.1148	0.2628	-0.0284	0.2984	0.0907	-0.0072	
2.1	1.0101	0.3179	0.3736	0.0159	0.2618	0.7717	0.1401	0.1119	0.3488	0.0226	0.1102	0.2656	-0.0401	0.2984	0.0984	-0.0048	
2.12	1.0125	0.3161	0.3682	0.007	0.2608	0.7767	0.135	0.1093	0.3606	0.0087	0.1058	0.2725	-0.0497	0.2984	0.1111	-0.0017	
2.14	1.0135	0.3144	0.3623	0.0018	0.2588	0.7831	0.1301	0.1061	0.3802	-0.0044	0.1017	0.2874	-0.0556	0.2984	0.1312	0.0023	
2.16	1.0136	0.3128	0.3555	0.0023	0.2561	0.7922	0.1264	0.1022	0.4095	-0.0131	0.0985	0.3134	-0.0563	0.2984	0.1606	0.0069	
2.18	1.0133	0.3113	0.3471	0.0097	0.2525	0.8052	0.1254	0.0977	0.4492	-0.0139	0.0968	0.3518	-0.0505	0.2984	0.1997	0.0122	
2.2	1.0131	0.31	0.3361	0.0246	0.2481	0.8225	0.1283	0.0926	0.4987	-0.005	0.0974	0.402	-0.0372	0.2984	0.2484	0.0187	
2.22	1.013	0.3089	0.3218	0.0463	0.2429	0.8442	0.1359	0.0868	0.5564	0.0138	0.1005	0.4626	-0.016	0.2984	0.3057	0.0269	
2.24	1.013	0.3081	0.3042	0.074	0.2368	0.8695	0.1484	0.0804	0.6204	0.0419	0.1062	0.5321	0.0134	0.2984	0.3707	0.0373	
2.26	1.0131	0.3074	0.284	0.1063	0.23	0.8975	0.1654	0.0733	0.6884	0.0784	0.1136	0.6085	0.0501	0.2984	0.4415	0.0502	
2.28	1.0132	0.3069	0.2624	0.1413	0.2227	0.9274	0.1859	0.0656	0.7574	0.1224	0.1218	0.689	0.0926	0.2984	0.5152	0.0651	
2.3	1.0132	0.3066	0.2406	0.1767	0.2152	0.9578	0.2088	0.0575	0.8235	0.1718	0.1293	0.7695	0.1387	0.2984	0.5873	0.081	
2.32	1.0132	0.3064	0.2198	0.2098	0.2079	0.9876	0.2333	0.0492	0.8828	0.2237	0.1348	0.8446	0.1857	0.2984	0.6533	0.0968	
2.34	1.0131	0.3064	0.2009	0.2381	0.2012	1.0153	0.2585	0.0409	0.9321	0.2741	0.1373	0.9101	0.2317	0.2984	0.71	0.1117	
2.36	1.0131	0.3064	0.1804	0.2628	0.1939	1.0413	0.2864	0.0318	0.9738	0.3205	0.1404	0.9678	0.2795	0.2984	0.763	0.1299	
2.38	1.0131	0.3064	0.1599	0.2875	0.1866	1.0673	0.3142	0.0227	1.0156	0.3669	0.1434	1.0255	0.3273	0.2984	0.816	0.148	
2.4	1.0131	0.3064	0.1394	0.3122	0.1793	1.0933	0.3421	0.0136	1.0573	0.4132	0.1465	1.0832	0.3751	0.2984	0.869	0.1662	
2.42	1.0131	0.3064	0.1189	0.3368	0.172	1.1192	0.37	0.0045	1.099	0.4596	0.1495	1.1408	0.4229	0.2984	0.9221	0.1844	
