0	0.4691	0.3708	0.2512	0.0762	0.0079	-0.0776	0.2175	0.0326	-0.0551	-0.2231	0.0647	-0.0018	-0.1801	0.0727	0.041	-0.232	
0.02	0.4868	0.3502	0.2567	0.0791	0.0192	-0.0764	0.2175	0.0433	-0.0535	-0.2231	0.0647	0.0012	-0.1801	0.0729	0.042	-0.2341	
0.04	0.5045	0.3296	0.2623	0.0821	0.0306	-0.0752	0.2175	0.054	-0.052	-0.2231	0.0647	0.0041	-0.1801	0.073	0.0429	-0.2361	
0.06	0.5222	0.309	0.2678	0.085	0.0419	-0.074	0.2175	0.0647	-0.0504	-0.2231	0.0648	0.007	-0.1801	0.0731	0.0439	-0.2382	
0.08	0.5398	0.2884	0.2734	0.0879	0.0533	-0.0728	0.2175	0.0754	-0.0489	-0.2232	0.0648	0.01	-0.1801	0.0732	0.0449	-0.2403	
0.1	0.5586	0.268	0.2799	0.092	0.0644	-0.0709	0.2175	0.0857	-0.0465	-0.2232	0.0648	0.0136	-0.1801	0.0739	0.0468	-0.2429	
0.12	0.5766	0.2475	0.288	0.0974	0.0752	-0.0684	0.2175	0.0945	-0.0432	-0.2232	0.0647	0.0183	-0.1801	0.0754	0.0496	-0.2462	
0.14	0.5946	0.2265	0.2974	0.104	0.0855	-0.065	0.2175	0.1018	-0.039	-0.223	0.0644	0.0238	-0.1801	0.0779	0.0534	-0.2501	
0.16	0.6132	0.205	0.3078	0.1115	0.0955	-0.0608	0.2175	0.1079	-0.0337	-0.2227	0.0638	0.0302	-0.18	0.0818	0.0584	-0.2546	
0.18	0.633	0.1833	0.3185	0.1197	0.1051	-0.0558	0.2175	0.1132	-0.0275	-0.2219	0.0629	0.0374	-0.1798	0.0871	0.0646	-0.2597	
0.2	0.6543	0.1617	0.3291	0.1284	0.1144	-0.05	0.2175	0.118	-0.0205	-0.2205	0.0615	0.045	-0.1792	0.0941	0.0718	-0.2653	
0.22	0.6769	0.1407	0.3392	0.1371	0.1235	-0.0436	0.2175	0.1225	-0.0129	-0.2185	0.0594	0.0529	-0.1783	0.1027	0.08	-0.2714	
0.24	0.7004	0.1204	0.3486	0.1455	0.1322	-0.0368	0.2175	0.1266	-0.0049	-0.2156	0.0567	0.0608	-0.177	0.1129	0.0889	-0.2777	
0.26	0.7242	0.1011	0.3569	0.1535	0.1407	-0.0297	0.2177	0.1305	0.0034	-0.2118	0.0534	0.0683	-0.175	0.1244	0.0982	-0.2842	
0.28	0.7478	0.0829	0.3641	0.1609	0.149	-0.0225	0.218	0.1339	0.0118	-0.207	0.0493	0.0757	-0.1723	0.1376	0.1079	-0.2904	
0.3	0.7706	0.066	0.3701	0.1677	0.157	-0.0153	0.2186	0.137	0.0202	-0.2013	0.0445	0.0835	-0.1688	0.1529	0.118	-0.2962	
0.32	0.7921	0.0506	0.375	0.174	0.165	-0.0082	0.2194	0.1397	0.0285	-0.1948	0.0392	0.0928	-0.1645	0.171	0.1288	-0.301	
0.34	0.812	0.0368	0.379	0.1801	0.1728	-0.0012	0.2207	0.142	0.0369	-0.1875	0.0334	0.1049	-0.1592	0.1926	0.141	-0.3044	
0.36	0.8302	0.0245	0.3824	0.186	0.1806	0.0057	0.2224	0.1438	0.0456	-0.1795	0.0273	0.1207	-0.1531	0.2181	0.155	-0.3059	
0.38	0.8464	0.0134	0.3854	0.1919	0.1884	0.0125	0.2246	0.1453	0.055	-0.1708	0.0208	0.1404	-0.1462	0.247	0.1711	-0.3052	
0.4	0.8607	0.0032	0.3882	0.1979	0.1962	0.0193	0.2273	0.1462	0.0655	-0.1614	0.014	0.1633	-0.1386	0.2783	0.1892	-0.302	
0.42	0.8733	-0.0066	0.3909	0.2039	0.204	0.0261	0.2307	0.1466	0.0778	-0.1514	0.0068	0.1888	-0.1302	0.3106	0.209	-0.2962	
0.44	0.8846	-0.0158	0.3935	0.2099	0.2118	0.0331	0.2346	0.1465	0.0923	-0.1408	-0.0009	0.2165	-0.1205	0.3429	0.2301	-0.2881	
0.46	0.8947	-0.0246	0.396	0.2159	0.2196	0.0407	0.2391	0.1458	0.1093	-0.1299	-0.0092	0.247	-0.1089	0.3752	0.2522	-0.2779	
0.48	0.9042	-0.0327	0.3985	0.222	0.2273	0.0495	0.2442	0.1444	0.1291	-0.1187	-0.018	0.2807	-0.0945	0.4088	0.2749	-0.2658	
0.5	0.9132	-0.0401	0.401	0.2282	0.2346	0.0602	0.25	0.1425	0.1518	-0.1076	-0.0274	0.3181	-0.0765	0.4454	0.2977	-0.2525	
0.52	0.9221	-0.0468	0.4035	0.2343	0.2415	0.0736	0.2562	0.14	0.1774	-0.0968	-0.0371	0.3587	-0.0546	0.4869	0.32	-0.2383	
0.54	0.9308	-0.0528	0.4061	0.2406	0.2478	0.0899	0.2629	0.137	0.2059	-0.0864	-0.047	0.4013	-0.0288	0.534	0.3414	-0.2241	
0.56	0.9392	-0.0582	0.4087	0.247	0.2532	0.1091	0.27	0.1335	0.237	-0.0763	-0.0566	0.4448	0.0003	0.5866	0.3617	-0.2104	
0.58	0.9471	-0.0631	0.4113	0.2542	0.2576	0.1313	0.2776	0.1296	0.2707	-0.0666	-0.0655	0.4889	0.0319	0.6435	0.3818	-0.1977	
0.6	0.9542	-0.0675	0.4138	0.2626	0.2608	0.1567	0.2863	0.1254	0.3072	-0.0566	-0.0731	0.5341	0.0657	0.7033	0.4028	-0.1855	
0.62	0.9606	-0.0717	0.4162	0.2728	0.2628	0.1865	0.297	0.1211	0.3469	-0.0455	-0.0788	0.5817	0.102	0.7647	0.4262	-0.1724	
0.64	0.9659	-0.0756	0.4185	0.2853	0.2634	0.222	0.3109	0.1166	0.3908	-0.0324	-0.082	0.6325	0.1412	0.826	0.4532	-0.1563	
0.66	0.9702	-0.0794	0.4208	0.3001	0.2627	0.2647	0.3295	0.1121	0.4394	-0.0161	-0.0826	0.6866	0.1838	0.8849	0.4845	-0.1345	
0.68	0.9734	-0.0831	0.423	0.3171	0.2606	0.3156	0.3537	0.1078	0.4927	0.0043	-0.0802	0.7429	0.2294	0.9388	0.5197	-0.1051	
0.7	0.9755	-0.0868	0.4252	0.336	0.2573	0.3747	0.3846	0.1036	0.55	0.0294	-0.0751	0.7997	0.277	0.9851	0.5582	-0.0671	
0.72	0.9767	-0.0903	0.4275	0.3565	0.2529	0.4413	0.4225	0.0997	0.6108	0.0595	-0.0675	0.8555	0.3253	1.0226	0.599	-0.0204	
0.74	0.9771	-0.0938	0.4298	0.3784	0.2476	0.5144	0.4674	0.0961	0.6745	0.0944	-0.0578	0.9101	0.3733	1.0518	0.6413	0.0351	
0.76	0.9772	-0.0974	0.4321	0.4017	0.2416	0.5925	0.5191	0.0931	0.7415	0.1345	-0.0466	0.9641	0.4206	1.0747	0.6841	0.0997	
0.78	0.977	-0.1009	0.4346	0.4261	0.2351	0.6737	0.5767	0.0908	0.8124	0.1798	-0.0344	1.0184	0.467	1.094	0.7265	0.174	
0.8	0.9769	-0.1046	0.4375	0.4517	0.2283	0.7555	0.6392	0.0893	0.8874	0.2304	-0.0215	1.0733	0.5122	1.1118	0.7672	0.2576	
0.82	0.9769	-0.1083	0.4411	0.4784	0.2216	0.8348	0.7048	0.0887	0.9658	0.2856	-0.0079	1.1278	0.5554	1.1297	0.8046	0.3481	
0.84	0.9769	-0.1122	0.4462	0.507	0.2151	0.9086	0.7712	0.0892	1.0457	0.3439	0.0065	1.1807	0.5958	1.1481	0.8374	0.4412	
0.86	0.9769	-0.1161	0.453	0.539	0.209	0.9744	0.8363	0.0908	1.1248	0.4037	0.0221	1.2312	0.6322	1.167	0.8648	0.532	
0.88	0.977	-0.1199	0.4616	0.576	0.2037	1.0314	0.8981	0.0937	1.2012	0.4631	0.0393	1.2797	0.6644	1.1863	0.887	0.6165	
0.9	0.977	-0.1235	0.4719	0.6196	0.1994	1.0796	0.9556	0.098	1.2739	0.5205	0.0585	1.3276	0.6925	1.206	0.9046	0.6925	
0.92	0.977	-0.1267	0.4833	0.6701	0.1965	1.1205	1.0082	0.1041	1.3422	0.5744	0.0797	1.3756	0.717	1.226	0.9183	0.7595	
0.94	0.9769	-0.1295	0.4955	0.7266	0.1953	1.1553	1.0555	0.1122	1.4053	0.6234	0.1028	1.4233	0.7384	1.2466	0.9285	0.8173	
0.96	0.9769	-0.1319	0.5082	0.7876	0.196	1.1855	1.0971	0.1222	1.4619	0.6658	0.1275	1.4689	0.7569	1.2678	0.9355	0.865	
0.98	0.9769	-0.1337	0.521	0.8518	0.1989	1.2119	1.133	0.1339	1.5104	0.7005	0.1534	1.51	0.772	1.2898	0.9395	0.9013	
1	0.9769	-0.1351	0.5338	0.9183	0.2039	1.2352	1.1633	0.147	1.5499	0.727	0.1801	1.5449	0.7834	1.3125	0.9411	0.9262	
1.02	0.977	-0.1359	0.5461	0.9865	0.2108	1.2555	1.1886	0.1611	1.5806	0.7458	0.2072	1.5731	0.791	1.3357	0.9413	0.9413	
1.04	0.977	-0.1364	0.5579	1.055	0.2191	1.2732	1.2101	0.1762	1.6038	0.7581	0.2343	1.5949	0.7951	1.359	0.9408	0.9494	
1.06	0.977	-0.1366	0.5689	1.1212	0.2282	1.2881	1.2288	0.192	1.6214	0.7654	0.261	1.6111	0.7965	1.3815	0.9404	0.9535	
1.08	0.977	-0.1366	0.5792	1.1817	0.2372	1.3002	1.2458	0.2084	1.6351	0.7692	0.2867	1.6224	0.7964	1.4024	0.9402	0.956	
1.1	0.9769	-0.1365	0.5891	1.234	0.2457	1.3097	1.2619	0.2249	1.6459	0.7706	0.3111	1.6292	0.7958	1.4211	0.9403	0.9578	
1.12	0.9769	-0.1365	0.5987	1.2769	0.2531	1.3164	1.2777	0.241	1.654	0.7708	0.334	1.6325	0.7954	1.437	0.9405	0.9591	
1.14	0.9769	-0.1365	0.6094	1.3196	0.2603	1.32	1.2926	0.2567	1.6587	0.7705	0.3572	1.6322	0.7956	1.453	0.9405	0.9594	
1.16	0.977	-0.1365	0.6201	1.3622	0.2675	1.3236	1.3075	0.2723	1.6634	0.7703	0.3803	1.6319	0.7957	1.469	0.9405	0.9597	
1.18	0.977	-0.1365	0.6307	1.4049	0.2747	1.3272	1.3223	0.288	1.6681	0.77	0.4035	1.6317	0.7959	1.485	0.9406	0.96	
1.2	0.977	-0.1365	0.6414	1.4475	0.2819	1.3309	1.3372	0.3036	1.6728	0.7697	0.4267	1.6314	0.796	1.501	0.9406	0.9602	
