0	0.2885	0.251	0.3458	0.0453	0.1352	0.0156	0.0282	0.0497	0.2263	-0.2072	0.0049	0.0304	0.0348	-0.1598	-0.2053	0.0916	
0.02	0.3283	0.2364	0.3489	0.0503	0.1557	0.0676	0.0517	0.0586	0.3158	-0.1712	-0.0013	0.1466	0.0454	-0.1362	-0.0899	0.0878	
0.04	0.3681	0.2219	0.352	0.0554	0.1762	0.1197	0.0752	0.0674	0.4053	-0.1352	-0.0074	0.2629	0.056	-0.1125	0.0256	0.0841	
0.06	0.4079	0.2073	0.3551	0.0604	0.1967	0.1717	0.0986	0.0763	0.4948	-0.0992	-0.0135	0.3791	0.0665	-0.0889	0.141	0.0803	
0.08	0.4477	0.1927	0.3582	0.0655	0.2172	0.2237	0.1221	0.0852	0.5843	-0.0632	-0.0197	0.4953	0.0771	-0.0652	0.2565	0.0766	
0.1	0.4836	0.1787	0.3611	0.0695	0.2383	0.2756	0.1468	0.0961	0.6666	-0.0282	-0.0241	0.6045	0.0905	-0.0404	0.366	0.0742	
0.12	0.5175	0.1671	0.3598	0.0714	0.2569	0.3259	0.1698	0.1102	0.7419	0.0034	-0.0242	0.7079	0.1072	-0.0149	0.4735	0.0723	
0.14	0.5489	0.1578	0.3554	0.0714	0.2734	0.3748	0.1916	0.1282	0.8099	0.0316	-0.0195	0.804	0.1264	0.0113	0.5769	0.0714	
0.16	0.577	0.1503	0.3492	0.07	0.2887	0.4229	0.2128	0.1501	0.8705	0.0566	-0.0092	0.8916	0.1473	0.0382	0.6737	0.0715	
0.18	0.6013	0.144	0.3428	0.0677	0.304	0.4699	0.2339	0.1763	0.9234	0.0787	0.0076	0.9698	0.169	0.0662	0.7619	0.0728	
0.2	0.621	0.1386	0.3373	0.0652	0.3199	0.5159	0.255	0.2068	0.9691	0.0984	0.0312	1.0379	0.1907	0.0954	0.8394	0.0752	
0.22	0.6353	0.1338	0.3336	0.0632	0.3374	0.5606	0.2759	0.2411	1.0081	0.1161	0.0616	1.0955	0.2118	0.1263	0.9049	0.0784	
0.24	0.6437	0.1296	0.3321	0.0625	0.357	0.6037	0.2962	0.2788	1.0415	0.1321	0.0981	1.1429	0.2316	0.1593	0.9588	0.0822	
0.26	0.6455	0.126	0.3336	0.0637	0.3793	0.6447	0.3152	0.3195	1.0701	0.1466	0.14	1.1808	0.2498	0.1949	1.0024	0.0862	
0.28	0.6404	0.123	0.3383	0.0673	0.4044	0.6825	0.3324	0.3628	1.0948	0.1597	0.1867	1.2105	0.2661	0.2334	1.0381	0.09	
0.3	0.6282	0.1206	0.3465	0.0734	0.4322	0.7162	0.3473	0.4083	1.116	0.1712	0.2376	1.2336	0.2802	0.2745	1.0677	0.0936	
0.32	0.6094	0.1188	0.3583	0.082	0.4623	0.745	0.3595	0.4558	1.1339	0.1812	0.2918	1.2511	0.2925	0.3176	1.093	0.0967	
0.34	0.5848	0.1176	0.3731	0.0927	0.4938	0.7687	0.3691	0.5042	1.1485	0.1898	0.3477	1.264	0.3029	0.3619	1.1145	0.0994	
0.36	0.5558	0.117	0.3901	0.1051	0.5259	0.7876	0.3765	0.5524	1.1602	0.1972	0.4032	1.2729	0.3119	0.4068	1.1327	0.1018	
0.38	0.5236	0.1171	0.4084	0.1188	0.5579	0.8025	0.3819	0.5988	1.1693	0.2035	0.4563	1.278	0.3195	0.4515	1.1478	0.1039	
0.4	0.4899	0.1177	0.4271	0.1331	0.5889	0.8137	0.3855	0.6423	1.1763	0.2088	0.5056	1.2803	0.3256	0.4956	1.1601	0.1058	
0.42	0.4564	0.1189	0.4456	0.1474	0.618	0.8219	0.3876	0.6823	1.1818	0.2129	0.5509	1.2807	0.3301	0.5382	1.1698	0.1076	
0.44	0.4248	0.1206	0.4632	0.1611	0.6443	0.8273	0.3885	0.7186	1.1864	0.2159	0.5923	1.2802	0.3331	0.5783	1.1778	0.1094	
0.46	0.3967	0.1227	0.4793	0.1734	0.6674	0.8306	0.3887	0.751	1.1904	0.2177	0.6302	1.2797	0.3347	0.6148	1.1846	0.111	
0.48	0.3728	0.1251	0.4933	0.1838	0.6871	0.8323	0.3885	0.7794	1.1942	0.2187	0.6646	1.2794	0.3353	0.6474	1.1906	0.1126	
0.5	0.3532	0.1278	0.5051	0.1921	0.7037	0.833	0.3883	0.8037	1.1976	0.219	0.6952	1.2795	0.3352	0.6763	1.196	0.1141	
0.52	0.3369	0.1309	0.5148	0.198	0.718	0.833	0.3882	0.8241	1.2007	0.2189	0.7221	1.2797	0.335	0.7022	1.2006	0.1154	
0.54	0.3226	0.1342	0.523	0.2017	0.7304	0.8325	0.3882	0.8412	1.2035	0.2188	0.7455	1.2798	0.3349	0.726	1.2046	0.1166	
0.56	0.3091	0.1378	0.5304	0.2033	0.7414	0.8316	0.3883	0.8562	1.2058	0.2187	0.7661	1.2799	0.3348	0.7481	1.2076	0.1177	
0.58	0.2953	0.1417	0.5377	0.2027	0.7512	0.8302	0.3884	0.8699	1.2076	0.2187	0.7848	1.2798	0.3349	0.7688	1.2097	0.1186	
0.6	0.281	0.146	0.5451	0.1998	0.7601	0.8284	0.3884	0.8832	1.2092	0.2188	0.8023	1.2798	0.335	0.7883	1.2108	0.1194	
0.62	0.2662	0.1507	0.553	0.1941	0.7682	0.8261	0.3884	0.8963	1.2103	0.2188	0.8191	1.2797	0.335	0.8072	1.2111	0.12	
0.64	0.2513	0.1558	0.5612	0.1853	0.7756	0.8235	0.3883	0.9094	1.2111	0.2188	0.8354	1.2797	0.335	0.826	1.2104	0.1204	
0.66	0.2369	0.1611	0.5697	0.1732	0.7826	0.8202	0.3883	0.9224	1.2115	0.2188	0.8514	1.2797	0.335	0.8453	1.2088	0.1206	
0.68	0.2235	0.1665	0.5786	0.1582	0.7894	0.8161	0.3883	0.9352	1.2115	0.2188	0.8673	1.2797	0.335	0.8651	1.2063	0.1206	
0.7	0.2116	0.1717	0.5878	0.1408	0.7961	0.8112	0.3883	0.9479	1.2111	0.2188	0.8831	1.2798	0.335	0.8852	1.2029	0.1204	
0.72	0.2013	0.1766	0.5975	0.1219	0.8029	0.8051	0.3883	0.9605	1.2103	0.2188	0.899	1.2798	0.335	0.9055	1.1986	0.12	
0.74	0.193	0.1808	0.6079	0.102	0.8098	0.798	0.3883	0.973	1.209	0.2188	0.9154	1.2797	0.335	0.9258	1.1936	0.1194	
0.76	0.1868	0.1844	0.6191	0.082	0.817	0.79	0.3883	0.9856	1.2072	0.2188	0.9325	1.2797	0.335	0.9461	1.1878	0.1185	
0.78	0.1826	0.1872	0.6312	0.0622	0.8245	0.7812	0.3883	0.9982	1.205	0.2188	0.9506	1.2797	0.335	0.9667	1.1814	0.1174	
0.8	0.1803	0.1893	0.644	0.0431	0.8321	0.7719	0.3883	1.0113	1.2023	0.2188	0.9698	1.2797	0.335	0.9878	1.1744	0.1161	
0.82	0.1794	0.1906	0.6571	0.0253	0.8399	0.7621	0.3883	1.0252	1.1992	0.2188	0.9898	1.2797	0.335	1.0091	1.1669	0.1145	
0.84	0.1794	0.1914	0.67	0.0091	0.8474	0.752	0.3883	1.0401	1.1956	0.2188	1.0101	1.2797	0.335	1.0304	1.1586	0.1127	
0.86	0.1796	0.1917	0.6823	-0.0054	0.8546	0.7413	0.3883	1.0563	1.1915	0.2188	1.0299	1.2797	0.335	1.0508	1.1494	0.1107	
0.88	0.1799	0.1917	0.6934	-0.0181	0.861	0.7299	0.3883	1.0736	1.187	0.2188	1.0485	1.2797	0.335	1.0698	1.1391	0.1086	
0.9	0.1799	0.1916	0.7031	-0.0294	0.8666	0.7176	0.3883	1.0917	1.1821	0.2188	1.0652	1.2797	0.335	1.0868	1.1276	0.1064	
0.92	0.1799	0.1915	0.7112	-0.0398	0.8712	0.704	0.3883	1.1103	1.1768	0.2188	1.0796	1.2797	0.335	1.1014	1.1147	0.1042	
0.94	0.1798	0.1915	0.718	-0.0505	0.8753	0.6906	0.3883	1.1308	1.1712	0.2188	1.094	1.2797	0.335	1.1163	1.1014	0.1019	
0.96	0.1797	0.1915	0.7249	-0.0613	0.8795	0.6772	0.3883	1.1512	1.1657	0.2188	1.1085	1.2797	0.335	1.1311	1.088	0.0996	
0.98	0.1797	0.1916	0.7317	-0.0721	0.8836	0.6639	0.3883	1.1717	1.1601	0.2188	1.123	1.2797	0.335	1.1459	1.0746	0.0972	
1	0.1796	0.1916	0.7385	-0.0828	0.8877	0.6505	0.3883	1.1921	1.1546	0.2188	1.1374	1.2797	0.335	1.1607	1.0613	0.0949	
