0	0.6357	0.3861	0.2009	0.1349	0.3635	0.077	0.0913	0.339	-0.0188	0.0325	0.2012	0.2603	-0.0813	0.0988	-0.0149	-0.1048	
0.02	0.6442	0.3798	0.2009	0.1349	0.3939	0.1082	0.0913	0.3651	0.0419	0.0401	0.1881	0.369	-0.0558	0.1231	0.1384	-0.0803	
0.04	0.6526	0.3735	0.2009	0.1349	0.4243	0.1394	0.0912	0.3913	0.1025	0.0477	0.1749	0.4777	-0.0303	0.1474	0.2918	-0.0558	
0.06	0.6611	0.3672	0.2009	0.1349	0.4547	0.1706	0.0912	0.4174	0.1632	0.0553	0.1618	0.5864	-0.0049	0.1717	0.4452	-0.0314	
0.08	0.6696	0.3609	0.2009	0.1349	0.4851	0.2018	0.0912	0.4435	0.2238	0.0629	0.1487	0.6951	0.0206	0.196	0.5985	-0.0069	
0.1	0.6787	0.3544	0.2009	0.1349	0.5163	0.2316	0.0912	0.4712	0.2875	0.0747	0.1399	0.801	0.0515	0.2249	0.7412	0.02	
0.12	0.6897	0.3467	0.2009	0.1349	0.5475	0.2627	0.0913	0.5016	0.3568	0.0907	0.1341	0.9052	0.0929	0.2604	0.8743	0.0596	
0.14	0.7019	0.3382	0.2009	0.1349	0.5785	0.2952	0.0914	0.5346	0.4288	0.1109	0.1337	1.0047	0.1421	0.3017	0.9955	0.1075	
0.16	0.7151	0.3293	0.2009	0.1349	0.6093	0.3288	0.0917	0.57	0.4999	0.1345	0.1411	1.0968	0.1958	0.3483	1.1034	0.1586	
0.18	0.7286	0.3202	0.2009	0.1349	0.6398	0.363	0.0922	0.6075	0.5671	0.1611	0.158	1.1793	0.2508	0.3991	1.1973	0.2079	
0.2	0.7417	0.3113	0.201	0.1349	0.67	0.3972	0.0929	0.6467	0.6282	0.1898	0.1848	1.2506	0.3037	0.4529	1.2768	0.2516	
0.22	0.7541	0.3029	0.2012	0.1349	0.6993	0.431	0.094	0.6873	0.6818	0.22	0.2203	1.31	0.3516	0.508	1.3416	0.2872	
0.24	0.7653	0.2949	0.2015	0.1349	0.7276	0.4642	0.0954	0.7286	0.7268	0.2508	0.2624	1.3578	0.3921	0.5624	1.3923	0.3136	
0.26	0.7753	0.2876	0.2022	0.1351	0.7546	0.4964	0.0973	0.7699	0.7628	0.2811	0.309	1.3951	0.4239	0.6144	1.4307	0.3311	
0.28	0.7842	0.2807	0.2033	0.1354	0.7799	0.5276	0.0996	0.8106	0.7902	0.3097	0.3582	1.4239	0.4474	0.6629	1.4594	0.3414	
0.3	0.792	0.2743	0.205	0.1359	0.8036	0.5575	0.1023	0.8501	0.8104	0.3359	0.4086	1.4463	0.464	0.7074	1.4814	0.3467	
0.32	0.799	0.2683	0.2072	0.1367	0.826	0.5858	0.1054	0.8876	0.8255	0.3594	0.4586	1.4644	0.4754	0.7479	1.4988	0.3498	
0.34	0.8055	0.2626	0.2102	0.1379	0.8471	0.6121	0.1088	0.9225	0.8377	0.3802	0.5066	1.4794	0.4833	0.7846	1.5126	0.3526	
0.36	0.8118	0.2572	0.2138	0.1394	0.8674	0.636	0.1127	0.9542	0.8487	0.3987	0.5513	1.4922	0.4885	0.8177	1.5226	0.3562	
0.38	0.8182	0.252	0.2183	0.1414	0.887	0.6574	0.1172	0.9822	0.8596	0.4153	0.5922	1.5029	0.4916	0.8473	1.5288	0.3607	
0.4	0.8248	0.2471	0.2237	0.1438	0.9059	0.6764	0.1224	1.0067	0.8707	0.4303	0.6295	1.5115	0.493	0.8738	1.5315	0.3659	
0.42	0.8318	0.2422	0.2303	0.1466	0.9236	0.693	0.1281	1.0279	0.882	0.4437	0.6642	1.5179	0.4932	0.8978	1.5319	0.3714	
0.44	0.8395	0.2372	0.2383	0.1499	0.9399	0.7074	0.1342	1.0466	0.8932	0.4559	0.6969	1.5221	0.4929	0.9195	1.5311	0.3766	
0.46	0.8477	0.2321	0.2476	0.1536	0.9544	0.7194	0.1405	1.0631	0.9039	0.4669	0.7276	1.5244	0.4926	0.9393	1.5304	0.3813	
0.48	0.8567	0.2268	0.2579	0.1577	0.9669	0.7289	0.1465	1.0777	0.9137	0.4771	0.7555	1.5252	0.4924	0.957	1.5301	0.3855	
0.5	0.8664	0.2214	0.2688	0.162	0.9772	0.7358	0.152	1.0905	0.9226	0.4863	0.7798	1.5252	0.4924	0.9725	1.5302	0.3891	
0.52	0.8766	0.2161	0.2795	0.1663	0.9855	0.7402	0.1569	1.1015	0.9304	0.4948	0.7997	1.5249	0.4925	0.9857	1.5304	0.3918	
0.54	0.887	0.2111	0.2897	0.1705	0.9917	0.7424	0.161	1.1111	0.9369	0.5025	0.8154	1.5247	0.4926	0.9964	1.5306	0.3937	
0.56	0.8971	0.2066	0.2989	0.1743	0.996	0.7431	0.1644	1.1193	0.9422	0.5091	0.8271	1.5246	0.4927	1.0046	1.5307	0.3948	
0.58	0.9068	0.2027	0.3068	0.1777	0.9984	0.7431	0.1668	1.1261	0.9462	0.5144	0.8356	1.5247	0.4926	1.0102	1.5306	0.3952	
0.6	0.9166	0.1987	0.3142	0.1811	0.9989	0.7428	0.1678	1.1325	0.9485	0.5187	0.8408	1.5248	0.4926	1.0124	1.5306	0.3951	
0.62	0.9264	0.1947	0.3216	0.1845	0.9993	0.7426	0.1689	1.1388	0.9508	0.5229	0.8461	1.5248	0.4926	1.0146	1.5305	0.395	
0.64	0.9362	0.1907	0.3291	0.1879	0.9997	0.7424	0.17	1.1451	0.9531	0.5271	0.8514	1.5249	0.4926	1.0168	1.5304	0.3949	
0.66	0.946	0.1867	0.3365	0.1913	1.0001	0.7421	0.1711	1.1515	0.9555	0.5313	0.8566	1.525	0.4925	1.0191	1.5304	0.3948	
