0	0.5648	0.2662	0.2448	0.4261	-0.0355	0.0532	0.0404	-0.0314	0.1642	-0.1055	-0.1669	0.0971	0.0758	0.0918	-0.1114	-0.1615	
0.02	0.5911	0.2482	0.2341	0.4115	-0.0709	0.0784	0.0504	-0.0656	0.1767	-0.1053	-0.1953	0.1092	0.0758	0.098	-0.0809	-0.156	
0.04	0.6174	0.2302	0.2235	0.397	-0.1064	0.1036	0.0604	-0.0997	0.1891	-0.1051	-0.2237	0.1213	0.0758	0.1043	-0.0503	-0.1506	
0.06	0.6437	0.2123	0.2129	0.3825	-0.1418	0.1288	0.0705	-0.1338	0.2015	-0.105	-0.2521	0.1334	0.0758	0.1105	-0.0197	-0.1452	
0.08	0.67	0.1943	0.2022	0.3679	-0.1772	0.154	0.0805	-0.168	0.214	-0.1048	-0.2805	0.1456	0.0758	0.1167	0.0109	-0.1397	
0.1	0.6939	0.1766	0.1928	0.3549	-0.2131	0.182	0.0902	-0.1996	0.2297	-0.1041	-0.3089	0.1611	0.0762	0.1243	0.0453	-0.1317	
0.12	0.7159	0.1613	0.185	0.3419	-0.2422	0.2118	0.1009	-0.2247	0.249	-0.1028	-0.3351	0.1812	0.077	0.1336	0.0838	-0.1198	
0.14	0.7359	0.1483	0.1798	0.3299	-0.2655	0.2434	0.1126	-0.2441	0.2716	-0.101	-0.3582	0.206	0.0782	0.1446	0.1279	-0.1019	
0.16	0.7535	0.1371	0.1779	0.3202	-0.2847	0.2768	0.125	-0.2586	0.2973	-0.0985	-0.3782	0.2358	0.08	0.1568	0.1787	-0.0753	
0.18	0.7682	0.1274	0.1801	0.3142	-0.3012	0.3119	0.138	-0.2697	0.3261	-0.0953	-0.3949	0.2709	0.0825	0.1698	0.2366	-0.0372	
0.2	0.78	0.1187	0.1872	0.3125	-0.3156	0.3486	0.1515	-0.2785	0.3583	-0.0909	-0.4086	0.3114	0.086	0.1833	0.3006	0.0144	
0.22	0.7891	0.1112	0.1997	0.3157	-0.3279	0.3866	0.1658	-0.286	0.3936	-0.0847	-0.4191	0.3569	0.0915	0.197	0.3685	0.0802	
0.24	0.7956	0.1048	0.218	0.3237	-0.3373	0.425	0.1815	-0.2929	0.4317	-0.0758	-0.4264	0.4065	0.0999	0.2106	0.4377	0.16	
0.26	0.7997	0.0994	0.2418	0.3364	-0.3433	0.4632	0.1992	-0.2996	0.4721	-0.0627	-0.4307	0.4592	0.1122	0.2245	0.5063	0.2521	
0.28	0.8012	0.0951	0.2706	0.3541	-0.3454	0.5008	0.2199	-0.3065	0.5144	-0.0442	-0.4325	0.514	0.1292	0.2388	0.5734	0.3543	
0.3	0.7996	0.0916	0.3029	0.3773	-0.3438	0.5381	0.245	-0.3135	0.5582	-0.019	-0.4327	0.5702	0.1518	0.254	0.6382	0.4633	
0.32	0.7943	0.0888	0.3373	0.4069	-0.3392	0.5754	0.2759	-0.3206	0.6031	0.0142	-0.4322	0.6275	0.1806	0.2704	0.7002	0.5747	
0.34	0.7844	0.0868	0.3724	0.4433	-0.3324	0.613	0.3135	-0.3278	0.6484	0.0559	-0.4317	0.6852	0.2165	0.2884	0.758	0.683	
0.36	0.7697	0.0855	0.4073	0.4866	-0.3244	0.6509	0.3581	-0.3349	0.6935	0.1059	-0.4315	0.7424	0.2595	0.3081	0.8102	0.7827	
0.38	0.7503	0.0849	0.4412	0.536	-0.3161	0.6887	0.4089	-0.342	0.7375	0.163	-0.4316	0.798	0.3092	0.3293	0.8561	0.8693	
0.4	0.727	0.0851	0.4737	0.5904	-0.3082	0.7255	0.4637	-0.3488	0.7795	0.225	-0.4318	0.8505	0.3638	0.3518	0.8956	0.9403	
0.42	0.7005	0.086	0.5045	0.6486	-0.3011	0.7605	0.5203	-0.3552	0.819	0.2895	-0.4319	0.8993	0.4209	0.3752	0.9291	0.9953	
0.44	0.6716	0.0876	0.5334	0.7094	-0.2955	0.7932	0.5765	-0.3611	0.855	0.3541	-0.432	0.9439	0.4779	0.3988	0.9574	1.0355	
0.46	0.6406	0.0899	0.5606	0.7718	-0.2916	0.8233	0.6304	-0.3662	0.8868	0.417	-0.4319	0.9847	0.5327	0.4223	0.9808	1.0629	
0.48	0.6084	0.0928	0.5864	0.8345	-0.2893	0.8508	0.6806	-0.3701	0.9142	0.4764	-0.4319	1.0215	0.5836	0.4454	0.9992	1.0798	
0.5	0.5761	0.0964	0.6111	0.8957	-0.2883	0.8757	0.7256	-0.3724	0.9372	0.5309	-0.4318	1.0541	0.6294	0.4679	1.0125	1.0886	
0.52	0.5451	0.1008	0.635	0.9537	-0.2883	0.898	0.7643	-0.3728	0.9559	0.5797	-0.4318	1.0818	0.6686	0.4902	1.0208	1.0918	
0.54	0.5169	0.1059	0.6578	1.0075	-0.2885	0.9176	0.796	-0.3712	0.9709	0.6224	-0.4318	1.1044	0.7003	0.5125	1.0249	1.092	
0.56	0.4926	0.1115	0.6793	1.0567	-0.2888	0.9346	0.8211	-0.3675	0.9821	0.6599	-0.4319	1.1219	0.7245	0.5356	1.0262	1.0911	
0.58	0.4725	0.1172	0.6988	1.1016	-0.2889	0.9489	0.8406	-0.3624	0.9898	0.6934	-0.4319	1.1351	0.7418	0.5598	1.0259	1.0904	
0.6	0.4562	0.1227	0.7158	1.1428	-0.2888	0.9608	0.856	-0.3564	0.9942	0.7244	-0.4319	1.1448	0.7537	0.5859	1.0253	1.0902	
0.62	0.4435	0.1278	0.7302	1.181	-0.2887	0.9708	0.8683	-0.3498	0.996	0.7539	-0.4319	1.1518	0.7616	0.6141	1.0249	1.0904	
0.64	0.4333	0.1335	0.743	1.2177	-0.2887	0.9812	0.8806	-0.3412	0.9956	0.782	-0.4319	1.1564	0.7665	0.6434	1.0251	1.0906	
0.66	0.423	0.1392	0.7558	1.2545	-0.2887	0.9916	0.8929	-0.3326	0.9952	0.8101	-0.4319	1.1609	0.7714	0.6728	1.0253	1.0909	
0.68	0.4128	0.1449	0.7687	1.2912	-0.2887	1.002	0.9051	-0.324	0.9948	0.8382	-0.4319	1.1655	0.7762	0.7021	1.0255	1.0911	
0.7	0.4025	0.1506	0.7815	1.3279	-0.2886	1.0124	0.9174	-0.3154	0.9944	0.8664	-0.4318	1.17	0.7811	0.7314	1.0257	1.0913	
