0	1.1668	0.1961	-0.0817	0.2369	0.7641	0.7736	0.2784	1.1761	1.1873	0.3221	0.8531	1.0573	0.3563	0.7885	0.9718	0.6329	
0.02	1.1011	0.2036	-0.0972	0.2369	0.7372	0.7122	0.2654	1.1161	1.1062	0.3047	0.8018	0.9851	0.327	0.7447	0.9276	0.6089	
0.04	1.0355	0.2111	-0.1126	0.2369	0.7104	0.6509	0.2525	1.056	1.0251	0.2873	0.7505	0.9128	0.2977	0.7009	0.8834	0.5848	
0.06	0.9698	0.2186	-0.1281	0.2369	0.6835	0.5896	0.2396	0.996	0.9441	0.2699	0.6993	0.8406	0.2684	0.6571	0.8392	0.5607	
0.08	0.9041	0.2261	-0.1435	0.2369	0.6567	0.5282	0.2266	0.9359	0.863	0.2525	0.648	0.7683	0.2391	0.6134	0.795	0.5366	
0.1	0.8428	0.2342	-0.1552	0.2369	0.6348	0.474	0.214	0.8814	0.7808	0.2354	0.6056	0.6969	0.214	0.5782	0.7489	0.5149	
0.12	0.7919	0.2434	-0.1666	0.2369	0.6091	0.4205	0.2053	0.8238	0.6973	0.2177	0.568	0.625	0.1903	0.5452	0.7024	0.4959	
0.14	0.7505	0.2535	-0.1772	0.2369	0.5815	0.3688	0.2	0.766	0.6136	0.1995	0.5357	0.5532	0.1686	0.5156	0.6554	0.4796	
0.16	0.717	0.2638	-0.1862	0.2369	0.5545	0.3205	0.1971	0.7112	0.5307	0.1814	0.5095	0.4827	0.1496	0.4909	0.608	0.4657	
0.18	0.6892	0.2739	-0.1929	0.2369	0.5304	0.2769	0.1955	0.6625	0.45	0.164	0.4899	0.4149	0.134	0.4723	0.5603	0.454	
0.2	0.6657	0.2833	-0.1975	0.237	0.5106	0.2391	0.1943	0.6222	0.3737	0.1488	0.4767	0.3516	0.1219	0.4597	0.5127	0.4442	
0.22	0.6453	0.2916	-0.2005	0.2371	0.4951	0.2072	0.1932	0.5912	0.3037	0.1367	0.4685	0.2937	0.113	0.4521	0.4659	0.4358	
0.24	0.6272	0.2985	-0.2027	0.2373	0.4832	0.1804	0.1918	0.5689	0.2413	0.1279	0.4636	0.2416	0.1066	0.4477	0.4211	0.4284	
0.26	0.6106	0.3041	-0.2049	0.2375	0.4737	0.1575	0.1904	0.5531	0.1863	0.1219	0.46	0.1947	0.1018	0.4448	0.3788	0.4215	
0.28	0.5953	0.3085	-0.2073	0.2378	0.4657	0.1377	0.189	0.5414	0.1377	0.1177	0.4565	0.1522	0.0979	0.4421	0.3398	0.4148	
0.3	0.5809	0.3119	-0.2098	0.2382	0.4585	0.1205	0.1876	0.5317	0.0947	0.1145	0.4525	0.1136	0.0948	0.439	0.3044	0.4082	
0.32	0.5676	0.3146	-0.2123	0.2386	0.4519	0.1058	0.1864	0.5226	0.0568	0.1119	0.4483	0.0788	0.0922	0.4357	0.2728	0.4018	
0.34	0.5556	0.3168	-0.2147	0.2391	0.4459	0.094	0.1853	0.5136	0.0237	0.1097	0.4441	0.0478	0.0903	0.4323	0.245	0.3959	
0.36	0.5452	0.3188	-0.2168	0.2397	0.4406	0.0849	0.1842	0.5049	-0.0045	0.1079	0.4401	0.0206	0.0891	0.4292	0.221	0.3906	
0.38	0.5365	0.3206	-0.2187	0.2403	0.436	0.0783	0.1832	0.4967	-0.0281	0.1064	0.4366	-0.003	0.0886	0.4264	0.2004	0.386	
0.4	0.5296	0.3224	-0.2205	0.241	0.432	0.0734	0.1821	0.4893	-0.0476	0.1051	0.4333	-0.0232	0.0885	0.4237	0.1829	0.3821	
0.42	0.5244	0.3241	-0.2222	0.2418	0.4286	0.0696	0.1811	0.4828	-0.0634	0.1039	0.4302	-0.0402	0.0889	0.4213	0.1679	0.379	
0.44	0.5205	0.3257	-0.2239	0.2426	0.4256	0.0663	0.1802	0.4772	-0.076	0.1027	0.4272	-0.0542	0.0895	0.4188	0.1552	0.3766	
0.46	0.5174	0.3272	-0.2255	0.2434	0.4229	0.0632	0.1793	0.4723	-0.0858	0.1015	0.4242	-0.0652	0.0904	0.4165	0.1444	0.3746	
0.48	0.5148	0.3287	-0.2269	0.2443	0.4203	0.0602	0.1784	0.4682	-0.0934	0.1004	0.4214	-0.0737	0.0914	0.4142	0.1353	0.3728	
0.5	0.5123	0.3302	-0.2283	0.2453	0.4179	0.0573	0.1776	0.4646	-0.0996	0.0992	0.4188	-0.08	0.0926	0.412	0.1274	0.3712	
0.52	0.5099	0.3316	-0.2296	0.2463	0.4156	0.0545	0.1768	0.4616	-0.1048	0.0982	0.4162	-0.0848	0.0939	0.41	0.1205	0.3697	
0.54	0.5075	0.3329	-0.2308	0.2473	0.4133	0.0517	0.176	0.4588	-0.1096	0.0972	0.4139	-0.0888	0.0953	0.4081	0.1142	0.3682	
0.56	0.5052	0.3342	-0.2319	0.2484	0.4111	0.049	0.1753	0.4563	-0.114	0.0963	0.4117	-0.0925	0.0969	0.4062	0.1084	0.3667	
0.58	0.503	0.3354	-0.2329	0.2495	0.409	0.0461	0.1746	0.454	-0.1181	0.0954	0.4096	-0.0961	0.0986	0.4045	0.103	0.3654	
0.6	0.501	0.3365	-0.2338	0.2506	0.4069	0.0431	0.1739	0.4517	-0.1219	0.0945	0.4076	-0.0996	0.1004	0.4029	0.0979	0.3642	
0.62	0.4992	0.3376	-0.2347	0.2517	0.4049	0.04	0.1733	0.4494	-0.1255	0.0937	0.4057	-0.1031	0.1022	0.4013	0.0932	0.363	
0.64	0.4974	0.3386	-0.2355	0.2529	0.403	0.0367	0.1727	0.4473	-0.1287	0.093	0.404	-0.1063	0.1041	0.3998	0.0889	0.3619	
0.66	0.4958	0.3396	-0.2362	0.2541	0.4012	0.0333	0.1721	0.4452	-0.1319	0.0922	0.4024	-0.1093	0.1061	0.3985	0.0847	0.3609	
0.68	0.4942	0.3405	-0.2368	0.2553	0.3994	0.0299	0.1716	0.4431	-0.1349	0.0916	0.4008	-0.112	0.1082	0.3972	0.0808	0.36	
0.7	0.4928	0.3414	-0.2374	0.2565	0.3977	0.0264	0.1711	0.4412	-0.138	0.0909	0.3994	-0.1146	0.1103	0.3959	0.077	0.359	
0.72	0.4914	0.3422	-0.238	0.2577	0.396	0.0228	0.1706	0.4394	-0.141	0.0903	0.3981	-0.117	0.1124	0.3948	0.0733	0.3582	
0.74	0.4902	0.343	-0.2384	0.2589	0.3945	0.0193	0.1702	0.4376	-0.1441	0.0898	0.3969	-0.1192	0.1145	0.3937	0.0697	0.3574	
0.76	0.4891	0.3437	-0.2388	0.2602	0.393	0.0158	0.1697	0.4359	-0.1471	0.0893	0.3958	-0.1213	0.1167	0.3928	0.0662	0.3566	
0.78	0.488	0.3443	-0.2392	0.2614	0.3916	0.0123	0.1694	0.4343	-0.1502	0.0888	0.3947	-0.1232	0.1188	0.3918	0.0626	0.3558	
0.8	0.4871	0.3449	-0.2395	0.2626	0.3903	0.0089	0.169	0.4328	-0.1533	0.0883	0.3938	-0.125	0.1209	0.391	0.0592	0.3551	
0.82	0.4862	0.3455	-0.2397	0.2638	0.389	0.0054	0.1686	0.4313	-0.1564	0.0879	0.3929	-0.1266	0.123	0.3902	0.0558	0.3544	
0.84	0.4854	0.3459	-0.2399	0.265	0.3879	0.002	0.1683	0.43	-0.1594	0.0875	0.3922	-0.128	0.1251	0.3895	0.0524	0.3537	
0.86	0.4847	0.3464	-0.2401	0.2662	0.3868	-0.0014	0.168	0.4287	-0.1625	0.0872	0.3914	-0.1294	0.1271	0.3888	0.0491	0.353	
0.88	0.4841	0.3468	-0.2402	0.2674	0.3858	-0.0048	0.1678	0.4275	-0.1655	0.0869	0.3908	-0.1305	0.129	0.3882	0.0458	0.3524	
0.9	0.4836	0.3471	-0.2403	0.2685	0.3849	-0.0082	0.1675	0.4264	-0.1684	0.0866	0.3902	-0.1316	0.1309	0.3877	0.0426	0.3517	
0.92	0.4832	0.3474	-0.2404	0.2696	0.384	-0.0116	0.1673	0.4254	-0.1713	0.0863	0.3897	-0.1325	0.1326	0.3872	0.0395	0.351	
0.94	0.4828	0.3476	-0.2404	0.2707	0.3833	-0.0149	0.1671	0.4244	-0.1741	0.0861	0.3893	-0.1333	0.1343	0.3868	0.0365	0.3503	
0.96	0.4825	0.3478	-0.2404	0.2718	0.3826	-0.0182	0.1669	0.4235	-0.1769	0.0859	0.3889	-0.1339	0.1359	0.3864	0.0335	0.3496	
0.98	0.4823	0.3479	-0.2403	0.2728	0.382	-0.0215	0.1667	0.4227	-0.1796	0.0858	0.3886	-0.1345	0.1373	0.386	0.0307	0.3488	
1	0.4821	0.348	-0.2402	0.2738	0.3816	-0.0248	0.1665	0.422	-0.1822	0.0856	0.3883	-0.1349	0.1386	0.3857	0.0279	0.3481	
1.02	0.482	0.348	-0.2401	0.2748	0.3811	-0.0281	0.1664	0.4214	-0.1848	0.0855	0.388	-0.1353	0.1398	0.3855	0.0253	0.3473	
1.04	0.482	0.348	-0.2399	0.2757	0.3808	-0.0315	0.1663	0.4209	-0.1873	0.0854	0.3879	-0.1355	0.1408	0.3853	0.0228	0.3465	
1.06	0.482	0.348	-0.2397	0.2765	0.3806	-0.0349	0.1662	0.4204	-0.1896	0.0853	0.3877	-0.1357	0.1417	0.3851	0.0203	0.3456	
1.08	0.4821	0.3479	-0.2395	0.2773	0.3804	-0.0384	0.1661	0.42	-0.1919	0.0853	0.3876	-0.1357	0.1424	0.3849	0.0181	0.3448	
1.1	0.4822	0.3478	-0.2392	0.2781	0.3804	-0.0419	0.166	0.4197	-0.1941	0.0852	0.3875	-0.1356	0.1428	0.3848	0.0159	0.3439	
1.12	0.4824	0.3476	-0.2388	0.2788	0.3804	-0.0456	0.1659	0.4195	-0.1961	0.0852	0.3874	-0.1355	0.1431	0.3847	0.0139	0.343	
1.14	0.4827	0.3474	-0.2384	0.2794	0.3804	-0.0493	0.1659	0.4194	-0.1981	0.0853	0.3874	-0.1352	0.1432	0.3847	0.012	0.3421	
1.16	0.4831	0.3472	-0.238	0.28	0.3805	-0.0531	0.1658	0.4193	-0.1999	0.0853	0.3874	-0.1348	0.143	0.3846	0.0103	0.3412	
1.18	0.4835	0.3469	-0.2375	0.2805	0.3807	-0.057	0.1658	0.4193	-0.2016	0.0854	0.3874	-0.1343	0.1427	0.3846	0.0087	0.3403	
1.2	0.484	0.3466	-0.2369	0.2809	0.381	-0.0608	0.1658	0.4194	-0.2032	0.0855	0.3874	-0.1336	0.1421	0.3846	0.0073	0.3394	
1.22	0.4846	0.3462	-0.2363	0.2813	0.3813	-0.0647	0.1658	0.4195	-0.2046	0.0856	0.3875	-0.1329	0.1413	0.3847	0.0061	0.3385	
1.24	0.4852	0.3458	-0.2356	0.2816	0.3817	-0.0684	0.1658	0.4197	-0.2059	0.0858	0.3875	-0.132	0.1403	0.3847	0.005	0.3376	
1.26	0.486	0.3452	-0.2348	0.2818	0.3822	-0.0721	0.1658	0.42	-0.207	0.0859	0.3877	-0.1309	0.1392	0.3848	0.0041	0.3367	
1.28	0.4868	0.3447	-0.234	0.2819	0.3828	-0.0756	0.1658	0.4203	-0.2079	0.0862	0.3878	-0.1297	0.1378	0.3849	0.0035	0.3358	
1.3	0.4877	0.3441	-0.2331	0.282	0.3834	-0.0788	0.1658	0.4208	-0.2087	0.0864	0.388	-0.1283	0.1363	0.3851	0.003	0.3349	
1.32	0.4887	0.3434	-0.2321	0.2821	0.3841	-0.0819	0.1658	0.4213	-0.2094	0.0867	0.3881	-0.1268	0.1346	0.3852	0.0029	0.334	
1.34	0.4898	0.3426	-0.2311	0.282	0.385	-0.0846	0.1659	0.422	-0.2098	0.0871	0.3884	-0.1251	0.1329	0.3854	0.003	0.3331	
1.36	0.4911	0.3418	-0.23	0.282	0.3859	-0.0871	0.1659	0.4228	-0.2099	0.0875	0.3886	-0.1232	0.131	0.3857	0.0034	0.3323	
1.38	0.4924	0.3408	-0.2287	0.2819	0.3869	-0.0891	0.166	0.4237	-0.2097	0.0879	0.3889	-0.1211	0.129	0.386	0.0042	0.3314	
1.4	0.4938	0.3398	-0.2275	0.2817	0.388	-0.0907	0.166	0.4247	-0.2092	0.0884	0.3893	-0.1189	0.1269	0.3863	0.0055	0.3306	
1.42	0.4954	0.3388	-0.2261	0.2816	0.3893	-0.0918	0.1661	0.4259	-0.2084	0.0889	0.3896	-0.1164	0.1247	0.3866	0.0071	0.3298	
1.44	0.497	0.3376	-0.2246	0.2814	0.3906	-0.0924	0.1662	0.4273	-0.2071	0.0894	0.39	-0.1137	0.1225	0.387	0.0092	0.329	
1.46	0.4987	0.3364	-0.223	0.2811	0.3921	-0.0923	0.1663	0.4288	-0.2055	0.09	0.3905	-0.1109	0.1202	0.3875	0.0117	0.3283	
1.48	0.5006	0.3351	-0.2213	0.2808	0.3936	-0.0916	0.1664	0.4304	-0.2032	0.0907	0.391	-0.1078	0.1179	0.388	0.0147	0.3275	
1.5	0.5025	0.3336	-0.2196	0.2805	0.3953	-0.0902	0.1665	0.4322	-0.2002	0.0914	0.3915	-0.1046	0.1156	0.3885	0.0181	0.3268	
1.52	0.5047	0.332	-0.2178	0.2802	0.3971	-0.088	0.1667	0.4343	-0.1965	0.0922	0.3921	-0.101	0.1133	0.3891	0.0221	0.3262	
1.54	0.507	0.3303	-0.2159	0.2798	0.3992	-0.085	0.1668	0.4366	-0.192	0.093	0.3928	-0.0971	0.111	0.3897	0.0266	0.3255	
1.56	0.5096	0.3285	-0.2138	0.2794	0.4014	-0.0813	0.167	0.4392	-0.1871	0.0939	0.3935	-0.0929	0.1087	0.3904	0.0316	0.3249	
1.58	0.5121	0.3269	-0.2116	0.2789	0.4038	-0.0768	0.1672	0.4421	-0.1819	0.0948	0.3942	-0.0886	0.1065	0.3912	0.0369	0.3243	
1.6	0.5146	0.3252	-0.2092	0.2784	0.4061	-0.0718	0.1674	0.445	-0.1765	0.0959	0.395	-0.0842	0.1043	0.392	0.0427	0.3238	
1.62	0.5171	0.3233	-0.2067	0.2778	0.4085	-0.0661	0.1676	0.4478	-0.17	0.0969	0.3959	-0.0798	0.1022	0.3928	0.0488	0.3233	
1.64	0.5198	0.3207	-0.2042	0.2773	0.4108	-0.0596	0.1679	0.4507	-0.1611	0.098	0.3968	-0.075	0.1002	0.3938	0.0555	0.3229	
1.66	0.5237	0.3167	-0.2019	0.2766	0.4136	-0.0521	0.1681	0.4541	-0.1478	0.0992	0.3977	-0.0692	0.0983	0.3948	0.0631	0.3225	
1.68	0.5295	0.3108	-0.1995	0.276	0.4173	-0.0434	0.1684	0.4588	-0.1286	0.1005	0.3988	-0.0614	0.0966	0.3958	0.0723	0.3221	
1.7	0.5382	0.3028	-0.1968	0.2752	0.4226	-0.0332	0.1687	0.4654	-0.1026	0.1018	0.3999	-0.0503	0.0949	0.3969	0.0833	0.3218	
1.72	0.5504	0.2929	-0.193	0.2745	0.4301	-0.0215	0.169	0.4743	-0.0699	0.1032	0.401	-0.0351	0.0934	0.3981	0.0965	0.3215	
1.74	0.5664	0.2814	-0.1877	0.2737	0.4399	-0.0085	0.1694	0.4854	-0.0315	0.1047	0.4023	-0.0153	0.0921	0.3994	0.112	0.3214	
1.76	0.5859	0.2688	-0.1805	0.2728	0.452	0.0057	0.1697	0.4982	0.0116	0.1063	0.4036	0.009	0.0908	0.4007	0.1296	0.3214	
1.78	0.6086	0.2557	-0.1716	0.2719	0.466	0.0207	0.1701	0.5119	0.0586	0.1079	0.4049	0.0375	0.0898	0.4021	0.149	0.3217	
1.8	0.6338	0.2425	-0.1617	0.271	0.4816	0.0365	0.1705	0.5261	0.1083	0.1095	0.4064	0.07	0.0891	0.4036	0.1699	0.3222	
1.82	0.6605	0.2298	-0.1514	0.27	0.4984	0.0527	0.171	0.5404	0.1596	0.1111	0.4079	0.1061	0.0889	0.4051	0.1918	0.3229	
1.84	0.6878	0.2184	-0.1413	0.269	0.5157	0.0688	0.1714	0.5544	0.2112	0.1129	0.4095	0.1457	0.0893	0.4068	0.2145	0.3239	
1.86	0.714	0.2087	-0.1316	0.2679	0.5328	0.0847	0.1719	0.5675	0.2623	0.1152	0.4112	0.1887	0.0904	0.4085	0.2381	0.3254	
1.88	0.7382	0.201	-0.1227	0.2667	0.5488	0.1002	0.1724	0.5789	0.313	0.1182	0.4129	0.2345	0.0923	0.4103	0.2628	0.3277	
1.9	0.7592	0.1952	-0.1153	0.2655	0.5631	0.1153	0.1729	0.5882	0.3642	0.1221	0.4147	0.2827	0.095	0.4122	0.2894	0.3311	
1.92	0.777	0.191	-0.1097	0.2643	0.5754	0.1305	0.1735	0.5956	0.4173	0.1272	0.4166	0.3326	0.0987	0.4141	0.3181	0.336	
1.94	0.7918	0.1878	-0.1062	0.263	0.5858	0.1464	0.1741	0.6016	0.4729	0.1337	0.4186	0.3836	0.1037	0.4161	0.3489	0.3425	
1.96	0.8042	0.1853	-0.1047	0.2617	0.5948	0.1632	0.1747	0.6071	0.5306	0.1418	0.4206	0.4356	0.1104	0.4183	0.3815	0.3506	
1.98	0.815	0.1833	-0.1045	0.2603	0.6029	0.1811	0.1753	0.6127	0.5889	0.1516	0.4229	0.4883	0.1194	0.4206	0.4151	0.3601	
2	0.8248	0.1818	-0.1049	0.2588	0.6108	0.2001	0.176	0.6187	0.646	0.1633	0.4253	0.5412	0.1308	0.423	0.4491	0.3708	
2.02	0.834	0.181	-0.1053	0.2572	0.6187	0.22	0.1767	0.6253	0.7003	0.1768	0.4277	0.5935	0.1447	0.4256	0.483	0.3824	
2.04	0.8431	0.181	-0.1055	0.2556	0.6268	0.2405	0.1774	0.6328	0.7508	0.1916	0.4301	0.6436	0.1607	0.4281	0.5163	0.3947	
2.06	0.8524	0.1818	-0.1054	0.2539	0.6351	0.2614	0.1782	0.6416	0.7968	0.2071	0.4323	0.6906	0.1783	0.4305	0.5481	0.4075	
2.08	0.862	0.1833	-0.1053	0.2523	0.6437	0.2826	0.179	0.6527	0.8382	0.2226	0.4346	0.7336	0.1969	0.4329	0.5778	0.4205	
2.1	0.8723	0.1857	-0.1051	0.2508	0.6524	0.3035	0.1798	0.6669	0.8748	0.2378	0.4375	0.7728	0.2158	0.4355	0.605	0.4332	
2.12	0.8831	0.1889	-0.1051	0.2491	0.6612	0.3239	0.1806	0.6849	0.9072	0.2522	0.4419	0.8086	0.2347	0.4391	0.63	0.4456	
2.14	0.8944	0.1928	-0.1052	0.2472	0.67	0.3435	0.1815	0.7067	0.9361	0.2656	0.4491	0.8416	0.2531	0.4445	0.6534	0.4575	
2.16	0.9061	0.1978	-0.1052	0.2448	0.6786	0.3622	0.1824	0.732	0.9628	0.2777	0.46	0.8719	0.2708	0.4522	0.6764	0.4692	
2.18	0.9182	0.2037	-0.1052	0.2418	0.6867	0.38	0.1834	0.7597	0.9881	0.2885	0.4752	0.9	0.2876	0.4628	0.6996	0.4808	
2.2	0.9304	0.2105	-0.1052	0.2386	0.6945	0.3972	0.1845	0.7888	1.0128	0.2977	0.4945	0.9263	0.3032	0.4764	0.7231	0.4923	
2.22	0.9428	0.2179	-0.1052	0.2358	0.7016	0.4138	0.1856	0.8184	1.0367	0.3056	0.5176	0.9512	0.3175	0.4929	0.7461	0.5035	
2.24	0.9554	0.2254	-0.1052	0.2343	0.7082	0.43	0.1866	0.8477	1.0595	0.3124	0.5439	0.9752	0.3306	0.5123	0.7677	0.5141	
2.26	0.9681	0.2327	-0.1052	0.235	0.7143	0.4458	0.1876	0.8757	1.0807	0.3184	0.5727	0.998	0.3422	0.5342	0.7871	0.5235	
2.28	0.9811	0.2395	-0.1052	0.2386	0.7199	0.4613	0.1885	0.9017	1.0999	0.3238	0.6029	1.019	0.3525	0.5582	0.8037	0.5316	
2.3	0.9942	0.2454	-0.1052	0.2456	0.7251	0.4765	0.1896	0.9248	1.1171	0.3285	0.6333	1.0378	0.3615	0.583	0.8174	0.5383	
2.32	1.0076	0.2504	-0.1052	0.2561	0.7297	0.4916	0.1912	0.9445	1.1323	0.3327	0.6625	1.0538	0.3691	0.6074	0.8281	0.5434	
2.34	1.0213	0.2544	-0.1052	0.27	0.7336	0.5067	0.1937	0.9607	1.1455	0.336	0.689	1.0672	0.375	0.6299	0.836	0.5472	
2.36	1.0352	0.2572	-0.1052	0.2865	0.7368	0.5219	0.1971	0.9738	1.1566	0.3384	0.7116	1.0779	0.3791	0.6495	0.8411	0.5498	
2.38	1.0495	0.2589	-0.1052	0.3046	0.7392	0.5368	0.2013	0.9843	1.1652	0.3395	0.73	1.0862	0.3814	0.6657	0.8439	0.5512	
2.4	1.064	0.2597	-0.1052	0.3228	0.7408	0.5512	0.2062	0.9928	1.1708	0.3394	0.7443	1.092	0.3824	0.6786	0.845	0.5518	
2.42	1.0787	0.2598	-0.1052	0.3398	0.7416	0.5646	0.2112	0.9995	1.173	0.338	0.7553	1.0954	0.3824	0.6884	0.845	0.5518	
2.44	1.0931	0.2596	-0.1052	0.3546	0.7416	0.5766	0.2163	1.0045	1.1719	0.3357	0.7634	1.0969	0.3821	0.6954	0.8447	0.5517	
2.46	1.1068	0.2594	-0.1052	0.3663	0.7408	0.5868	0.2211	1.0077	1.1678	0.3326	0.7692	1.0971	0.3819	0.6999	0.8444	0.5515	
2.48	1.1194	0.2593	-0.1052	0.3749	0.7392	0.5953	0.2256	1.0095	1.1614	0.3291	0.773	1.0967	0.3818	0.7024	0.8443	0.5515	
2.5	1.1305	0.2594	-0.1052	0.3805	0.7368	0.6019	0.2294	1.01	1.1537	0.3256	0.775	1.0964	0.3818	0.7033	0.8444	0.5515	
2.52	1.1397	0.2594	-0.1052	0.3835	0.7336	0.6066	0.2322	1.01	1.1456	0.3223	0.7757	1.0962	0.3819	0.7033	0.8445	0.5515	
2.54	1.1471	0.2595	-0.1052	0.3846	0.7297	0.6097	0.234	1.0097	1.1378	0.3193	0.7757	1.0963	0.382	0.703	0.8446	0.5516	
2.56	1.1528	0.2595	-0.1052	0.3847	0.7251	0.6114	0.2348	1.0096	1.1309	0.317	0.7755	1.0964	0.382	0.7028	0.8446	0.5516	
2.58	1.1568	0.2595	-0.1052	0.3844	0.7202	0.612	0.2349	1.0095	1.1254	0.3154	0.7753	1.0965	0.382	0.7027	0.8446	0.5516	
2.6	1.1593	0.2595	-0.1052	0.3841	0.7152	0.612	0.2347	1.0096	1.1216	0.3145	0.7752	1.0965	0.382	0.7028	0.8445	0.5516	
2.62	1.1606	0.2594	-0.1052	0.384	0.7105	0.6118	0.2344	1.0097	1.1193	0.3141	0.7753	1.0965	0.3819	0.7029	0.8445	0.5516	
2.64	1.1611	0.2594	-0.1052	0.3841	0.7061	0.6116	0.2344	1.0097	1.1184	0.3141	0.7754	1.0964	0.3819	0.7029	0.8445	0.5516	
2.66	1.1611	0.2595	-0.1052	0.3842	0.7024	0.6116	0.2344	1.0097	1.1183	0.3142	0.7754	1.0964	0.382	0.7029	0.8445	0.5516	
2.68	1.1609	0.2595	-0.1052	0.3843	0.6993	0.6117	0.2345	1.0097	1.1186	0.3143	0.7754	1.0964	0.382	0.7029	0.8445	0.5516	
2.7	1.1608	0.2595	-0.1052	0.3843	0.6969	0.6117	0.2345	1.0097	1.1188	0.3144	0.7754	1.0964	0.382	0.7029	0.8445	0.5516	
2.72	1.1608	0.2595	-0.1052	0.3843	0.6953	0.6118	0.2345	1.0097	1.1189	0.3143	0.7754	1.0964	0.382	0.7029	0.8445	0.5516	
2.74	1.1608	0.2595	-0.1052	0.3842	0.6945	0.6118	0.2345	1.0097	1.1189	0.3143	0.7754	1.0964	0.382	0.7029	0.8445	0.5516	
2.76	1.1609	0.2595	-0.1052	0.3842	0.6941	0.6117	0.2345	1.0097	1.1188	0.3143	0.7754	1.0964	0.382	0.7029	0.8445	0.5516	
2.78	1.1609	0.2595	-0.1052	0.3842	0.6941	0.6117	0.2345	1.0097	1.1187	0.3143	0.7754	1.0964	0.382	0.7029	0.8445	0.5516	
2.8	1.1609	0.2595	-0.1052	0.3842	0.6942	0.6117	0.2345	1.0097	1.1187	0.3143	0.7754	1.0964	0.382	0.7029	0.8445	0.5516	
2.82	1.1609	0.2595	-0.1052	0.3842	0.6943	0.6117	0.2345	1.0097	1.1187	0.3143	0.7754	1.0964	0.382	0.7029	0.8445	0.5516	
2.84	1.1609	0.2595	-0.1052	0.3842	0.6943	0.6117	0.2345	1.0097	1.1187	0.3143	0.7754	1.0964	0.382	0.7029	0.8445	0.5516	
2.86	1.1608	0.2595	-0.1052	0.3842	0.6943	0.6117	0.2345	1.0097	1.1188	0.3143	0.7754	1.0964	0.382	0.7029	0.8445	0.5516	
2.88	1.1609	0.2595	-0.1052	0.3842	0.6943	0.6117	0.2345	1.0097	1.1188	0.3143	0.7754	1.0964	0.382	0.7029	0.8445	0.5516	
2.9	1.1609	0.2595	-0.1052	0.3842	0.6943	0.6117	0.2345	1.0097	1.1187	0.3143	0.7754	1.0964	0.382	0.7029	0.8445	0.5516	
2.92	1.1609	0.2595	-0.1052	0.3842	0.6943	0.6117	0.2345	1.0097	1.1187	0.3143	0.7754	1.0964	0.382	0.7029	0.8445	0.5516	
2.94	1.1609	0.2595	-0.1052	0.3842	0.6943	0.6117	0.2345	1.0097	1.1187	0.3143	0.7754	1.0964	0.382	0.7029	0.8445	0.5516	
2.96	1.1609	0.2595	-0.1052	0.3842	0.6943	0.6117	0.2345	1.0097	1.1187	0.3143	0.7754	1.0964	0.382	0.7029	0.8445	0.5516	
