0	0.163	0.5381	0.3593	-0.0151	0.1408	-0.018	0.0909	0.0516	0.0025	-0.048	0.1452	-0.0729	0.0351	0.1114	-0.0625	-0.0691	
0.02	0.163	0.5381	0.3593	-0.0151	0.1408	-0.018	0.0909	0.0516	0.0025	-0.048	0.1452	-0.0729	0.0351	0.1114	-0.0625	-0.0691	
0.04	0.163	0.5381	0.3593	-0.0151	0.1408	-0.018	0.0909	0.0516	0.0025	-0.048	0.1452	-0.0729	0.0351	0.1114	-0.0625	-0.0691	
0.06	0.163	0.5381	0.3593	-0.0151	0.1408	-0.018	0.0909	0.0516	0.0025	-0.048	0.1452	-0.0729	0.0351	0.1114	-0.0625	-0.0691	
0.08	0.163	0.5381	0.3593	-0.0151	0.1408	-0.018	0.0909	0.0516	0.0025	-0.048	0.1452	-0.0729	0.0351	0.1114	-0.0625	-0.0691	
0.1	0.163	0.5381	0.3593	-0.0151	0.1408	-0.018	0.0909	0.0516	0.0025	-0.048	0.1452	-0.0729	0.0351	0.1114	-0.0625	-0.0691	
0.12	0.163	0.5381	0.3593	-0.0151	0.1408	-0.018	0.0909	0.0516	0.0025	-0.048	0.1452	-0.0729	0.0351	0.1114	-0.0625	-0.0691	
0.14	0.163	0.5381	0.3593	-0.0151	0.1408	-0.018	0.0909	0.0516	0.0025	-0.048	0.1452	-0.0729	0.0351	0.1114	-0.0625	-0.0691	
0.16	0.163	0.5381	0.3593	-0.0151	0.1408	-0.018	0.0909	0.0516	0.0025	-0.048	0.1452	-0.0729	0.0351	0.1114	-0.0625	-0.0691	
0.18	0.163	0.5381	0.3593	-0.0151	0.1408	-0.018	0.0909	0.0516	0.0025	-0.048	0.1452	-0.0729	0.0351	0.1114	-0.0625	-0.0691	
0.2	0.163	0.5381	0.3593	-0.0151	0.1408	-0.018	0.0909	0.0516	0.0025	-0.048	0.1452	-0.0729	0.0351	0.1114	-0.0625	-0.0691	
0.22	0.163	0.5381	0.3593	-0.0151	0.1408	-0.018	0.0909	0.0516	0.0025	-0.048	0.1452	-0.0729	0.0351	0.1114	-0.0625	-0.0691	
0.24	0.163	0.5381	0.3593	-0.0151	0.1408	-0.018	0.0909	0.0516	0.0025	-0.048	0.1452	-0.0729	0.0351	0.1114	-0.0625	-0.0691	
0.26	0.163	0.5381	0.3593	-0.0151	0.1408	-0.018	0.0909	0.0516	0.0025	-0.048	0.1452	-0.0729	0.0351	0.1114	-0.0625	-0.0691	
0.28	0.163	0.5381	0.3593	-0.0151	0.1408	-0.018	0.0909	0.0516	0.0025	-0.048	0.1452	-0.0729	0.0351	0.1114	-0.0625	-0.0691	
0.3	0.163	0.5381	0.3593	-0.0151	0.1408	-0.018	0.0909	0.0516	0.0025	-0.048	0.1452	-0.0729	0.0351	0.1114	-0.0625	-0.0691	
0.32	0.163	0.5381	0.3593	-0.0151	0.1408	-0.018	0.0909	0.0516	0.0025	-0.048	0.1452	-0.0729	0.0351	0.1114	-0.0625	-0.0691	
0.34	0.163	0.5381	0.3593	-0.0151	0.1408	-0.018	0.0909	0.0516	0.0025	-0.048	0.1452	-0.0729	0.0351	0.1114	-0.0625	-0.0691	
0.36	0.163	0.5381	0.3593	-0.0151	0.1408	-0.018	0.0909	0.0516	0.0025	-0.048	0.1452	-0.0729	0.0351	0.1114	-0.0625	-0.0691	
0.38	0.163	0.5381	0.3593	-0.0151	0.1408	-0.018	0.0909	0.0516	0.0025	-0.048	0.1452	-0.0729	0.0351	0.1114	-0.0625	-0.0691	
0.4	0.163	0.5381	0.3593	-0.0151	0.1408	-0.018	0.0909	0.0516	0.0025	-0.048	0.1452	-0.0729	0.0351	0.1114	-0.0625	-0.0691	
0.42	0.163	0.5381	0.3593	-0.0151	0.1408	-0.018	0.0909	0.0516	0.0025	-0.048	0.1452	-0.0729	0.0351	0.1114	-0.0625	-0.0691	
0.44	0.163	0.5381	0.3593	-0.0151	0.1408	-0.018	0.0909	0.0516	0.0025	-0.048	0.1452	-0.0729	0.0351	0.1114	-0.0625	-0.0691	
0.46	0.163	0.5381	0.3593	-0.0151	0.1408	-0.018	0.0909	0.0516	0.0025	-0.048	0.1452	-0.0729	0.0351	0.1114	-0.0625	-0.0691	
0.48	0.163	0.5381	0.3593	-0.0151	0.1408	-0.018	0.0909	0.0516	0.0025	-0.048	0.1452	-0.0729	0.0351	0.1114	-0.0625	-0.0691	
0.5	0.163	0.5381	0.3593	-0.0151	0.1408	-0.018	0.0909	0.0516	0.0025	-0.048	0.1452	-0.0729	0.0351	0.1114	-0.0625	-0.0691	
0.52	0.163	0.5381	0.3593	-0.0151	0.1408	-0.018	0.0909	0.0516	0.0025	-0.048	0.1452	-0.0729	0.0351	0.1114	-0.0625	-0.0691	
0.54	0.163	0.5381	0.3593	-0.0151	0.1408	-0.018	0.0909	0.0516	0.0025	-0.048	0.1452	-0.0729	0.0351	0.1114	-0.0625	-0.0691	
0.56	0.163	0.5381	0.3593	-0.0151	0.1408	-0.018	0.0909	0.0516	0.0025	-0.048	0.1452	-0.0729	0.0351	0.1114	-0.0625	-0.0691	
0.58	0.163	0.5381	0.3593	-0.0151	0.1408	-0.018	0.0909	0.0516	0.0025	-0.048	0.1452	-0.0729	0.0351	0.1114	-0.0625	-0.0691	
0.6	0.163	0.5381	0.3593	-0.0151	0.1408	-0.018	0.0909	0.0516	0.0025	-0.048	0.1452	-0.0729	0.0351	0.1114	-0.0625	-0.0691	
0.62	0.163	0.5381	0.3593	-0.0151	0.1408	-0.018	0.0909	0.0516	0.0025	-0.048	0.1452	-0.0729	0.0351	0.1114	-0.0625	-0.0691	
0.64	0.163	0.5381	0.3593	-0.0151	0.1408	-0.018	0.0909	0.0516	0.0025	-0.048	0.1452	-0.0729	0.0351	0.1114	-0.0625	-0.0691	
0.66	0.163	0.5381	0.3593	-0.0151	0.1408	-0.018	0.0909	0.0516	0.0025	-0.048	0.1452	-0.0729	0.0351	0.1114	-0.0625	-0.0691	
0.68	0.163	0.5381	0.3593	-0.0151	0.1408	-0.018	0.0909	0.0516	0.0025	-0.048	0.1452	-0.0729	0.0351	0.1114	-0.0625	-0.0691	
0.7	0.163	0.5381	0.3593	-0.0151	0.1408	-0.018	0.0909	0.0516	0.0025	-0.048	0.1452	-0.0729	0.0351	0.1114	-0.0625	-0.0691	
0.72	0.163	0.5381	0.3593	-0.0151	0.1408	-0.018	0.0909	0.0516	0.0025	-0.048	0.1452	-0.0729	0.0351	0.1114	-0.0625	-0.0691	
0.74	0.163	0.5381	0.3593	-0.0151	0.1408	-0.018	0.0909	0.0516	0.0025	-0.048	0.1452	-0.0729	0.0351	0.1114	-0.0625	-0.0691	
0.76	0.163	0.5381	0.3593	-0.0151	0.1408	-0.018	0.0909	0.0516	0.0025	-0.048	0.1452	-0.0729	0.0351	0.1114	-0.0625	-0.0691	
0.78	0.163	0.5381	0.3593	-0.0151	0.1408	-0.018	0.0909	0.0516	0.0025	-0.048	0.1452	-0.0729	0.0351	0.1114	-0.0625	-0.0691	
0.8	0.163	0.5381	0.3593	-0.0151	0.1408	-0.018	0.0909	0.0516	0.0025	-0.048	0.1452	-0.0729	0.0351	0.1114	-0.0625	-0.0691	
0.82	0.163	0.5381	0.3593	-0.0151	0.1408	-0.018	0.0909	0.0516	0.0025	-0.048	0.1452	-0.0729	0.0351	0.1114	-0.0625	-0.0691	
0.84	0.163	0.5381	0.3593	-0.0151	0.1408	-0.018	0.0909	0.0516	0.0025	-0.048	0.1452	-0.0729	0.0351	0.1114	-0.0625	-0.0691	
0.86	0.163	0.5381	0.3593	-0.0151	0.1408	-0.018	0.0909	0.0516	0.0025	-0.048	0.1452	-0.0729	0.0351	0.1114	-0.0625	-0.0691	
0.88	0.163	0.5381	0.3593	-0.0151	0.1408	-0.018	0.0909	0.0516	0.0025	-0.048	0.1452	-0.0729	0.0351	0.1114	-0.0625	-0.0691	
0.9	0.163	0.5381	0.3593	-0.0151	0.1409	-0.018	0.0909	0.0516	0.0025	-0.048	0.1452	-0.0729	0.0351	0.1114	-0.0625	-0.0691	
0.92	0.1631	0.5381	0.3593	-0.0151	0.1409	-0.018	0.0909	0.0516	0.0025	-0.048	0.1452	-0.0729	0.0351	0.1114	-0.0624	-0.0691	
0.94	0.1632	0.5381	0.3593	-0.0151	0.141	-0.018	0.0909	0.0517	0.0025	-0.048	0.1452	-0.0728	0.0351	0.1114	-0.0624	-0.0691	
0.96	0.1633	0.5381	0.3592	-0.015	0.1411	-0.0179	0.0909	0.0517	0.0025	-0.048	0.1451	-0.0728	0.0351	0.1114	-0.0624	-0.0691	
0.98	0.1634	0.538	0.3592	-0.015	0.1412	-0.0179	0.0909	0.0518	0.0026	-0.048	0.1451	-0.0727	0.0351	0.1114	-0.0623	-0.0691	
1	0.1636	0.538	0.3591	-0.015	0.1415	-0.0178	0.0909	0.052	0.0026	-0.0479	0.145	-0.0726	0.0351	0.1114	-0.0622	-0.0691	
1.02	0.1638	0.5379	0.359	-0.0149	0.1417	-0.0177	0.091	0.0522	0.0027	-0.0479	0.1448	-0.0724	0.0351	0.1114	-0.062	-0.0691	
1.04	0.164	0.5378	0.3589	-0.0148	0.1421	-0.0175	0.091	0.0524	0.0028	-0.0479	0.1446	-0.0723	0.0351	0.1115	-0.0618	-0.0691	
1.06	0.1643	0.5377	0.3587	-0.0147	0.1425	-0.0174	0.091	0.0527	0.0029	-0.0478	0.1443	-0.0721	0.0351	0.1115	-0.0616	-0.0691	
1.08	0.1647	0.5376	0.3584	-0.0145	0.1431	-0.0172	0.0911	0.053	0.003	-0.0478	0.1439	-0.0718	0.0351	0.1116	-0.0613	-0.0691	
1.1	0.1651	0.5375	0.3582	-0.0144	0.1437	-0.0169	0.0911	0.0534	0.0032	-0.0477	0.1435	-0.0715	0.0352	0.1117	-0.0609	-0.069	
1.12	0.1655	0.5373	0.3578	-0.0142	0.1443	-0.0166	0.0912	0.0539	0.0034	-0.0475	0.143	-0.0712	0.0352	0.1119	-0.0605	-0.069	
1.14	0.1661	0.5372	0.3574	-0.0139	0.1451	-0.0163	0.0913	0.0544	0.0036	-0.0474	0.1424	-0.0708	0.0353	0.1121	-0.06	-0.0689	
1.16	0.1667	0.537	0.357	-0.0136	0.1459	-0.016	0.0914	0.0549	0.0039	-0.0472	0.1417	-0.0704	0.0354	0.1123	-0.0595	-0.0688	
1.18	0.1673	0.5367	0.3565	-0.0133	0.1468	-0.0156	0.0916	0.0555	0.0042	-0.047	0.141	-0.0699	0.0355	0.1126	-0.0589	-0.0688	
1.2	0.168	0.5365	0.356	-0.013	0.1477	-0.0151	0.0917	0.0561	0.0045	-0.0467	0.1401	-0.0694	0.0357	0.1129	-0.0582	-0.0686	
1.22	0.1688	0.5362	0.3554	-0.0126	0.1488	-0.0146	0.0919	0.0568	0.0049	-0.0464	0.1392	-0.0688	0.0359	0.1133	-0.0575	-0.0685	
1.24	0.1696	0.5359	0.3548	-0.0121	0.1499	-0.0141	0.0921	0.0575	0.0053	-0.0461	0.1382	-0.0681	0.0361	0.1137	-0.0567	-0.0684	
1.26	0.1706	0.5356	0.3541	-0.0116	0.151	-0.0136	0.0923	0.0583	0.0058	-0.0457	0.1372	-0.0674	0.0364	0.1142	-0.0558	-0.0682	
1.28	0.1716	0.5352	0.3534	-0.0111	0.1523	-0.013	0.0925	0.0591	0.0063	-0.0453	0.1361	-0.0666	0.0367	0.1147	-0.0549	-0.0681	
1.3	0.1726	0.5349	0.3526	-0.0105	0.1536	-0.0123	0.0928	0.0599	0.0068	-0.0449	0.1349	-0.0658	0.037	0.1153	-0.0539	-0.0679	
1.32	0.1738	0.5344	0.3518	-0.0099	0.1549	-0.0116	0.0931	0.0608	0.0074	-0.0444	0.1336	-0.0648	0.0373	0.116	-0.0528	-0.0677	
1.34	0.175	0.534	0.351	-0.0092	0.1564	-0.0109	0.0934	0.0618	0.0081	-0.0439	0.1322	-0.0638	0.0377	0.1167	-0.0516	-0.0675	
1.36	0.1764	0.5335	0.3501	-0.0085	0.1579	-0.0101	0.0937	0.0628	0.0088	-0.0433	0.1308	-0.0628	0.0382	0.1174	-0.0504	-0.0672	
1.38	0.1778	0.533	0.3492	-0.0077	0.1594	-0.0093	0.094	0.0638	0.0096	-0.0427	0.1293	-0.0616	0.0387	0.1183	-0.0491	-0.067	
1.4	0.1793	0.5324	0.3482	-0.0068	0.161	-0.0084	0.0944	0.0648	0.0104	-0.0421	0.1277	-0.0604	0.0392	0.1192	-0.0478	-0.0667	
1.42	0.1809	0.5318	0.3472	-0.0059	0.1627	-0.0075	0.0948	0.066	0.0113	-0.0414	0.1261	-0.0591	0.0397	0.1202	-0.0463	-0.0664	
1.44	0.1826	0.5312	0.3461	-0.0049	0.1645	-0.0065	0.0952	0.0671	0.0122	-0.0407	0.1244	-0.0577	0.0403	0.1212	-0.0448	-0.0661	
1.46	0.1844	0.5305	0.3451	-0.0039	0.1663	-0.0054	0.0957	0.0683	0.0132	-0.0399	0.1226	-0.0563	0.041	0.1223	-0.0432	-0.0658	
1.48	0.1863	0.5298	0.3439	-0.0028	0.1681	-0.0044	0.0962	0.0695	0.0143	-0.039	0.1208	-0.0547	0.0416	0.1235	-0.0415	-0.0654	
1.5	0.1884	0.529	0.3428	-0.0016	0.17	-0.0032	0.0967	0.0708	0.0154	-0.0381	0.1189	-0.0531	0.0424	0.1248	-0.0397	-0.0651	
1.52	0.1905	0.5282	0.3416	-0.0003	0.172	-0.002	0.0972	0.0721	0.0166	-0.0372	0.1169	-0.0513	0.0431	0.1261	-0.0379	-0.0647	
1.54	0.1927	0.5274	0.3404	0.001	0.174	-0.0008	0.0978	0.0734	0.0179	-0.0362	0.1148	-0.0495	0.0439	0.1276	-0.036	-0.0642	
1.56	0.195	0.5265	0.3391	0.0023	0.1761	0.0005	0.0984	0.0748	0.0192	-0.0352	0.1127	-0.0475	0.0448	0.1291	-0.0339	-0.0638	
1.58	0.1975	0.5255	0.3378	0.0038	0.1782	0.0019	0.099	0.0762	0.0206	-0.034	0.1105	-0.0455	0.0457	0.1307	-0.0318	-0.0633	
1.6	0.2	0.5245	0.3365	0.0054	0.1804	0.0033	0.0997	0.0776	0.0221	-0.0329	0.1083	-0.0434	0.0467	0.1324	-0.0297	-0.0629	
1.62	0.2027	0.5235	0.3351	0.007	0.1827	0.0048	0.1004	0.0791	0.0236	-0.0317	0.1059	-0.0412	0.0477	0.1342	-0.0274	-0.0624	
1.64	0.2056	0.5224	0.3338	0.0087	0.1849	0.0063	0.1011	0.0806	0.0253	-0.0304	0.1036	-0.0389	0.0487	0.1361	-0.025	-0.0618	
1.66	0.2087	0.5212	0.3323	0.0105	0.1873	0.0079	0.1018	0.0822	0.027	-0.0291	0.1011	-0.0364	0.0498	0.1381	-0.0226	-0.0613	
1.68	0.2118	0.5201	0.3309	0.0123	0.1897	0.0096	0.1026	0.0838	0.0288	-0.0277	0.0986	-0.0338	0.051	0.1401	-0.02	-0.0607	
1.7	0.2149	0.5189	0.3294	0.0142	0.1921	0.0113	0.1034	0.0854	0.0307	-0.0262	0.096	-0.0309	0.0522	0.1423	-0.0174	-0.0601	
1.72	0.218	0.5176	0.3279	0.0162	0.1946	0.0131	0.1043	0.087	0.0326	-0.0247	0.0934	-0.028	0.0534	0.1446	-0.0147	-0.0595	
1.74	0.2212	0.516	0.3264	0.0184	0.1971	0.0149	0.1052	0.0887	0.0346	-0.0231	0.0906	-0.0251	0.0547	0.147	-0.0118	-0.0588	
1.76	0.2251	0.5141	0.3248	0.0207	0.1996	0.0168	0.1061	0.0904	0.0367	-0.0215	0.0879	-0.0224	0.0561	0.1495	-0.0089	-0.0581	
1.78	0.2307	0.5114	0.3233	0.0231	0.2022	0.0188	0.1071	0.0921	0.0389	-0.0198	0.085	-0.0196	0.0575	0.1521	-0.0059	-0.0574	
1.8	0.2393	0.5073	0.3217	0.0255	0.2049	0.0209	0.1081	0.0939	0.0413	-0.018	0.0822	-0.0164	0.059	0.1548	-0.0028	-0.0567	
1.82	0.252	0.5009	0.32	0.0278	0.2076	0.023	0.1091	0.0957	0.0439	-0.0162	0.0792	-0.012	0.0605	0.1576	0.0005	-0.0559	
1.84	0.2697	0.4907	0.3184	0.03	0.2103	0.0252	0.1102	0.0975	0.0465	-0.0143	0.0762	-0.0056	0.0621	0.1605	0.0038	-0.0551	
1.86	0.2929	0.4754	0.3167	0.0326	0.2131	0.0273	0.1114	0.0994	0.049	-0.0123	0.0731	0.0033	0.0637	0.1636	0.0072	-0.0543	
1.88	0.3215	0.4539	0.315	0.036	0.2159	0.0295	0.1126	0.1012	0.0514	-0.0103	0.0699	0.0149	0.0654	0.1668	0.0106	-0.0535	
1.9	0.355	0.4261	0.3133	0.041	0.2187	0.0319	0.1138	0.1031	0.0539	-0.0081	0.0667	0.029	0.0672	0.1703	0.0141	-0.0526	
1.92	0.393	0.3927	0.3116	0.0482	0.2216	0.0348	0.1151	0.1051	0.057	-0.0058	0.0635	0.0454	0.069	0.1738	0.018	-0.0517	
1.94	0.4353	0.3547	0.3098	0.0579	0.2245	0.0385	0.1163	0.107	0.0617	-0.0035	0.0603	0.0639	0.0709	0.1774	0.0224	-0.0508	
1.96	0.4814	0.3135	0.308	0.07	0.2275	0.0434	0.1175	0.109	0.0692	-0.0012	0.0569	0.0849	0.0729	0.1807	0.0277	-0.0498	
1.98	0.5307	0.2703	0.306	0.0842	0.2305	0.0496	0.1188	0.111	0.0807	0.001	0.0532	0.1084	0.0749	0.184	0.0344	-0.0488	
2	0.5825	0.2263	0.3038	0.0998	0.2335	0.0572	0.1203	0.113	0.097	0.0034	0.0491	0.1342	0.077	0.1878	0.0428	-0.0478	
2.02	0.6356	0.1831	0.3014	0.1162	0.2366	0.0662	0.1224	0.1151	0.1184	0.0061	0.0444	0.1614	0.0791	0.1928	0.0531	-0.0467	
2.04	0.6894	0.1423	0.2986	0.1327	0.2397	0.0766	0.1251	0.1172	0.1448	0.0096	0.0388	0.1892	0.0813	0.2	0.0656	-0.0457	
2.06	0.7434	0.1052	0.2956	0.1485	0.2429	0.0887	0.1287	0.1192	0.1755	0.0143	0.0323	0.2166	0.0837	0.2097	0.0804	-0.0446	
2.08	0.7978	0.0727	0.2921	0.1625	0.2463	0.1029	0.1333	0.1213	0.2097	0.0207	0.0249	0.2432	0.086	0.2224	0.0974	-0.0434	
2.1	0.8524	0.0446	0.2884	0.1743	0.25	0.1199	0.1389	0.1235	0.2461	0.0289	0.0164	0.269	0.0884	0.2377	0.1164	-0.042	
2.12	0.9068	0.0206	0.2843	0.1834	0.2539	0.1398	0.1454	0.1257	0.2831	0.039	0.0072	0.294	0.0908	0.2558	0.1369	-0.0402	
2.14	0.9603	-0.0002	0.2799	0.1901	0.2581	0.1625	0.1533	0.128	0.3193	0.0509	-0.0026	0.3186	0.0933	0.2768	0.1583	-0.0379	
2.16	1.0115	-0.0181	0.2755	0.1949	0.2626	0.1875	0.1627	0.1303	0.3536	0.0645	-0.0126	0.3427	0.0959	0.3012	0.1802	-0.0349	
2.18	1.0595	-0.0333	0.271	0.1984	0.2675	0.2142	0.1739	0.1328	0.3855	0.0795	-0.0223	0.3667	0.0991	0.3292	0.2019	-0.0311	
2.2	1.1038	-0.046	0.2666	0.2011	0.2729	0.2425	0.187	0.1355	0.4153	0.0957	-0.0312	0.3909	0.1033	0.3608	0.223	-0.0263	
2.22	1.1445	-0.0562	0.2625	0.2037	0.2788	0.2725	0.202	0.1383	0.4437	0.1126	-0.0387	0.4161	0.1088	0.395	0.2433	-0.0206	
2.24	1.1821	-0.0644	0.2587	0.2063	0.2855	0.3048	0.2186	0.1413	0.4719	0.1298	-0.0444	0.4431	0.1159	0.4313	0.263	-0.0139	
2.26	1.2169	-0.071	0.2555	0.2091	0.2933	0.3398	0.2367	0.1445	0.5008	0.1469	-0.0476	0.4723	0.1249	0.4691	0.2826	-0.0064	
2.28	1.2489	-0.0763	0.2527	0.2123	0.3024	0.3775	0.2563	0.148	0.5311	0.1636	-0.048	0.5037	0.1357	0.5082	0.3028	0.0017	
2.3	1.278	-0.0809	0.2507	0.2158	0.3129	0.4174	0.2773	0.1517	0.5626	0.1799	-0.0454	0.5365	0.1485	0.5481	0.3244	0.0101	
2.32	1.3042	-0.0849	0.2493	0.2196	0.3248	0.4586	0.2999	0.1556	0.5951	0.1957	-0.0397	0.5695	0.163	0.588	0.3475	0.0185	
2.34	1.3277	-0.0885	0.2486	0.2239	0.3379	0.5	0.3238	0.1598	0.6276	0.2111	-0.0313	0.6016	0.179	0.626	0.372	0.0268	
2.36	1.3489	-0.0918	0.2487	0.2286	0.352	0.5408	0.3489	0.1643	0.6593	0.2263	-0.021	0.6316	0.1962	0.6605	0.3973	0.0347	
2.38	1.3683	-0.0949	0.2494	0.234	0.367	0.5803	0.3749	0.1689	0.6892	0.2411	-0.0097	0.6588	0.2142	0.6899	0.4228	0.0423	
2.4	1.3861	-0.0978	0.2508	0.2409	0.3827	0.6175	0.4015	0.1739	0.7166	0.2555	0.0018	0.6826	0.2324	0.7138	0.4477	0.0493	
2.42	1.4026	-0.1007	0.2529	0.2503	0.3986	0.6517	0.4286	0.1791	0.741	0.2695	0.0126	0.7029	0.2505	0.7322	0.4716	0.0558	
2.44	1.4179	-0.1036	0.2556	0.2635	0.4145	0.6819	0.456	0.1847	0.7623	0.2829	0.0221	0.72	0.2682	0.7456	0.4941	0.0618	
2.46	1.4323	-0.1067	0.2589	0.2817	0.4297	0.7078	0.4835	0.1905	0.7807	0.2958	0.0301	0.7344	0.2853	0.7547	0.5145	0.0676	
2.48	1.4461	-0.1101	0.2628	0.3057	0.4439	0.7296	0.5106	0.1967	0.797	0.3081	0.0361	0.7468	0.3018	0.76	0.5325	0.0738	
2.5	1.4597	-0.1139	0.2674	0.3356	0.457	0.7485	0.5369	0.2034	0.8116	0.3201	0.0402	0.7582	0.3179	0.7623	0.5479	0.081	
2.52	1.473	-0.1181	0.2723	0.3707	0.4694	0.7657	0.5619	0.2108	0.825	0.3319	0.0425	0.7691	0.3338	0.7628	0.5612	0.09	
2.54	1.486	-0.1228	0.2774	0.4097	0.4817	0.7821	0.5856	0.2191	0.8375	0.3438	0.0433	0.7803	0.3496	0.7623	0.573	0.1013	
2.56	1.4982	-0.1277	0.2824	0.4512	0.4947	0.7979	0.6079	0.2289	0.8489	0.3561	0.0433	0.792	0.3655	0.7618	0.5845	0.115	
2.58	1.5093	-0.1327	0.2872	0.4933	0.5087	0.8131	0.6289	0.2402	0.8592	0.3689	0.0431	0.8042	0.3817	0.7616	0.5964	0.1311	
2.6	1.5189	-0.1377	0.2914	0.5342	0.5239	0.8272	0.649	0.2528	0.8682	0.3819	0.0428	0.817	0.3979	0.7616	0.6095	0.1489	
2.62	1.5271	-0.1423	0.295	0.5719	0.5398	0.8397	0.6684	0.2661	0.8758	0.3948	0.0428	0.83	0.4137	0.7618	0.624	0.1678	
2.64	1.5336	-0.1464	0.298	0.6048	0.5555	0.8504	0.6874	0.2794	0.8818	0.4071	0.0428	0.8431	0.4285	0.7619	0.6403	0.1865	
2.66	1.5385	-0.1498	0.3003	0.6317	0.5707	0.8588	0.7063	0.2922	0.8861	0.4184	0.0429	0.8561	0.442	0.762	0.6583	0.2042	
2.68	1.5415	-0.153	0.3016	0.6535	0.5887	0.8644	0.7254	0.3068	0.8887	0.4308	0.043	0.8696	0.4564	0.7619	0.6768	0.2235	
2.7	1.5445	-0.1562	0.303	0.6753	0.6067	0.8701	0.7445	0.3214	0.8912	0.4433	0.043	0.883	0.4708	0.7618	0.6953	0.2428	
2.72	1.5475	-0.1594	0.3043	0.6972	0.6246	0.8758	0.7636	0.336	0.8937	0.4557	0.043	0.8965	0.4851	0.7618	0.7137	0.262	
2.74	1.5504	-0.1626	0.3057	0.719	0.6426	0.8814	0.7827	0.3506	0.8963	0.4681	0.043	0.91	0.4995	0.7617	0.7322	0.2813	
