0	0.2707	0.5033	0.1609	-0.2332	0.2076	-0.009	-0.0115	0.3239	0.1389	-0.1011	0.3483	-0.0807	0.2123	0.5012	-0.2883	0.0906	
0.02	0.3684	0.4696	0.1249	-0.2648	0.2116	-0.009	-0.0115	0.3249	0.1389	-0.1011	0.3445	-0.0807	0.2023	0.4914	-0.2883	0.0851	
0.04	0.4662	0.436	0.0888	-0.2963	0.2155	-0.009	-0.0115	0.3259	0.1389	-0.1011	0.3407	-0.0807	0.1923	0.4817	-0.2883	0.0797	
0.06	0.5639	0.4023	0.0528	-0.3279	0.2195	-0.009	-0.0115	0.3269	0.1389	-0.1011	0.3369	-0.0807	0.1823	0.472	-0.2883	0.0743	
0.08	0.6616	0.3687	0.0167	-0.3595	0.2234	-0.009	-0.0115	0.3279	0.1389	-0.1011	0.3331	-0.0807	0.1723	0.4622	-0.2883	0.0689	
0.1	0.7548	0.3384	-0.0151	-0.3871	0.2258	-0.009	-0.0115	0.3266	0.1389	-0.101	0.3286	-0.0807	0.1627	0.4554	-0.2883	0.0631	
0.12	0.8473	0.3128	-0.0407	-0.4129	0.2241	-0.009	-0.0115	0.3227	0.1389	-0.1005	0.323	-0.0807	0.1524	0.4487	-0.2883	0.0564	
0.14	0.9371	0.292	-0.0601	-0.4349	0.2191	-0.009	-0.0115	0.3163	0.1389	-0.0996	0.3166	-0.0807	0.142	0.4427	-0.2883	0.0487	
0.16	1.0217	0.2756	-0.0732	-0.4509	0.2122	-0.009	-0.0115	0.3077	0.1389	-0.098	0.3098	-0.0807	0.1322	0.4379	-0.2883	0.0405	
0.18	1.0992	0.263	-0.081	-0.4597	0.2049	-0.009	-0.0115	0.2979	0.1387	-0.0954	0.3031	-0.0807	0.1234	0.4347	-0.2883	0.0319	
0.2	1.1689	0.2535	-0.0847	-0.4608	0.1985	-0.009	-0.0115	0.2881	0.1384	-0.0918	0.297	-0.0807	0.1162	0.4332	-0.2883	0.0231	
0.22	1.2308	0.2462	-0.0854	-0.4551	0.1942	-0.009	-0.0115	0.2798	0.1379	-0.087	0.2922	-0.0807	0.1111	0.4329	-0.2883	0.0143	
0.24	1.2851	0.2405	-0.0835	-0.4434	0.1931	-0.009	-0.0115	0.2745	0.1372	-0.0811	0.289	-0.0807	0.108	0.4333	-0.2883	0.0055	
0.26	1.3317	0.236	-0.0785	-0.4269	0.1962	-0.009	-0.0115	0.2731	0.1361	-0.0746	0.2878	-0.0807	0.1068	0.4337	-0.2883	-0.0033	
0.28	1.37	0.2324	-0.0691	-0.4068	0.2045	-0.009	-0.0115	0.2758	0.1346	-0.0677	0.2889	-0.0807	0.1067	0.4339	-0.2881	-0.012	
0.3	1.4	0.2297	-0.0539	-0.3843	0.219	-0.009	-0.0115	0.2827	0.1327	-0.0609	0.2922	-0.0807	0.1071	0.4338	-0.2876	-0.0207	
0.32	1.4225	0.2279	-0.032	-0.3608	0.2401	-0.009	-0.0115	0.2933	0.1303	-0.0547	0.2976	-0.0807	0.1075	0.4337	-0.2869	-0.029	
0.34	1.4387	0.2273	-0.0037	-0.3379	0.2673	-0.009	-0.0115	0.307	0.1274	-0.0492	0.3048	-0.0807	0.1076	0.4336	-0.2857	-0.0367	
0.36	1.4498	0.2277	0.0298	-0.3167	0.2998	-0.009	-0.0115	0.3232	0.124	-0.0448	0.3136	-0.0807	0.1075	0.4335	-0.284	-0.0437	
0.38	1.457	0.2292	0.067	-0.2981	0.3361	-0.009	-0.0115	0.3412	0.1202	-0.0414	0.3236	-0.0807	0.1074	0.4336	-0.2817	-0.0497	
0.4	1.4611	0.2314	0.1066	-0.2824	0.3747	-0.009	-0.0115	0.36	0.1162	-0.0392	0.3345	-0.0807	0.1073	0.4336	-0.2788	-0.0547	
0.42	1.463	0.2342	0.1473	-0.2694	0.414	-0.009	-0.0115	0.3788	0.1118	-0.038	0.3464	-0.0807	0.1073	0.4336	-0.2752	-0.0587	
0.44	1.4633	0.2372	0.1879	-0.2588	0.4525	-0.009	-0.0115	0.3967	0.1069	-0.0376	0.3594	-0.0807	0.1073	0.4336	-0.2709	-0.0616	
0.46	1.463	0.2401	0.2269	-0.2504	0.4889	-0.009	-0.0115	0.4131	0.1012	-0.0375	0.3737	-0.0807	0.1073	0.4336	-0.2661	-0.0635	
0.48	1.4626	0.2428	0.2624	-0.2445	0.5218	-0.009	-0.0115	0.4279	0.0946	-0.0377	0.3895	-0.0807	0.1074	0.4336	-0.2606	-0.0645	
0.5	1.4624	0.2451	0.2933	-0.2408	0.5504	-0.009	-0.0115	0.4416	0.0869	-0.0378	0.4069	-0.0807	0.1074	0.4336	-0.2545	-0.0649	
0.52	1.4625	0.2469	0.3188	-0.2391	0.5746	-0.009	-0.0115	0.4551	0.0782	-0.0378	0.4255	-0.0807	0.1073	0.4336	-0.2479	-0.0649	
0.54	1.4626	0.2482	0.3393	-0.2388	0.5948	-0.009	-0.0115	0.4695	0.0688	-0.0378	0.4447	-0.0807	0.1073	0.4336	-0.2407	-0.0648	
0.56	1.4627	0.2489	0.3556	-0.2391	0.6122	-0.009	-0.0115	0.4853	0.0592	-0.0378	0.4639	-0.0807	0.1073	0.4336	-0.2332	-0.0647	
0.58	1.4627	0.2492	0.3687	-0.2395	0.628	-0.009	-0.0115	0.5028	0.0499	-0.0377	0.4821	-0.0807	0.1073	0.4336	-0.2255	-0.0646	
0.6	1.4627	0.2493	0.3793	-0.2397	0.6432	-0.009	-0.0115	0.5216	0.0412	-0.0377	0.4987	-0.0807	0.1073	0.4336	-0.2179	-0.0647	
0.62	1.4627	0.2492	0.3874	-0.2397	0.6584	-0.009	-0.0115	0.5415	0.0337	-0.0377	0.5129	-0.0807	0.1073	0.4336	-0.2105	-0.0647	
0.64	1.4627	0.2491	0.3933	-0.2396	0.6736	-0.009	-0.0115	0.5639	0.026	-0.0378	0.5265	-0.0807	0.1073	0.4336	-0.2028	-0.0647	
0.66	1.4627	0.2491	0.3992	-0.2394	0.6888	-0.009	-0.0115	0.5864	0.0183	-0.0378	0.5401	-0.0807	0.1073	0.4336	-0.1951	-0.0647	
0.68	1.4626	0.2491	0.405	-0.2393	0.7041	-0.009	-0.0115	0.6088	0.0107	-0.0378	0.5537	-0.0807	0.1073	0.4336	-0.1873	-0.0647	
0.7	1.4626	0.249	0.4109	-0.2392	0.7193	-0.009	-0.0115	0.6313	0.003	-0.0378	0.5673	-0.0807	0.1073	0.4336	-0.1796	-0.0647	
