0	0.5376	0.3456	0.1656	0.4353	0.0592	-0.098	0.1182	0.1216	0.0565	-0.0518	0.0063	0.1194	-0.1049	-0.0009	-0.1432	-0.0808	
0.02	0.586	0.3181	0.1485	0.4236	0.0718	-0.066	0.1182	0.1164	0.0565	-0.0518	-0.0004	0.1224	-0.1049	-0.0138	-0.1432	-0.0808	
0.04	0.6345	0.2905	0.1314	0.4119	0.0844	-0.034	0.1182	0.1112	0.0565	-0.0518	-0.0071	0.1254	-0.1049	-0.0267	-0.1432	-0.0808	
0.06	0.683	0.2629	0.1143	0.4001	0.097	-0.002	0.1182	0.106	0.0565	-0.0518	-0.0138	0.1284	-0.1049	-0.0396	-0.1432	-0.0808	
0.08	0.7315	0.2353	0.0972	0.3884	0.1096	0.03	0.1182	0.1007	0.0565	-0.0518	-0.0206	0.1314	-0.1049	-0.0525	-0.1432	-0.0808	
0.1	0.7774	0.2098	0.0819	0.3771	0.1217	0.0616	0.1182	0.0964	0.0565	-0.0518	-0.027	0.1356	-0.1049	-0.0652	-0.1432	-0.0808	
0.12	0.8239	0.1891	0.0684	0.3668	0.1353	0.0967	0.1182	0.0935	0.0565	-0.0518	-0.0328	0.1407	-0.1049	-0.077	-0.1432	-0.0808	
0.14	0.8701	0.1729	0.0572	0.3575	0.1502	0.1353	0.1182	0.0921	0.0566	-0.0518	-0.0381	0.1465	-0.1049	-0.088	-0.1432	-0.0808	
0.16	0.9144	0.1603	0.0482	0.3491	0.166	0.1764	0.1182	0.0921	0.0569	-0.0518	-0.0427	0.1525	-0.1049	-0.0985	-0.1432	-0.0808	
0.18	0.9559	0.1505	0.0413	0.3415	0.1827	0.219	0.1182	0.0933	0.0575	-0.0518	-0.0467	0.1584	-0.1049	-0.1085	-0.1432	-0.0808	
0.2	0.9942	0.1425	0.0364	0.3347	0.2002	0.2624	0.1182	0.0958	0.0584	-0.0518	-0.0501	0.1639	-0.1049	-0.1178	-0.1432	-0.0808	
0.22	1.0298	0.1354	0.0333	0.3289	0.2187	0.3065	0.1182	0.0992	0.0598	-0.0518	-0.0529	0.1686	-0.1049	-0.1264	-0.1432	-0.0808	
0.24	1.0634	0.1291	0.0317	0.3242	0.2386	0.3514	0.1183	0.1038	0.0619	-0.0518	-0.0551	0.1724	-0.1049	-0.134	-0.1432	-0.0808	
0.26	1.0958	0.1232	0.0311	0.3211	0.2605	0.3971	0.1184	0.1098	0.0647	-0.0518	-0.0567	0.175	-0.1049	-0.1406	-0.1432	-0.0808	
0.28	1.1272	0.1181	0.0311	0.3195	0.2849	0.4433	0.1187	0.1176	0.0683	-0.0518	-0.0577	0.1765	-0.1049	-0.1461	-0.1432	-0.0808	
0.3	1.1577	0.1139	0.0313	0.3194	0.312	0.4898	0.119	0.1275	0.0726	-0.0518	-0.0581	0.1771	-0.1049	-0.1503	-0.1432	-0.0808	
0.32	1.1874	0.1106	0.0315	0.3209	0.3417	0.536	0.1196	0.1399	0.0776	-0.0518	-0.0578	0.1771	-0.1049	-0.1531	-0.1432	-0.0808	
0.34	1.2164	0.1081	0.0315	0.3239	0.3737	0.5818	0.1203	0.1547	0.0829	-0.0518	-0.0571	0.1769	-0.1049	-0.1547	-0.1432	-0.0808	
0.36	1.2449	0.1064	0.0315	0.3289	0.4072	0.6265	0.1213	0.1717	0.0883	-0.0518	-0.0557	0.1767	-0.1049	-0.1554	-0.1432	-0.0808	
0.38	1.2732	0.1054	0.0314	0.337	0.4412	0.67	0.1224	0.1905	0.0934	-0.0518	-0.0538	0.1767	-0.1049	-0.1554	-0.1432	-0.0808	
0.4	1.301	0.1049	0.0314	0.3499	0.4747	0.712	0.1238	0.2106	0.0979	-0.0518	-0.0514	0.1767	-0.1049	-0.1552	-0.1432	-0.0808	
0.42	1.328	0.1047	0.0314	0.3691	0.5067	0.7532	0.1253	0.2314	0.1018	-0.0518	-0.0483	0.1768	-0.1049	-0.155	-0.1432	-0.0808	
0.44	1.3534	0.1047	0.0314	0.3952	0.536	0.7942	0.1271	0.2522	0.1049	-0.0518	-0.0446	0.1769	-0.1049	-0.155	-0.1432	-0.0808	
0.46	1.3766	0.1047	0.0314	0.428	0.5616	0.8351	0.129	0.2727	0.1073	-0.0518	-0.0403	0.1769	-0.1049	-0.155	-0.1432	-0.0808	
0.48	1.3968	0.1048	0.0314	0.4661	0.5829	0.8755	0.1311	0.2922	0.1088	-0.0518	-0.0355	0.1768	-0.1049	-0.1551	-0.1432	-0.0808	
0.5	1.4139	0.1048	0.0314	0.5076	0.5998	0.9142	0.1333	0.3103	0.1096	-0.0518	-0.0304	0.1768	-0.1049	-0.1551	-0.1432	-0.0808	
0.52	1.4279	0.1048	0.0314	0.5506	0.6126	0.9498	0.1355	0.3267	0.11	-0.0518	-0.0253	0.1768	-0.1049	-0.1551	-0.1432	-0.0808	
0.54	1.4391	0.1048	0.0314	0.5931	0.6217	0.9818	0.1375	0.3412	0.11	-0.0518	-0.0206	0.1768	-0.1049	-0.1551	-0.1432	-0.0808	
0.56	1.4475	0.1047	0.0314	0.6332	0.6276	1.0101	0.1394	0.3541	0.1099	-0.0518	-0.0164	0.1768	-0.1049	-0.1551	-0.1432	-0.0808	
0.58	1.4537	0.1048	0.0314	0.6748	0.63	1.0412	0.1414	0.3667	0.1098	-0.0518	-0.0119	0.1768	-0.1049	-0.1551	-0.1432	-0.0808	
0.6	1.4598	0.1048	0.0314	0.7165	0.6324	1.0722	0.1434	0.3793	0.1098	-0.0518	-0.0073	0.1768	-0.1049	-0.1551	-0.1432	-0.0808	
0.62	1.466	0.1048	0.0314	0.7581	0.6348	1.1033	0.1454	0.3919	0.1098	-0.0518	-0.0028	0.1768	-0.1049	-0.1551	-0.1432	-0.0808	
0.64	1.4721	0.1048	0.0314	0.7998	0.6373	1.1343	0.1474	0.4045	0.1097	-0.0518	0.0017	0.1768	-0.1049	-0.1551	-0.1432	-0.0808	
