0	0.2856	0.3836	-0.1747	0.305	0.2956	-0.257	0.181	0.2605	-0.1675	0.1077	0.3256	-0.3354	0.1073	0.3	-0.1208	0.2212	
0.02	0.3007	0.3764	-0.1637	0.305	0.294	-0.2496	0.181	0.2648	-0.1218	0.1079	0.3255	-0.2826	0.1025	0.3004	-0.0899	0.2232	
0.04	0.3157	0.3692	-0.1527	0.3049	0.2924	-0.2423	0.181	0.2691	-0.076	0.1081	0.3253	-0.2299	0.0976	0.3007	-0.059	0.2252	
0.06	0.3308	0.362	-0.1417	0.3049	0.2908	-0.2349	0.181	0.2734	-0.0303	0.1082	0.3252	-0.1771	0.0928	0.3011	-0.0281	0.2273	
0.08	0.3458	0.3548	-0.1307	0.3048	0.2892	-0.2275	0.181	0.2776	0.0155	0.1084	0.3251	-0.1244	0.088	0.3015	0.0028	0.2293	
0.1	0.3624	0.3478	-0.1207	0.3048	0.2863	-0.2205	0.181	0.283	0.0627	0.1089	0.3257	-0.0692	0.0827	0.3029	0.0358	0.2316	
0.12	0.3815	0.3419	-0.1099	0.305	0.2823	-0.2142	0.181	0.2902	0.1163	0.1098	0.3272	-0.007	0.0766	0.3056	0.0748	0.2345	
0.14	0.4028	0.3371	-0.0985	0.3055	0.2771	-0.2085	0.181	0.2994	0.174	0.1111	0.3297	0.0605	0.0702	0.3098	0.119	0.2379	
0.16	0.4258	0.333	-0.0871	0.3064	0.271	-0.2035	0.181	0.3107	0.2336	0.1129	0.3332	0.1314	0.0641	0.3154	0.1677	0.2418	
0.18	0.4506	0.3294	-0.0759	0.3079	0.2643	-0.1991	0.181	0.3244	0.2933	0.1156	0.3376	0.204	0.0589	0.3226	0.2203	0.2461	
0.2	0.4779	0.326	-0.065	0.31	0.2573	-0.1955	0.1812	0.3405	0.3525	0.1193	0.3433	0.2771	0.0553	0.3316	0.2767	0.2507	
0.22	0.5093	0.3227	-0.0541	0.3128	0.2508	-0.1924	0.1814	0.3595	0.411	0.1245	0.3516	0.3501	0.0535	0.3437	0.3364	0.2555	
0.24	0.5457	0.3194	-0.0424	0.3163	0.2457	-0.1901	0.1818	0.3824	0.4692	0.1314	0.3655	0.4225	0.0538	0.3615	0.399	0.2602	
0.26	0.5879	0.3162	-0.0289	0.3206	0.2431	-0.1884	0.1825	0.4103	0.5271	0.1405	0.3886	0.4938	0.0561	0.3884	0.4633	0.2647	
0.28	0.6354	0.3131	-0.0132	0.3253	0.2439	-0.1874	0.1834	0.4445	0.5852	0.152	0.4245	0.5636	0.0599	0.4288	0.5282	0.2688	
0.3	0.6874	0.3101	0.0052	0.3303	0.2491	-0.1871	0.1846	0.4854	0.6441	0.1661	0.4759	0.6315	0.0646	0.4857	0.5924	0.2722	
0.32	0.7422	0.3073	0.0259	0.3346	0.259	-0.1875	0.1861	0.5322	0.7049	0.1828	0.5428	0.6977	0.0694	0.5605	0.6551	0.2748	
0.34	0.7983	0.3048	0.0486	0.3376	0.2734	-0.1885	0.188	0.5826	0.7683	0.2018	0.6235	0.7624	0.0734	0.6517	0.7155	0.2763	
0.36	0.854	0.3026	0.0725	0.3384	0.2917	-0.1901	0.1902	0.634	0.8342	0.2228	0.7145	0.8255	0.0762	0.7558	0.7727	0.2768	
0.38	0.9077	0.3009	0.0969	0.3361	0.3131	-0.1924	0.1927	0.6838	0.9011	0.2453	0.8117	0.8864	0.0773	0.8681	0.8261	0.2758	
0.4	0.9578	0.2997	0.1209	0.3302	0.3364	-0.1954	0.1955	0.7303	0.9668	0.2686	0.911	0.9441	0.0763	0.9839	0.875	0.2729	
0.42	1.0028	0.2994	0.1438	0.3202	0.3604	-0.1991	0.1983	0.7722	1.0295	0.2922	1.0083	0.9975	0.073	1.0984	0.9193	0.2672	
0.44	1.0423	0.2998	0.1647	0.3057	0.3839	-0.2035	0.2011	0.8086	1.0884	0.315	1.0998	1.0464	0.0673	1.2073	0.9595	0.2574	
0.46	1.0763	0.3012	0.1832	0.2864	0.4054	-0.2086	0.2036	0.8385	1.1432	0.336	1.1821	1.091	0.0591	1.3059	0.9966	0.2418	
0.48	1.106	0.3035	0.1993	0.2623	0.424	-0.2143	0.2059	0.8614	1.194	0.3544	1.2527	1.1318	0.0487	1.3905	1.0314	0.2197	
0.5	1.1332	0.3063	0.2134	0.2344	0.4389	-0.2203	0.2078	0.8773	1.2405	0.3697	1.3105	1.1695	0.0364	1.4593	1.0645	0.1909	
0.52	1.1594	0.3096	0.2262	0.2043	0.4501	-0.2262	0.2093	0.8877	1.2816	0.382	1.3564	1.2038	0.023	1.5125	1.096	0.1571	
0.54	1.1853	0.313	0.2383	0.1741	0.458	-0.2318	0.2104	0.8945	1.3167	0.3914	1.3925	1.2345	0.0095	1.5527	1.1256	0.1205	
0.56	1.2106	0.3163	0.2499	0.1457	0.4631	-0.2369	0.2111	0.8996	1.3452	0.3983	1.4216	1.2613	-0.0034	1.5832	1.1531	0.0838	
0.58	1.2346	0.3193	0.2611	0.1204	0.4662	-0.2412	0.2115	0.9042	1.3675	0.4028	1.4458	1.2846	-0.0152	1.607	1.1781	0.0492	
0.6	1.2561	0.3219	0.2715	0.0989	0.4677	-0.2447	0.2116	0.9084	1.3844	0.4053	1.4661	1.3049	-0.0255	1.626	1.2005	0.0182	
0.62	1.2744	0.3238	0.2811	0.0815	0.4683	-0.2474	0.2116	0.9119	1.3968	0.4063	1.4825	1.3229	-0.034	1.6408	1.2201	-0.0079	
0.64	1.2894	0.3252	0.2896	0.0683	0.4683	-0.2491	0.2116	0.9141	1.4053	0.4064	1.4947	1.3391	-0.0405	1.6516	1.237	-0.0281	
0.66	1.3011	0.3259	0.2967	0.0595	0.4682	-0.2501	0.2116	0.9152	1.4107	0.4061	1.5026	1.3536	-0.0449	1.6586	1.2514	-0.0416	
0.68	1.3097	0.3262	0.3023	0.0546	0.468	-0.2505	0.2115	0.9152	1.4135	0.4059	1.5065	1.3665	-0.0474	1.6622	1.2635	-0.0486	
0.7	1.3155	0.3262	0.3061	0.0528	0.468	-0.2505	0.2116	0.9149	1.4144	0.4058	1.5077	1.3777	-0.0483	1.6635	1.2736	-0.0503	
0.72	1.3187	0.3261	0.3084	0.0528	0.468	-0.2504	0.2116	0.9146	1.4144	0.4058	1.5075	1.3871	-0.0483	1.6635	1.2816	-0.0486	
0.74	1.32	0.326	0.3092	0.0535	0.4681	-0.2503	0.2116	0.9144	1.4141	0.4059	1.5068	1.3948	-0.048	1.663	1.2875	-0.046	
0.76	1.3201	0.326	0.3093	0.054	0.4681	-0.2503	0.2116	0.9145	1.4138	0.406	1.5065	1.4005	-0.0478	1.6627	1.2915	-0.044	
0.78	1.3198	0.3261	0.309	0.0541	0.4681	-0.2503	0.2116	0.9146	1.4137	0.406	1.5064	1.4044	-0.0477	1.6626	1.2936	-0.0432	
0.8	1.3194	0.3261	0.3088	0.054	0.4681	-0.2503	0.2116	0.9147	1.4138	0.406	1.5066	1.4065	-0.0478	1.6628	1.2944	-0.0434	
0.82	1.3193	0.3261	0.3087	0.0538	0.4681	-0.2504	0.2116	0.9147	1.4139	0.406	1.5068	1.4074	-0.0479	1.6629	1.2943	-0.044	
0.84	1.3194	0.3261	0.3088	0.0536	0.4681	-0.2504	0.2116	0.9147	1.414	0.4059	1.5069	1.4074	-0.0479	1.663	1.2941	-0.0444	
0.86	1.3195	0.3261	0.3089	0.0536	0.4681	-0.2503	0.2116	0.9147	1.414	0.4059	1.5069	1.4071	-0.0479	1.663	1.2938	-0.0445	
0.88	1.3196	0.3261	0.3089	0.0537	0.4681	-0.2503	0.2116	0.9146	1.414	0.406	1.5068	1.4069	-0.0479	1.6629	1.2938	-0.0444	
0.9	1.3196	0.3261	0.3089	0.0537	0.4681	-0.2503	0.2116	0.9147	1.4139	0.406	1.5068	1.4069	-0.0479	1.6629	1.2939	-0.0443	
0.92	1.3195	0.3261	0.3089	0.0538	0.4681	-0.2503	0.2116	0.9147	1.4139	0.406	1.5068	1.407	-0.0479	1.6629	1.294	-0.0441	
0.94	1.3195	0.3261	0.3088	0.0538	0.4681	-0.2503	0.2116	0.9147	1.4139	0.406	1.5067	1.4071	-0.0478	1.6629	1.2941	-0.044	
0.96	1.3195	0.3261	0.3088	0.0539	0.4681	-0.2503	0.2116	0.9147	1.4139	0.406	1.5067	1.4071	-0.0478	1.6628	1.2942	-0.0439	
