0	0.7805	0.334	0.1934	0.1223	0.3566	0.0137	0.1009	0.2087	0.0364	-0.0163	0.0693	0.1469	0.0661	0.0821	0.0914	0.0606	
0.02	0.7877	0.3246	0.1757	0.0976	0.3506	0.0236	0.1034	0.2082	0.0518	-0.0083	0.061	0.1746	0.0661	0.075	0.1099	0.0606	
0.04	0.7949	0.3152	0.158	0.0728	0.3446	0.0334	0.1059	0.2077	0.0672	-0.0003	0.0527	0.2022	0.0661	0.0679	0.1284	0.0606	
0.06	0.8021	0.3059	0.1402	0.0481	0.3386	0.0433	0.1084	0.2072	0.0826	0.0078	0.0445	0.2299	0.0661	0.0608	0.1469	0.0606	
0.08	0.8093	0.2965	0.1225	0.0233	0.3326	0.0532	0.1109	0.2068	0.098	0.0158	0.0362	0.2576	0.0661	0.0537	0.1655	0.0606	
0.1	0.8196	0.2871	0.1069	-0.0013	0.3244	0.0625	0.1139	0.2055	0.1138	0.0234	0.0275	0.2861	0.0661	0.047	0.1832	0.0606	
0.12	0.833	0.2772	0.0913	-0.0262	0.3139	0.0728	0.1177	0.2035	0.1269	0.03	0.0172	0.3104	0.0661	0.041	0.1991	0.0606	
0.14	0.8491	0.2669	0.076	-0.0507	0.3011	0.0838	0.1221	0.2003	0.1378	0.0355	0.0057	0.3312	0.0661	0.0358	0.2134	0.0606	
0.16	0.8674	0.2566	0.0618	-0.0737	0.2862	0.0951	0.1271	0.1956	0.1473	0.0402	-0.0069	0.3497	0.0661	0.0314	0.2264	0.0607	
0.18	0.8877	0.2466	0.0492	-0.0948	0.2696	0.1065	0.1325	0.1888	0.1562	0.0444	-0.02	0.3671	0.0661	0.0277	0.2388	0.0607	
0.2	0.9095	0.2371	0.0386	-0.1136	0.2517	0.1177	0.1381	0.1797	0.165	0.0482	-0.0334	0.3841	0.0661	0.0249	0.2511	0.0608	
0.22	0.9327	0.2281	0.0298	-0.1299	0.2331	0.1288	0.1439	0.1681	0.174	0.052	-0.0466	0.4005	0.0661	0.0228	0.2636	0.061	
0.24	0.9567	0.2195	0.0226	-0.1438	0.2144	0.1399	0.1496	0.154	0.1831	0.0557	-0.0595	0.4163	0.0661	0.0214	0.2765	0.0614	
0.26	0.9811	0.2114	0.0169	-0.1552	0.196	0.1513	0.1554	0.1379	0.1922	0.0596	-0.0718	0.4311	0.0661	0.0207	0.2901	0.0618	
0.28	1.0057	0.2037	0.0125	-0.1644	0.1785	0.1632	0.1612	0.1205	0.2014	0.0636	-0.0833	0.4449	0.0661	0.0206	0.3042	0.0624	
0.3	1.0307	0.1963	0.0096	-0.1716	0.1623	0.1757	0.167	0.1029	0.2105	0.0677	-0.0935	0.458	0.0662	0.0213	0.3188	0.0632	
0.32	1.0565	0.1891	0.0081	-0.1774	0.148	0.1893	0.1728	0.0865	0.2198	0.072	-0.1015	0.4705	0.0663	0.0227	0.3337	0.0642	
0.34	1.0837	0.1819	0.0081	-0.1821	0.1363	0.204	0.1789	0.0728	0.2293	0.0764	-0.1064	0.4826	0.0665	0.0249	0.3488	0.0653	
0.36	1.113	0.1747	0.0096	-0.1858	0.1278	0.2206	0.1853	0.063	0.2395	0.0811	-0.107	0.4942	0.0668	0.028	0.364	0.0667	
0.38	1.1447	0.1673	0.0123	-0.1886	0.1233	0.2397	0.1922	0.0582	0.2505	0.0859	-0.1026	0.5056	0.0674	0.0316	0.3791	0.0682	
0.4	1.1786	0.1597	0.0161	-0.1905	0.1233	0.2617	0.2	0.0587	0.2628	0.0909	-0.0927	0.5168	0.0681	0.0356	0.3941	0.0698	
0.42	1.2143	0.1519	0.0206	-0.1916	0.1283	0.2869	0.2087	0.0647	0.2765	0.096	-0.0771	0.5278	0.069	0.0398	0.4087	0.0716	
0.44	1.2512	0.1437	0.0255	-0.192	0.1385	0.315	0.2184	0.0765	0.2915	0.1013	-0.0558	0.5388	0.0701	0.0449	0.4232	0.0734	
0.46	1.2884	0.1352	0.0306	-0.1915	0.1537	0.3458	0.2291	0.0947	0.3074	0.1067	-0.0285	0.5498	0.0715	0.0521	0.4373	0.0754	
0.48	1.3249	0.1265	0.0355	-0.1893	0.1735	0.3788	0.2404	0.1201	0.3238	0.1125	0.0062	0.5611	0.0733	0.0636	0.4511	0.0776	
0.5	1.3598	0.1178	0.04	-0.1838	0.1975	0.4137	0.2522	0.1535	0.3407	0.1185	0.0495	0.5726	0.0755	0.0817	0.4646	0.0798	
0.52	1.3922	0.1094	0.0437	-0.1736	0.2254	0.4504	0.2642	0.195	0.3581	0.1249	0.1028	0.5847	0.0783	0.1086	0.4778	0.0821	
0.54	1.421	0.1017	0.0464	-0.1571	0.2571	0.4889	0.2765	0.2444	0.3765	0.1316	0.1662	0.5974	0.0815	0.1456	0.4906	0.0843	
0.56	1.4454	0.0949	0.0478	-0.1337	0.2931	0.5288	0.2889	0.3009	0.3965	0.1386	0.2386	0.611	0.0849	0.1931	0.5029	0.0866	
0.58	1.4648	0.0892	0.0475	-0.1033	0.3334	0.5699	0.3017	0.3635	0.4181	0.1458	0.3176	0.6256	0.0882	0.2505	0.5147	0.0888	
0.6	1.4788	0.0846	0.0453	-0.0661	0.3774	0.6121	0.3151	0.4308	0.4413	0.1531	0.4006	0.6412	0.0917	0.3164	0.5258	0.0913	
0.62	1.4877	0.0811	0.0414	-0.0223	0.4237	0.6549	0.3295	0.5011	0.4659	0.1605	0.4846	0.6579	0.0959	0.3884	0.5364	0.0946	
0.64	1.4921	0.0787	0.0359	0.0275	0.4703	0.6982	0.3455	0.572	0.4916	0.1685	0.5668	0.6757	0.1019	0.4636	0.5468	0.0991	
0.66	1.4924	0.0774	0.0293	0.082	0.5151	0.7411	0.3632	0.6403	0.5179	0.1773	0.6445	0.6945	0.1111	0.5381	0.5574	0.1054	
0.68	1.4894	0.0769	0.022	0.1392	0.5563	0.7825	0.3826	0.7031	0.5441	0.1877	0.7146	0.7144	0.1246	0.6079	0.5687	0.1138	
0.7	1.4835	0.0768	0.0148	0.1966	0.5928	0.8211	0.403	0.7579	0.5693	0.1999	0.7746	0.7348	0.1424	0.6697	0.581	0.1242	
0.72	1.4752	0.077	0.0079	0.2515	0.6235	0.8558	0.4235	0.8035	0.5921	0.2145	0.8227	0.7553	0.1637	0.7212	0.5943	0.1364	
0.74	1.4651	0.0771	0.0019	0.3019	0.6478	0.8855	0.443	0.8395	0.6117	0.2313	0.8588	0.775	0.1868	0.7617	0.6081	0.1495	
0.76	1.4538	0.0772	-0.0032	0.3465	0.6654	0.9096	0.4607	0.8667	0.6274	0.2504	0.8842	0.7931	0.21	0.7918	0.6218	0.1629	
0.78	1.4418	0.0771	-0.007	0.3851	0.6765	0.928	0.4758	0.8861	0.639	0.2717	0.9011	0.809	0.2322	0.8129	0.6349	0.1759	
0.8	1.4286	0.0771	-0.0094	0.4219	0.6798	0.9416	0.4898	0.8992	0.6468	0.2957	0.9134	0.8251	0.2601	0.8269	0.6501	0.1907	
0.82	1.4154	0.0771	-0.0117	0.4588	0.6831	0.9553	0.5039	0.9124	0.6546	0.3197	0.9257	0.8412	0.288	0.8408	0.6653	0.2055	
0.84	1.4022	0.077	-0.0141	0.4957	0.6864	0.9689	0.5179	0.9255	0.6625	0.3437	0.9379	0.8573	0.3159	0.8547	0.6804	0.2203	
0.86	1.389	0.077	-0.0164	0.5326	0.6897	0.9825	0.532	0.9386	0.6703	0.3676	0.9502	0.8733	0.3438	0.8686	0.6956	0.2351	
