0	0.3632	0.2845	0.2824	0.1081	0.1276	0.0438	0.0426	0.09	0.2566	-0.1731	-0.0537	0.1356	-0.0271	-0.1106	-0.14	0.0999	
0.02	0.4172	0.2581	0.2955	0.1493	0.1323	0.1023	0.0741	0.0844	0.3272	-0.1399	-0.0582	0.2199	-0.0137	-0.1235	-0.0507	0.0961	
0.04	0.4711	0.2317	0.3086	0.1906	0.1371	0.1608	0.1056	0.0788	0.3978	-0.1068	-0.0628	0.3041	-0.0004	-0.1364	0.0386	0.0922	
0.06	0.5251	0.2053	0.3217	0.2318	0.1418	0.2193	0.1372	0.0731	0.4684	-0.0736	-0.0673	0.3884	0.013	-0.1492	0.1279	0.0884	
0.08	0.579	0.1788	0.3348	0.2731	0.1466	0.2778	0.1687	0.0675	0.5391	-0.0405	-0.0719	0.4727	0.0263	-0.1621	0.2172	0.0845	
0.1	0.6278	0.1542	0.3478	0.3117	0.1513	0.3275	0.1964	0.0634	0.5992	-0.0123	-0.0767	0.551	0.0389	-0.1727	0.3029	0.082	
0.12	0.6734	0.135	0.3567	0.3455	0.1559	0.3756	0.2231	0.0568	0.6548	0.0138	-0.0822	0.6275	0.0526	-0.1838	0.389	0.08	
0.14	0.7153	0.1207	0.3618	0.3746	0.1606	0.4204	0.2481	0.0493	0.705	0.037	-0.0884	0.7004	0.0669	-0.195	0.4726	0.0786	
0.16	0.7531	0.1108	0.3642	0.3992	0.1651	0.4597	0.2704	0.0427	0.7481	0.0567	-0.0949	0.7676	0.0813	-0.2055	0.551	0.0781	
0.18	0.7863	0.1041	0.3649	0.4197	0.1696	0.492	0.2892	0.0387	0.7834	0.0725	-0.1014	0.8278	0.0954	-0.2148	0.6223	0.0788	
0.2	0.8154	0.0997	0.3645	0.4368	0.1741	0.5167	0.3044	0.0386	0.8114	0.0844	-0.1076	0.8808	0.1087	-0.2225	0.6856	0.0806	
0.22	0.8415	0.0968	0.3632	0.4508	0.1784	0.5348	0.3165	0.0427	0.8338	0.0933	-0.1132	0.927	0.1211	-0.2288	0.7409	0.0833	
0.24	0.8654	0.0949	0.3608	0.4621	0.1827	0.5479	0.3262	0.0511	0.8528	0.1001	-0.118	0.9674	0.1327	-0.234	0.7886	0.0867	
0.26	0.8876	0.0938	0.3575	0.4708	0.1868	0.5578	0.3342	0.0629	0.8699	0.1059	-0.1217	1.0031	0.1434	-0.2388	0.8294	0.0904	
0.28	0.9079	0.0932	0.3533	0.477	0.1908	0.566	0.3411	0.0771	0.8858	0.1111	-0.1244	1.0351	0.1533	-0.2432	0.8646	0.0942	
0.3	0.9259	0.0931	0.3484	0.4807	0.1946	0.5731	0.3469	0.0925	0.9004	0.1161	-0.1259	1.0642	0.1623	-0.2475	0.8959	0.0977	
0.32	0.9412	0.0932	0.3429	0.482	0.1983	0.5796	0.3518	0.1081	0.9132	0.121	-0.1262	1.0909	0.1705	-0.2515	0.9247	0.1009	
0.34	0.9538	0.0933	0.3369	0.4812	0.2019	0.5853	0.356	0.1234	0.924	0.1257	-0.1254	1.1155	0.1779	-0.2551	0.9518	0.1038	
0.36	0.9643	0.0934	0.3304	0.4787	0.2053	0.5904	0.3596	0.1382	0.9331	0.1302	-0.1235	1.1378	0.1845	-0.2582	0.9775	0.1065	
0.38	0.9731	0.0934	0.3235	0.4749	0.2085	0.5949	0.3629	0.1523	0.9408	0.1347	-0.1206	1.1577	0.1906	-0.2609	1.0014	0.1091	
0.4	0.9808	0.0933	0.3161	0.4702	0.2117	0.5989	0.366	0.1657	0.9477	0.1392	-0.1168	1.175	0.1962	-0.2632	1.0233	0.1116	
0.42	0.9878	0.0933	0.3083	0.4649	0.2149	0.6027	0.3689	0.1787	0.954	0.1438	-0.1119	1.1897	0.2016	-0.265	1.043	0.1141	
0.44	0.9942	0.0933	0.3005	0.4593	0.2182	0.6064	0.3716	0.1915	0.9601	0.1485	-0.1063	1.2021	0.207	-0.2665	1.0607	0.1165	
0.46	1.0001	0.0933	0.2929	0.4537	0.2215	0.6102	0.3743	0.2043	0.9661	0.1534	-0.0999	1.2128	0.2123	-0.2676	1.0767	0.119	
0.48	1.0056	0.0933	0.2859	0.4481	0.2249	0.6141	0.3768	0.2174	0.972	0.1584	-0.0933	1.2224	0.2177	-0.2682	1.0915	0.1214	
0.5	1.0108	0.0933	0.2797	0.4426	0.2285	0.6182	0.3793	0.2308	0.9779	0.1636	-0.0866	1.2314	0.2232	-0.2685	1.1055	0.1238	
0.52	1.0156	0.0933	0.2743	0.4372	0.2323	0.6225	0.3817	0.2445	0.984	0.1689	-0.0803	1.24	0.2288	-0.2683	1.119	0.1262	
0.54	1.0203	0.0933	0.27	0.4319	0.2364	0.6271	0.384	0.258	0.9906	0.1743	-0.0746	1.2484	0.2346	-0.2677	1.1321	0.1286	
0.56	1.0249	0.0933	0.2668	0.4268	0.2411	0.632	0.3864	0.2709	0.9978	0.1797	-0.0697	1.2567	0.2405	-0.2667	1.145	0.131	
0.58	1.0295	0.0933	0.2646	0.4218	0.2466	0.6373	0.3889	0.2826	1.0056	0.1849	-0.0658	1.2647	0.2465	-0.2653	1.1575	0.1334	
0.6	1.0342	0.0933	0.2634	0.417	0.2529	0.6429	0.3913	0.293	1.0141	0.1898	-0.0628	1.2726	0.2527	-0.2634	1.1695	0.1358	
0.62	1.0389	0.0933	0.2629	0.4124	0.2598	0.6488	0.3939	0.3017	1.0228	0.1941	-0.0608	1.2802	0.2589	-0.2612	1.181	0.1382	
0.64	1.0438	0.0933	0.2629	0.4081	0.2672	0.6545	0.3965	0.3088	1.0313	0.1978	-0.0597	1.2877	0.2654	-0.2586	1.1922	0.1407	
0.66	1.0489	0.0933	0.2631	0.4044	0.2747	0.6601	0.3991	0.314	1.0393	0.2009	-0.0593	1.295	0.2722	-0.2556	1.2034	0.1431	
0.68	1.0541	0.0933	0.2632	0.4014	0.2819	0.6651	0.4019	0.3174	1.0464	0.2033	-0.0592	1.3023	0.2793	-0.2522	1.2149	0.1457	
0.7	1.0596	0.0933	0.2632	0.3997	0.2885	0.6694	0.4047	0.3193	1.0525	0.2051	-0.0594	1.3097	0.2869	-0.2484	1.227	0.1483	
0.72	1.0655	0.0933	0.2632	0.3994	0.2943	0.6731	0.4075	0.32	1.0574	0.2062	-0.0595	1.3173	0.2947	-0.244	1.2398	0.151	
0.74	1.0718	0.0933	0.2632	0.4009	0.2991	0.676	0.4104	0.32	1.0611	0.2068	-0.0595	1.3255	0.3025	-0.2393	1.2531	0.1538	
0.76	1.0785	0.0933	0.2631	0.4038	0.3028	0.6781	0.4131	0.3198	1.0635	0.2071	-0.0595	1.3341	0.31	-0.2342	1.2663	0.1567	
0.78	1.0854	0.0933	0.2631	0.4079	0.3053	0.6795	0.4157	0.3196	1.0649	0.2071	-0.0594	1.3432	0.3169	-0.229	1.2789	0.1597	
0.8	1.0924	0.0933	0.2631	0.4128	0.3066	0.6803	0.418	0.3195	1.0653	0.207	-0.0594	1.3526	0.3231	-0.2241	1.2905	0.1626	
0.82	1.0993	0.0933	0.2632	0.418	0.3072	0.6806	0.42	0.3196	1.0654	0.2069	-0.0594	1.3623	0.3282	-0.2195	1.3006	0.1653	
0.84	1.1068	0.0933	0.2632	0.425	0.3071	0.6805	0.4219	0.3197	1.0652	0.207	-0.0594	1.3728	0.3331	-0.2145	1.3112	0.1683	
0.86	1.1143	0.0933	0.2632	0.4319	0.3069	0.6804	0.4239	0.3197	1.0651	0.207	-0.0594	1.3833	0.3379	-0.2095	1.3219	0.1712	
0.88	1.1218	0.0933	0.2632	0.4388	0.3068	0.6803	0.4258	0.3198	1.0649	0.207	-0.0595	1.3938	0.3427	-0.2045	1.3325	0.1741	
0.9	1.1293	0.0933	0.2632	0.4457	0.3066	0.6803	0.4278	0.3198	1.0648	0.207	-0.0595	1.4043	0.3476	-0.1995	1.3432	0.177	
