0	0.7517	0.219	0.1359	0.0185	0.2737	0.0462	0.1396	0.1916	0.0609	0.0007	0.0086	0.202	0.0105	0.1532	0.07	-0.247	
0.02	0.7639	0.2082	0.119	0.0013	0.2486	0.0434	0.1381	0.169	0.0609	0.0008	0	0.2021	0.0086	0.1454	0.0728	-0.2469	
0.04	0.7761	0.1975	0.102	-0.016	0.2234	0.0406	0.1366	0.1465	0.0609	0.0008	-0.0085	0.2022	0.0067	0.1377	0.0757	-0.2469	
0.06	0.7883	0.1867	0.085	-0.0332	0.1982	0.0378	0.1351	0.1239	0.0609	0.0008	-0.0171	0.2023	0.0048	0.13	0.0786	-0.2469	
0.08	0.8005	0.176	0.0681	-0.0505	0.1731	0.0351	0.1336	0.1014	0.0609	0.0008	-0.0257	0.2024	0.0029	0.1223	0.0815	-0.2468	
0.1	0.8135	0.1657	0.0525	-0.0665	0.15	0.0311	0.1315	0.0806	0.0609	0.0008	-0.0345	0.2032	0.0002	0.1149	0.0859	-0.2466	
0.12	0.8281	0.1547	0.0349	-0.0835	0.1289	0.026	0.1286	0.0641	0.061	0.0007	-0.0446	0.205	-0.0036	0.1069	0.0918	-0.246	
0.14	0.8442	0.1432	0.016	-0.1009	0.1098	0.0201	0.125	0.0514	0.0616	0.0007	-0.0555	0.208	-0.0083	0.0989	0.0992	-0.2451	
0.16	0.8611	0.1318	-0.0035	-0.1174	0.0931	0.0137	0.1209	0.0419	0.0626	0.0008	-0.0669	0.2127	-0.0138	0.0912	0.108	-0.2438	
0.18	0.8785	0.1207	-0.0225	-0.1321	0.0788	0.0075	0.1162	0.0349	0.0644	0.001	-0.0781	0.219	-0.0201	0.0844	0.1183	-0.2418	
0.2	0.8961	0.1103	-0.0403	-0.1441	0.067	0.0018	0.1114	0.0295	0.0667	0.0015	-0.0888	0.2271	-0.0268	0.0789	0.1304	-0.2393	
0.22	0.914	0.1007	-0.056	-0.153	0.0575	-0.0027	0.1069	0.0252	0.0696	0.0022	-0.0986	0.2371	-0.0336	0.0749	0.1447	-0.236	
0.24	0.9322	0.0916	-0.0689	-0.1587	0.0501	-0.005	0.103	0.0214	0.0732	0.0034	-0.1074	0.2494	-0.0398	0.0726	0.1621	-0.2322	
0.26	0.9509	0.083	-0.0779	-0.1611	0.0447	-0.0041	0.1002	0.0178	0.0779	0.0052	-0.1152	0.2645	-0.0452	0.0717	0.1831	-0.2277	
0.28	0.97	0.0747	-0.0816	-0.1602	0.0413	0.0018	0.0986	0.0143	0.0846	0.0077	-0.1224	0.2836	-0.0493	0.0716	0.2084	-0.2227	
0.3	0.9891	0.0668	-0.0781	-0.1561	0.04	0.0143	0.0985	0.0109	0.0949	0.011	-0.129	0.3077	-0.0519	0.0719	0.2384	-0.2173	
0.32	1.0077	0.0594	-0.0654	-0.1488	0.0408	0.0347	0.1001	0.0074	0.1098	0.0151	-0.1353	0.3375	-0.0528	0.0721	0.2732	-0.2115	
0.34	1.0253	0.0527	-0.0426	-0.1384	0.0437	0.0633	0.1036	0.004	0.1303	0.0201	-0.1414	0.3732	-0.0519	0.0722	0.313	-0.2054	
0.36	1.0415	0.0467	-0.0093	-0.1255	0.0481	0.0995	0.1098	0.0004	0.1564	0.026	-0.1476	0.4143	-0.049	0.0722	0.3572	-0.1991	
0.38	1.0559	0.0416	0.0337	-0.1104	0.0536	0.142	0.1195	-0.0033	0.1877	0.033	-0.1537	0.4601	-0.0437	0.0721	0.4051	-0.1927	
0.4	1.0682	0.0373	0.0851	-0.0932	0.0594	0.1895	0.1334	-0.0071	0.2239	0.041	-0.1599	0.5097	-0.0357	0.072	0.4557	-0.1863	
0.42	1.0783	0.0338	0.1432	-0.0734	0.0652	0.241	0.1521	-0.011	0.2642	0.0505	-0.166	0.5625	-0.0243	0.072	0.5078	-0.1799	
0.44	1.086	0.0312	0.2063	-0.0502	0.0704	0.2953	0.1754	-0.0149	0.3079	0.0621	-0.172	0.6171	-0.0088	0.072	0.5602	-0.1731	
0.46	1.0911	0.0294	0.2726	-0.0225	0.075	0.3507	0.2026	-0.0189	0.3538	0.077	-0.1778	0.6721	0.0116	0.0721	0.6121	-0.165	
0.48	1.094	0.0284	0.3399	0.0105	0.0785	0.4049	0.2328	-0.023	0.4009	0.0966	-0.1836	0.7256	0.0375	0.0721	0.6626	-0.1544	
0.5	1.0951	0.028	0.4058	0.0495	0.081	0.456	0.2648	-0.027	0.4477	0.1228	-0.1895	0.7759	0.0697	0.0721	0.7114	-0.1397	
0.52	1.0951	0.0279	0.4683	0.0943	0.0824	0.5028	0.2977	-0.0311	0.4936	0.1568	-0.1961	0.8224	0.1085	0.0721	0.7585	-0.1199	
0.54	1.0948	0.0281	0.5265	0.144	0.083	0.5451	0.3307	-0.0354	0.5379	0.1991	-0.2041	0.8656	0.1535	0.072	0.804	-0.0946	
0.56	1.0945	0.0282	0.5802	0.1974	0.0831	0.5837	0.3631	-0.0397	0.5802	0.2489	-0.214	0.906	0.204	0.072	0.8483	-0.0641	
0.58	1.0944	0.0282	0.6298	0.2527	0.0829	0.6193	0.3946	-0.0441	0.6203	0.3042	-0.226	0.9443	0.2586	0.072	0.8916	-0.0289	
0.6	1.0945	0.0282	0.6758	0.3084	0.0827	0.6529	0.4245	-0.0488	0.6577	0.3628	-0.2397	0.9804	0.3155	0.072	0.9337	0.0099	
0.62	1.0946	0.0281	0.7182	0.3625	0.0827	0.6847	0.4527	-0.054	0.6922	0.4223	-0.2544	1.0139	0.3729	0.0721	0.9747	0.0517	
0.64	1.0947	0.0281	0.7567	0.4136	0.0827	0.7153	0.4789	-0.0599	0.7238	0.4808	-0.2691	1.0446	0.4288	0.0721	1.0142	0.0956	
0.66	1.0947	0.0281	0.7915	0.4604	0.0828	0.7448	0.5035	-0.0668	0.7526	0.5368	-0.2832	1.0725	0.4817	0.0721	1.0521	0.1406	
0.68	1.0946	0.0281	0.8228	0.5019	0.0828	0.7733	0.527	-0.0751	0.7786	0.5887	-0.2961	1.0981	0.5304	0.0721	1.0877	0.1857	
0.7	1.0946	0.0281	0.8514	0.5379	0.0828	0.8009	0.5498	-0.0845	0.8015	0.6353	-0.3074	1.1219	0.5743	0.072	1.12	0.2298	
0.72	1.0946	0.0281	0.8779	0.569	0.0828	0.8274	0.5721	-0.0947	0.821	0.6759	-0.3166	1.144	0.6132	0.072	1.1483	0.2718	
0.74	1.0946	0.0281	0.9022	0.5963	0.0828	0.853	0.5939	-0.1053	0.8372	0.7106	-0.3232	1.1644	0.6473	0.072	1.172	0.3112	
0.76	1.0946	0.0281	0.9239	0.6211	0.0828	0.8779	0.6146	-0.1156	0.8504	0.7399	-0.3272	1.1825	0.6764	0.0721	1.1911	0.3474	
0.78	1.0946	0.0281	0.9424	0.6446	0.0828	0.9025	0.6341	-0.1252	0.8614	0.7644	-0.3289	1.1982	0.7009	0.0721	1.2058	0.3801	
0.8	1.0946	0.0281	0.9575	0.6671	0.0828	0.9268	0.6526	-0.1337	0.8705	0.7849	-0.329	1.2115	0.7211	0.0721	1.2164	0.4088	
0.82	1.0946	0.0281	0.9721	0.6888	0.0828	0.9489	0.6702	-0.1425	0.8792	0.8065	-0.3285	1.2254	0.7402	0.0721	1.2228	0.4383	
0.84	1.0946	0.0281	0.9867	0.7104	0.0828	0.9711	0.6877	-0.1512	0.8879	0.828	-0.3281	1.2393	0.7592	0.072	1.2291	0.4677	
0.86	1.0946	0.0281	1.0012	0.732	0.0828	0.9933	0.7052	-0.16	0.8966	0.8496	-0.3276	1.2532	0.7783	0.072	1.2354	0.4971	
0.88	1.0946	0.0281	1.0158	0.7537	0.0828	1.0154	0.7227	-0.1688	0.9053	0.8711	-0.3271	1.2671	0.7974	0.072	1.2418	0.5265	
