0	0.4621	0.3822	0.2903	0.2014	0.1468	-0.0958	0.0895	-0.0259	0.0498	0.0184	-0.0061	0.2605	-0.0344	0.1432	-0.1131	0.0147	
0.02	0.4681	0.3738	0.2777	0.2014	0.1079	-0.0836	0.0941	-0.0525	0.086	0.021	-0.0021	0.285	-0.0344	0.1432	-0.0929	0.0172	
0.04	0.4742	0.3653	0.2651	0.2014	0.069	-0.0715	0.0987	-0.0792	0.1222	0.0237	0.0019	0.3095	-0.0344	0.1432	-0.0728	0.0197	
0.06	0.4803	0.3568	0.2525	0.2013	0.0301	-0.0594	0.1033	-0.1058	0.1584	0.0263	0.0059	0.334	-0.0344	0.1432	-0.0526	0.0222	
0.08	0.4863	0.3484	0.2399	0.2013	-0.0088	-0.0473	0.1079	-0.1324	0.1946	0.029	0.01	0.3585	-0.0344	0.1432	-0.0325	0.0247	
0.1	0.4926	0.3404	0.2274	0.2013	-0.0452	-0.037	0.1124	-0.1543	0.2261	0.0323	0.016	0.3794	-0.0344	0.1432	-0.013	0.0274	
0.12	0.4994	0.3317	0.2155	0.2014	-0.0789	-0.0266	0.1168	-0.1763	0.2569	0.0365	0.0245	0.3993	-0.0341	0.1432	0.005	0.0306	
0.14	0.5067	0.3226	0.204	0.2014	-0.1093	-0.0164	0.1211	-0.1975	0.2859	0.0415	0.0361	0.4178	-0.0337	0.1432	0.0219	0.0342	
0.16	0.5147	0.3134	0.193	0.2014	-0.1363	-0.0068	0.1252	-0.2166	0.3118	0.0472	0.051	0.4341	-0.0329	0.1432	0.038	0.0382	
0.18	0.5234	0.3044	0.1826	0.2014	-0.1598	0.0019	0.1292	-0.2325	0.3337	0.0533	0.0691	0.4481	-0.0316	0.1432	0.0538	0.0424	
0.2	0.5327	0.2959	0.1727	0.2013	-0.1793	0.0097	0.133	-0.2448	0.3514	0.0596	0.09	0.4596	-0.0299	0.1431	0.0697	0.0467	
0.22	0.5425	0.2879	0.1634	0.2013	-0.1947	0.0171	0.1366	-0.2537	0.3655	0.0659	0.113	0.4694	-0.0276	0.1431	0.0862	0.0511	
0.24	0.5529	0.2803	0.1546	0.2014	-0.206	0.0245	0.1399	-0.2601	0.3769	0.0718	0.1373	0.4783	-0.0247	0.1432	0.1034	0.0555	
0.26	0.5638	0.273	0.1465	0.2014	-0.2141	0.0328	0.1431	-0.265	0.3867	0.0774	0.1621	0.4869	-0.0211	0.1434	0.1215	0.0599	
0.28	0.5753	0.2661	0.1389	0.2015	-0.2199	0.0424	0.1461	-0.269	0.3959	0.0826	0.1867	0.4956	-0.0169	0.1437	0.1403	0.0644	
0.3	0.5874	0.2595	0.1322	0.2017	-0.2242	0.0539	0.1489	-0.2723	0.4051	0.0872	0.2105	0.5047	-0.0122	0.1443	0.1597	0.069	
0.32	0.6	0.2531	0.1264	0.202	-0.2274	0.0671	0.1516	-0.2748	0.4148	0.0915	0.2329	0.5144	-0.0071	0.1451	0.1797	0.0737	
0.34	0.613	0.2468	0.1218	0.2023	-0.2294	0.082	0.1541	-0.2762	0.4252	0.0955	0.2536	0.5248	-0.0015	0.1464	0.2	0.0785	
0.36	0.6265	0.2406	0.1188	0.2029	-0.2301	0.0981	0.1565	-0.2763	0.4367	0.0994	0.2724	0.5363	0.0044	0.148	0.2204	0.0836	
0.38	0.6403	0.2344	0.1174	0.2036	-0.2294	0.1152	0.1589	-0.2752	0.4494	0.1032	0.2893	0.5491	0.0105	0.1502	0.2408	0.0889	
0.4	0.6546	0.228	0.1176	0.2047	-0.2272	0.1332	0.1613	-0.2731	0.4635	0.1073	0.3046	0.5638	0.017	0.1528	0.2608	0.0944	
0.42	0.6696	0.2215	0.1197	0.2061	-0.2237	0.152	0.1638	-0.2699	0.4789	0.1118	0.3184	0.5805	0.0238	0.1559	0.2805	0.1002	
0.44	0.6855	0.2149	0.1239	0.2079	-0.2192	0.1714	0.1665	-0.2656	0.4956	0.1169	0.3315	0.5995	0.031	0.1595	0.2999	0.1063	
0.46	0.7024	0.2084	0.1308	0.2097	-0.2134	0.191	0.1694	-0.2597	0.5134	0.1227	0.3444	0.6208	0.0386	0.1635	0.3193	0.1126	
0.48	0.7204	0.2022	0.1411	0.2117	-0.2058	0.2101	0.1725	-0.2514	0.5324	0.1292	0.3577	0.6442	0.0468	0.1679	0.3392	0.1192	
0.5	0.7393	0.1965	0.1554	0.2139	-0.1953	0.2284	0.1759	-0.2401	0.5524	0.1365	0.3717	0.6695	0.0557	0.1727	0.3598	0.1259	
0.52	0.7589	0.1915	0.1735	0.2167	-0.1808	0.2461	0.1796	-0.2254	0.5736	0.1444	0.3865	0.6964	0.0654	0.1778	0.3815	0.1328	
0.54	0.7789	0.1873	0.1947	0.2209	-0.1616	0.264	0.1838	-0.2078	0.5959	0.1528	0.4017	0.7247	0.0762	0.1832	0.4046	0.1398	
0.56	0.7989	0.184	0.2173	0.2273	-0.1377	0.2834	0.1887	-0.1882	0.6197	0.1616	0.4167	0.7544	0.0882	0.1885	0.4291	0.1468	
0.58	0.8182	0.1817	0.24	0.2366	-0.11	0.3058	0.1947	-0.168	0.645	0.1708	0.431	0.7854	0.1017	0.1935	0.4551	0.1541	
0.6	0.8363	0.1801	0.2616	0.249	-0.0797	0.3318	0.2023	-0.1482	0.6717	0.1803	0.444	0.8175	0.1168	0.1981	0.4825	0.1615	
0.62	0.8524	0.1793	0.2814	0.2641	-0.0484	0.3615	0.2119	-0.1295	0.6994	0.1901	0.4556	0.8498	0.1337	0.2021	0.5112	0.1693	
0.64	0.8661	0.179	0.2987	0.2814	-0.0177	0.3945	0.2237	-0.1127	0.7269	0.1999	0.4654	0.8811	0.1526	0.2055	0.5412	0.1773	
0.66	0.8771	0.179	0.3128	0.3	0.0108	0.4301	0.2379	-0.0984	0.7533	0.2095	0.4731	0.9103	0.1734	0.2081	0.5721	0.1856	
0.68	0.8853	0.1791	0.3233	0.3192	0.0355	0.4678	0.2547	-0.0873	0.7776	0.2188	0.4786	0.9365	0.1961	0.2101	0.6036	0.194	
0.7	0.8913	0.1792	0.3281	0.3421	0.0587	0.5109	0.2732	-0.0809	0.8039	0.2284	0.4809	0.9641	0.2201	0.2113	0.6352	0.2028	
0.72	0.8973	0.1792	0.3329	0.365	0.0818	0.554	0.2917	-0.0744	0.8302	0.238	0.4833	0.9918	0.2441	0.2125	0.6668	0.2116	
0.74	0.9033	0.1792	0.3378	0.3879	0.1049	0.5971	0.3102	-0.068	0.8565	0.2476	0.4856	1.0195	0.268	0.2136	0.6983	0.2205	
0.76	0.9093	0.1792	0.3426	0.4108	0.1281	0.6402	0.3287	-0.0616	0.8828	0.2572	0.4879	1.0472	0.292	0.2148	0.7299	0.2293	
