0	0.295	0.4793	0.495	0.2247	0.3132	-0.1457	-0.094	0.2182	-0.2053	-0.1213	0.0574	-0.012	-0.1163	0.1195	-0.148	-0.0891	
0.02	0.295	0.4779	0.495	0.2274	0.3317	-0.1269	-0.0924	0.2548	-0.1864	-0.1197	0.0685	0.0124	-0.1155	0.1399	-0.1132	-0.086	
0.04	0.295	0.4765	0.495	0.2301	0.3501	-0.1081	-0.0907	0.2915	-0.1674	-0.1181	0.0796	0.0367	-0.1148	0.1604	-0.0783	-0.0829	
0.06	0.2949	0.4751	0.4949	0.2329	0.3686	-0.0894	-0.0891	0.3281	-0.1485	-0.1165	0.0907	0.061	-0.114	0.1809	-0.0434	-0.0797	
0.08	0.2949	0.4737	0.4949	0.2356	0.3871	-0.0706	-0.0875	0.3648	-0.1295	-0.1149	0.1018	0.0853	-0.1132	0.2013	-0.0085	-0.0766	
0.1	0.295	0.4711	0.4949	0.2391	0.4045	-0.0523	-0.0849	0.3966	-0.1102	-0.1119	0.1151	0.1094	-0.1109	0.2209	0.0252	-0.0735	
0.12	0.2953	0.4673	0.495	0.2437	0.4201	-0.0311	-0.0797	0.4267	-0.0884	-0.1073	0.1328	0.1368	-0.1071	0.245	0.062	-0.0698	
0.14	0.296	0.4622	0.4954	0.2492	0.4338	-0.0045	-0.0701	0.4553	-0.0612	-0.1008	0.1552	0.1693	-0.1015	0.2759	0.1014	-0.0653	
0.16	0.2971	0.4557	0.4964	0.2557	0.4458	0.031	-0.0548	0.4816	-0.0248	-0.0916	0.1817	0.2093	-0.0936	0.3153	0.1434	-0.0604	
0.18	0.2986	0.448	0.498	0.263	0.4562	0.0791	-0.0336	0.5045	0.0242	-0.079	0.2105	0.2593	-0.0825	0.3633	0.1885	-0.0556	
0.2	0.3007	0.4392	0.5006	0.2712	0.4652	0.1428	-0.0068	0.5226	0.0879	-0.0622	0.2388	0.3213	-0.0666	0.4184	0.2382	-0.0516	
0.22	0.3032	0.4299	0.504	0.28	0.4731	0.2228	0.0255	0.535	0.1664	-0.0401	0.2638	0.3957	-0.0439	0.4783	0.2941	-0.0487	
0.24	0.3063	0.4204	0.5085	0.2895	0.4799	0.3179	0.0637	0.5419	0.2587	-0.0117	0.2832	0.4816	-0.0119	0.5404	0.3574	-0.0453	
0.26	0.3099	0.4111	0.5141	0.2998	0.4859	0.4248	0.1094	0.5436	0.3624	0.0237	0.2961	0.5766	0.0314	0.6026	0.4286	-0.0382	
0.28	0.3138	0.4023	0.5212	0.311	0.4913	0.5398	0.1636	0.5409	0.4749	0.0659	0.3022	0.678	0.087	0.6632	0.5074	-0.0226	
0.3	0.3177	0.3941	0.5301	0.3233	0.4962	0.6581	0.2257	0.5341	0.5925	0.1136	0.302	0.7821	0.1542	0.72	0.5924	0.0059	
0.32	0.321	0.3867	0.5413	0.3367	0.5008	0.7745	0.2932	0.5235	0.7104	0.1645	0.2962	0.8846	0.2302	0.7705	0.6817	0.0502	
0.34	0.323	0.3803	0.5551	0.351	0.5051	0.8834	0.3624	0.5094	0.8228	0.2158	0.2861	0.9804	0.3111	0.8122	0.7724	0.11	
0.36	0.3229	0.3747	0.5715	0.3661	0.5092	0.9792	0.4302	0.4929	0.9246	0.2647	0.2735	1.065	0.3924	0.844	0.861	0.1826	
0.38	0.3198	0.3702	0.5901	0.3817	0.5131	1.0583	0.495	0.476	1.0123	0.3089	0.2608	1.1352	0.47	0.8665	0.9444	0.264	
0.4	0.3133	0.3669	0.6105	0.3976	0.5168	1.1192	0.5561	0.4607	1.0849	0.3471	0.2506	1.1901	0.5401	0.882	1.02	0.3498	
0.42	0.303	0.3647	0.632	0.4139	0.5204	1.1629	0.6129	0.4484	1.1435	0.3779	0.2448	1.2309	0.5999	0.893	1.0865	0.4358	
0.44	0.2889	0.3638	0.6542	0.4303	0.5239	1.1925	0.6638	0.4398	1.1896	0.4008	0.244	1.26	0.6471	0.9016	1.1435	0.5176	
0.46	0.2714	0.364	0.6764	0.4468	0.5274	1.2116	0.707	0.4345	1.2252	0.4159	0.2478	1.2801	0.6809	0.9089	1.191	0.5903	
0.48	0.2512	0.365	0.6981	0.4629	0.5309	1.2236	0.7412	0.4315	1.2518	0.4241	0.2552	1.2937	0.7019	0.9149	1.2296	0.6499	
0.5	0.2292	0.3668	0.7185	0.4783	0.5345	1.2313	0.7666	0.4302	1.2711	0.4271	0.2647	1.3032	0.7124	0.9193	1.2599	0.6937	
0.52	0.2064	0.369	0.7367	0.4925	0.5381	1.2363	0.7849	0.4301	1.2847	0.4273	0.2751	1.3102	0.7159	0.9219	1.2832	0.7224	
0.54	0.184	0.3715	0.7521	0.5052	0.5419	1.2394	0.7981	0.431	1.2941	0.4265	0.286	1.3163	0.7158	0.923	1.301	0.7388	
0.56	0.1627	0.3739	0.7647	0.5161	0.5457	1.2411	0.8083	0.4329	1.3005	0.4258	0.2968	1.3224	0.7147	0.9232	1.3144	0.7474	
0.58	0.1429	0.376	0.7745	0.5253	0.5497	1.2418	0.8164	0.4355	1.3046	0.4256	0.3074	1.3289	0.714	0.923	1.3242	0.7522	
0.6	0.1247	0.3776	0.782	0.5328	0.5537	1.2419	0.8226	0.4388	1.307	0.4259	0.318	1.3356	0.7141	0.9227	1.3309	0.756	
0.62	0.1083	0.3785	0.7878	0.5384	0.5578	1.2417	0.8269	0.4425	1.308	0.4262	0.3284	1.3422	0.7144	0.9226	1.3346	0.7598	
0.64	0.0935	0.3789	0.7919	0.5421	0.5619	1.2415	0.8293	0.4466	1.3082	0.4263	0.3386	1.3484	0.7148	0.9227	1.3361	0.7637	
0.66	0.0805	0.3789	0.7947	0.5442	0.5661	1.2414	0.8302	0.451	1.3079	0.4263	0.3484	1.3539	0.715	0.9228	1.3362	0.767	
0.68	0.0691	0.3788	0.7962	0.545	0.5703	1.2414	0.8302	0.4555	1.3077	0.4262	0.3575	1.3585	0.7149	0.9229	1.3358	0.7694	
0.7	0.0594	0.3787	0.7968	0.545	0.5744	1.2415	0.8298	0.4603	1.3076	0.4261	0.3659	1.3623	0.7148	0.9229	1.3353	0.7707	
0.72	0.0512	0.3787	0.7968	0.5447	0.5786	1.2416	0.8295	0.4652	1.3076	0.4261	0.3733	1.3652	0.7147	0.9228	1.3352	0.7712	
0.74	0.0444	0.3787	0.7966	0.5445	0.5827	1.2416	0.8295	0.4702	1.3077	0.4261	0.3796	1.3672	0.7146	0.9228	1.3353	0.7712	
0.76	0.0392	0.3787	0.7964	0.5445	0.5868	1.2415	0.8295	0.4753	1.3078	0.4261	0.3848	1.3686	0.7147	0.9228	1.3355	0.7711	
0.78	0.0355	0.3788	0.7964	0.5445	0.5909	1.2415	0.8297	0.4806	1.3078	0.4262	0.389	1.3693	0.7147	0.9228	1.3356	0.771	
0.8	0.0334	0.3788	0.7964	0.5446	0.5951	1.2415	0.8297	0.486	1.3078	0.4262	0.392	1.3696	0.7147	0.9228	1.3356	0.771	
0.82	0.0325	0.3788	0.7965	0.5447	0.5992	1.2415	0.8297	0.4916	1.3077	0.4262	0.3939	1.3696	0.7147	0.9228	1.3355	0.771	
0.84	0.0324	0.3788	0.7965	0.5447	0.603	1.2415	0.8297	0.4974	1.3077	0.4262	0.3949	1.3695	0.7147	0.9228	1.3355	0.7711	
0.86	0.0326	0.3787	0.7965	0.5446	0.6066	1.2415	0.8297	0.5034	1.3077	0.4262	0.3953	1.3694	0.7147	0.9228	1.3355	0.7711	
0.88	0.0328	0.3787	0.7965	0.5446	0.6099	1.2415	0.8296	0.5097	1.3077	0.4262	0.3953	1.3694	0.7147	0.9228	1.3355	0.7711	
0.9	0.0329	0.3787	0.7965	0.5446	0.6126	1.2415	0.8297	0.5163	1.3077	0.4262	0.3952	1.3694	0.7147	0.9228	1.3355	0.7711	
0.92	0.0329	0.3788	0.7965	0.5446	0.6149	1.2415	0.8297	0.5232	1.3077	0.4262	0.3951	1.3694	0.7147	0.9228	1.3355	0.7711	
0.94	0.0328	0.3788	0.7965	0.5446	0.6167	1.2415	0.8297	0.5303	1.3077	0.4262	0.395	1.3695	0.7147	0.9228	1.3355	0.7711	
0.96	0.0328	0.3788	0.7965	0.5446	0.6181	1.2415	0.8297	0.5377	1.3077	0.4262	0.3951	1.3695	0.7147	0.9228	1.3355	0.7711	
0.98	0.0328	0.3787	0.7965	0.5446	0.6194	1.2415	0.8297	0.545	1.3077	0.4262	0.3951	1.3694	0.7147	0.9228	1.3355	0.7711	
1	0.0327	0.3787	0.7965	0.5446	0.6208	1.2415	0.8297	0.5524	1.3077	0.4262	0.3952	1.3694	0.7147	0.9228	1.3355	0.7711	
1.02	0.0327	0.3787	0.7965	0.5446	0.6221	1.2415	0.8297	0.5597	1.3077	0.4262	0.3952	1.3694	0.7147	0.9228	1.3355	0.7711	
