0	0.7885	0.3428	0.2569	0.2246	0.4923	0.0404	0.1002	0.3303	0.029	0.0292	0.0752	0.219	0.0511	0.0963	0.1265	0.0946	
0.02	0.8026	0.3356	0.231	0.2064	0.4691	0.0519	0.1072	0.31	0.0468	0.0321	0.0458	0.2457	0.0511	0.0865	0.1465	0.0946	
0.04	0.8167	0.3283	0.2052	0.1882	0.4459	0.0633	0.1141	0.2897	0.0647	0.0349	0.0165	0.2724	0.0511	0.0767	0.1665	0.0946	
0.06	0.8308	0.3211	0.1794	0.17	0.4227	0.0748	0.1211	0.2694	0.0825	0.0377	-0.0128	0.2991	0.0511	0.0669	0.1865	0.0946	
0.08	0.8449	0.3138	0.1535	0.1518	0.3995	0.0863	0.1281	0.2491	0.1003	0.0405	-0.0422	0.3258	0.0511	0.0571	0.2064	0.0946	
0.1	0.8599	0.3063	0.1277	0.1307	0.3735	0.0969	0.1342	0.2268	0.118	0.0435	-0.0725	0.3509	0.0511	0.0479	0.2269	0.0946	
0.12	0.8761	0.2976	0.1066	0.1087	0.3419	0.1082	0.1405	0.199	0.1318	0.0471	-0.1007	0.3718	0.0511	0.0399	0.2415	0.0946	
0.14	0.8933	0.288	0.0896	0.0856	0.3054	0.1196	0.1468	0.1658	0.1422	0.0511	-0.1273	0.3888	0.0511	0.0329	0.2513	0.0946	
0.16	0.9115	0.2776	0.0754	0.0615	0.2652	0.1307	0.1528	0.1279	0.1503	0.0554	-0.1527	0.4025	0.0511	0.0269	0.2582	0.0946	
0.18	0.9308	0.2669	0.0632	0.0364	0.223	0.1411	0.1583	0.0867	0.157	0.0599	-0.1773	0.4137	0.0511	0.0217	0.264	0.0946	
0.2	0.9512	0.256	0.0524	0.0109	0.1805	0.1504	0.1633	0.0434	0.1632	0.0644	-0.2011	0.4228	0.0511	0.0172	0.2699	0.0947	
0.22	0.973	0.2451	0.043	-0.0141	0.1392	0.1586	0.1678	-0.0008	0.1693	0.0688	-0.2237	0.4305	0.0513	0.0132	0.2765	0.0947	
0.24	0.9959	0.2343	0.0352	-0.0376	0.1003	0.1659	0.172	-0.0448	0.1753	0.0729	-0.2446	0.437	0.0518	0.0097	0.2838	0.0948	
0.26	1.0199	0.2236	0.0291	-0.0588	0.0647	0.1725	0.1761	-0.0874	0.1814	0.0769	-0.2636	0.4429	0.0525	0.0063	0.2917	0.0951	
0.28	1.0445	0.2131	0.0247	-0.0772	0.0328	0.1786	0.1802	-0.1272	0.1874	0.0805	-0.2803	0.4485	0.0536	0.0032	0.3003	0.0955	
0.3	1.0691	0.2028	0.0217	-0.0924	0.0048	0.1845	0.1844	-0.163	0.1935	0.084	-0.2949	0.454	0.0552	0.0002	0.3096	0.096	
0.32	1.0935	0.193	0.0202	-0.1045	-0.0196	0.1901	0.1886	-0.1939	0.1998	0.0872	-0.3077	0.4597	0.0573	-0.0026	0.3196	0.0967	
0.34	1.1173	0.1838	0.0203	-0.1134	-0.0409	0.1958	0.193	-0.2201	0.2064	0.0903	-0.3188	0.4656	0.0601	-0.0054	0.3302	0.0977	
0.36	1.1398	0.1752	0.0219	-0.1193	-0.0598	0.2015	0.1975	-0.242	0.2134	0.0933	-0.3288	0.4721	0.0635	-0.0081	0.3415	0.0988	
0.38	1.1607	0.1672	0.0249	-0.1215	-0.0773	0.2076	0.2024	-0.2602	0.2206	0.0964	-0.338	0.4796	0.0676	-0.0108	0.3539	0.1003	
0.4	1.1795	0.1597	0.0293	-0.1194	-0.094	0.2144	0.2079	-0.2757	0.2283	0.0995	-0.3468	0.4889	0.0726	-0.0135	0.3685	0.102	
0.42	1.1958	0.1529	0.0346	-0.1118	-0.1107	0.2223	0.2141	-0.289	0.2363	0.1028	-0.3554	0.5002	0.0783	-0.0163	0.3869	0.1041	
0.44	1.2095	0.1468	0.0404	-0.098	-0.1272	0.232	0.2214	-0.3009	0.245	0.1066	-0.364	0.514	0.0846	-0.0192	0.4108	0.1064	
0.46	1.2208	0.1414	0.0461	-0.0781	-0.1435	0.2437	0.2298	-0.3119	0.2547	0.1108	-0.3727	0.5302	0.0912	-0.0223	0.441	0.1089	
0.48	1.2297	0.1367	0.0515	-0.0528	-0.1589	0.2577	0.2395	-0.3223	0.2658	0.1158	-0.3815	0.5486	0.0981	-0.0255	0.4778	0.1116	
0.5	1.2364	0.1328	0.0563	-0.0233	-0.1731	0.274	0.2505	-0.3323	0.2787	0.1217	-0.3905	0.569	0.1055	-0.0289	0.5203	0.1145	
0.52	1.241	0.1294	0.0604	0.0097	-0.1855	0.2928	0.2629	-0.3421	0.2936	0.1287	-0.3995	0.5914	0.1141	-0.0325	0.5676	0.118	
0.54	1.2436	0.1263	0.0635	0.046	-0.196	0.3142	0.2766	-0.3513	0.3106	0.137	-0.4087	0.6157	0.1252	-0.0362	0.6187	0.1227	
0.56	1.2442	0.1235	0.0657	0.0863	-0.2044	0.3385	0.2917	-0.3599	0.3296	0.1468	-0.418	0.6419	0.1397	-0.0401	0.6729	0.1295	
0.58	1.2428	0.1207	0.067	0.1317	-0.2106	0.3657	0.3086	-0.3678	0.3502	0.1583	-0.4274	0.6696	0.1587	-0.0441	0.7293	0.1398	
0.6	1.2397	0.1181	0.0674	0.1826	-0.2146	0.3957	0.3272	-0.3748	0.3724	0.1717	-0.437	0.6981	0.1826	-0.0483	0.7863	0.155	
0.62	1.235	0.1155	0.0675	0.2387	-0.2168	0.4275	0.3478	-0.3809	0.3956	0.1869	-0.4469	0.7267	0.2117	-0.0525	0.8422	0.1771	
0.64	1.2291	0.1131	0.0673	0.2993	-0.2176	0.4602	0.3701	-0.386	0.4196	0.2037	-0.4568	0.7546	0.2466	-0.0569	0.8954	0.2075	
0.66	1.2223	0.1106	0.0672	0.3636	-0.2176	0.493	0.3936	-0.3899	0.4437	0.2217	-0.4668	0.7811	0.2875	-0.0613	0.945	0.2471	
0.68	1.2148	0.1083	0.0672	0.4308	-0.2173	0.5256	0.4178	-0.3924	0.4674	0.2404	-0.4767	0.8057	0.3342	-0.0659	0.9913	0.2959	
0.7	1.2071	0.1059	0.0672	0.4997	-0.2171	0.5579	0.4424	-0.3933	0.4901	0.2594	-0.4862	0.8281	0.3853	-0.0704	1.0347	0.3522	
0.72	1.1993	0.1036	0.0672	0.5684	-0.2171	0.5901	0.4673	-0.3923	0.5117	0.2782	-0.4951	0.8483	0.4383	-0.0749	1.0756	0.4132	
0.74	1.1916	0.1014	0.0673	0.6342	-0.2171	0.6219	0.4928	-0.3896	0.5321	0.2965	-0.503	0.8662	0.4908	-0.079	1.1142	0.4759	
0.76	1.1839	0.0994	0.0673	0.6939	-0.2172	0.6528	0.519	-0.3853	0.5513	0.3141	-0.5096	0.8823	0.5412	-0.0828	1.1502	0.5373	
0.78	1.176	0.0975	0.0673	0.745	-0.2173	0.6822	0.546	-0.3798	0.5694	0.331	-0.5148	0.897	0.5892	-0.086	1.1836	0.5956	
0.8	1.1677	0.0958	0.0672	0.7861	-0.2173	0.7096	0.5732	-0.3737	0.5863	0.3472	-0.5181	0.9107	0.6353	-0.0887	1.2148	0.6495	
0.82	1.1589	0.0945	0.0672	0.8174	-0.2172	0.7352	0.6001	-0.3675	0.6018	0.3632	-0.5196	0.924	0.6796	-0.0908	1.244	0.6982	
0.84	1.1498	0.0934	0.0672	0.8399	-0.2172	0.7594	0.6262	-0.3616	0.6156	0.3797	-0.5192	0.937	0.7212	-0.0923	1.2716	0.741	
0.86	1.1407	0.0925	0.0672	0.8554	-0.2172	0.7822	0.6511	-0.3563	0.6275	0.3979	-0.5167	0.9496	0.7589	-0.0933	1.2974	0.7776	
0.88	1.1321	0.0919	0.0673	0.8657	-0.2172	0.8035	0.6741	-0.3518	0.6374	0.4185	-0.5123	0.9619	0.7915	-0.0938	1.3209	0.8083	
0.9	1.1243	0.0916	0.0673	0.8721	-0.2172	0.8227	0.6947	-0.3484	0.6455	0.4425	-0.506	0.9732	0.8189	-0.094	1.3414	0.8341	
0.92	1.1175	0.0913	0.0673	0.8758	-0.2172	0.8396	0.7121	-0.3459	0.6518	0.4702	-0.4979	0.983	0.8415	-0.094	1.3586	0.8565	
0.94	1.1105	0.0913	0.0673	0.8768	-0.2172	0.8545	0.7278	-0.3449	0.6568	0.4995	-0.4888	0.9916	0.8656	-0.094	1.376	0.881	
0.96	1.1035	0.0913	0.0672	0.8777	-0.2172	0.8694	0.7435	-0.3439	0.6619	0.5288	-0.4797	1.0002	0.8897	-0.0939	1.3934	0.9054	
0.98	1.0965	0.0913	0.0672	0.8787	-0.2172	0.8843	0.7591	-0.3429	0.6669	0.5581	-0.4707	1.0088	0.9138	-0.0938	1.4108	0.9299	
1	1.0895	0.0912	0.0672	0.8797	-0.2172	0.8992	0.7748	-0.3419	0.6719	0.5873	-0.4616	1.0174	0.9379	-0.0938	1.4282	0.9544	
