0	0.4279	0.5055	0.1413	-0.296	0.1715	0.0338	0.0232	0.1813	0.0348	0.0074	0.1734	0.0464	0.0489	0.3788	-0.085	0.1553	
0.02	0.4258	0.5055	0.1413	-0.296	0.1715	0.0338	0.0232	0.1813	0.0348	0.0074	0.1734	0.0464	0.0489	0.3788	-0.085	0.1553	
0.04	0.4236	0.5055	0.1413	-0.296	0.1715	0.0338	0.0232	0.1813	0.0348	0.0074	0.1734	0.0464	0.0489	0.3788	-0.085	0.1553	
0.06	0.4215	0.5055	0.1413	-0.296	0.1715	0.0338	0.0232	0.1813	0.0349	0.0074	0.1734	0.0465	0.0488	0.3788	-0.085	0.1553	
0.08	0.4194	0.5055	0.1413	-0.296	0.1715	0.0338	0.0232	0.1813	0.0349	0.0074	0.1734	0.0465	0.0488	0.3788	-0.085	0.1553	
0.1	0.4173	0.5055	0.1413	-0.296	0.1715	0.0338	0.0232	0.1813	0.0349	0.0074	0.1734	0.0465	0.0489	0.3788	-0.085	0.1553	
0.12	0.4153	0.5055	0.1413	-0.296	0.1715	0.0338	0.0232	0.1813	0.0348	0.0074	0.1734	0.0464	0.0489	0.3788	-0.085	0.1553	
0.14	0.4134	0.5055	0.1413	-0.296	0.1715	0.0338	0.0232	0.1813	0.0348	0.0074	0.1734	0.0464	0.0489	0.3788	-0.085	0.1553	
0.16	0.4116	0.5055	0.1413	-0.296	0.1715	0.0338	0.0232	0.1813	0.0348	0.0074	0.1734	0.0464	0.0489	0.3788	-0.085	0.1553	
0.18	0.4098	0.5055	0.1413	-0.296	0.1715	0.0338	0.0232	0.1813	0.0348	0.0074	0.1734	0.0464	0.0488	0.3788	-0.085	0.1553	
0.2	0.4081	0.5055	0.1413	-0.296	0.1715	0.0338	0.0232	0.1813	0.0349	0.0074	0.1734	0.0465	0.0488	0.3788	-0.085	0.1553	
0.22	0.4065	0.5055	0.1413	-0.296	0.1715	0.0338	0.0232	0.1813	0.0349	0.0074	0.1734	0.0465	0.0488	0.3788	-0.085	0.1553	
0.24	0.405	0.5055	0.1413	-0.296	0.1715	0.0338	0.0232	0.1813	0.0349	0.0074	0.1734	0.0465	0.0488	0.3788	-0.085	0.1553	
0.26	0.4035	0.5055	0.1413	-0.296	0.1715	0.0338	0.0232	0.1813	0.0349	0.0074	0.1734	0.0465	0.0489	0.3788	-0.085	0.1553	
0.28	0.4022	0.5055	0.1413	-0.296	0.1715	0.0338	0.0232	0.1813	0.0348	0.0074	0.1734	0.0464	0.0489	0.3788	-0.085	0.1553	
0.3	0.4009	0.5055	0.1413	-0.296	0.1715	0.0338	0.0232	0.1813	0.0348	0.0074	0.1734	0.0464	0.0489	0.3788	-0.085	0.1553	
0.32	0.3998	0.5055	0.1413	-0.296	0.1715	0.0338	0.0232	0.1813	0.0348	0.0074	0.1734	0.0464	0.0488	0.3788	-0.085	0.1553	
0.34	0.3987	0.5055	0.1413	-0.296	0.1715	0.0338	0.0232	0.1813	0.0349	0.0074	0.1734	0.0465	0.0488	0.3788	-0.085	0.1553	
0.36	0.3978	0.5055	0.1413	-0.296	0.1715	0.0338	0.0232	0.1813	0.0349	0.0074	0.1734	0.0465	0.0488	0.3788	-0.085	0.1553	
0.38	0.3969	0.5055	0.1413	-0.296	0.1715	0.0338	0.0232	0.1813	0.0349	0.0074	0.1734	0.0465	0.0488	0.3788	-0.085	0.1553	
0.4	0.3962	0.5055	0.1413	-0.296	0.1715	0.0338	0.0232	0.1813	0.0349	0.0074	0.1734	0.0465	0.0489	0.3788	-0.085	0.1553	
0.42	0.3956	0.5055	0.1413	-0.296	0.1715	0.0338	0.0232	0.1813	0.0348	0.0074	0.1734	0.0464	0.0489	0.3788	-0.085	0.1553	
0.44	0.395	0.5055	0.1413	-0.296	0.1715	0.0338	0.0232	0.1813	0.0348	0.0074	0.1734	0.0464	0.0489	0.3788	-0.085	0.1553	
0.46	0.3946	0.5055	0.1413	-0.296	0.1715	0.0338	0.0232	0.1814	0.0348	0.0074	0.1734	0.0464	0.0489	0.3788	-0.085	0.1553	
0.48	0.3943	0.5055	0.1413	-0.296	0.1715	0.0338	0.0232	0.1815	0.0348	0.0074	0.1734	0.0464	0.0488	0.3788	-0.085	0.1553	
0.5	0.3941	0.5055	0.1413	-0.296	0.1715	0.0338	0.0232	0.1817	0.0349	0.0074	0.1734	0.0465	0.0488	0.3788	-0.085	0.1553	
0.52	0.394	0.5055	0.1413	-0.296	0.1715	0.0338	0.0232	0.182	0.0349	0.0074	0.1734	0.0465	0.0488	0.3788	-0.085	0.1553	
0.54	0.394	0.5055	0.1413	-0.296	0.1715	0.0338	0.0232	0.1823	0.0349	0.0074	0.1734	0.0465	0.0488	0.3788	-0.085	0.1553	
0.56	0.3941	0.5055	0.1413	-0.296	0.1715	0.0338	0.0232	0.1828	0.0348	0.0074	0.1734	0.0465	0.0489	0.3788	-0.085	0.1553	
0.58	0.3943	0.5055	0.1413	-0.296	0.1715	0.0338	0.0232	0.1834	0.0348	0.0074	0.1734	0.0464	0.0489	0.3788	-0.085	0.1553	
0.6	0.3946	0.5055	0.1413	-0.296	0.1715	0.0338	0.0232	0.1841	0.0348	0.0074	0.1734	0.0464	0.0489	0.3788	-0.085	0.1553	
0.62	0.395	0.5055	0.1413	-0.296	0.1715	0.0338	0.0232	0.1849	0.0349	0.0074	0.1734	0.0465	0.0488	0.3788	-0.085	0.1553	
0.64	0.3954	0.5055	0.1413	-0.2959	0.1715	0.0338	0.0232	0.1859	0.0349	0.0074	0.1734	0.0465	0.0488	0.3788	-0.085	0.1553	
0.66	0.3959	0.5054	0.1413	-0.2959	0.1716	0.0338	0.0232	0.1869	0.0349	0.0074	0.1734	0.0465	0.0488	0.3788	-0.085	0.1553	
0.68	0.3965	0.5054	0.1413	-0.2958	0.1716	0.0339	0.0232	0.1881	0.035	0.0074	0.1734	0.0465	0.0488	0.3788	-0.085	0.1552	
0.7	0.3972	0.5053	0.1413	-0.2957	0.1717	0.0339	0.0232	0.1893	0.0351	0.0074	0.1734	0.0466	0.0489	0.3786	-0.0849	0.1551	
0.72	0.3979	0.5052	0.1413	-0.2956	0.1718	0.034	0.0232	0.1907	0.0353	0.0074	0.1734	0.0467	0.0489	0.3784	-0.0848	0.155	
0.74	0.3987	0.5051	0.1413	-0.2954	0.172	0.0341	0.0232	0.1922	0.0356	0.0074	0.1732	0.0469	0.0489	0.378	-0.0846	0.1549	
0.76	0.3995	0.505	0.1412	-0.2951	0.1722	0.0343	0.0232	0.1937	0.036	0.0074	0.1731	0.0471	0.0489	0.3774	-0.0843	0.1547	
0.78	0.4004	0.5048	0.1412	-0.2948	0.1726	0.0345	0.0232	0.1954	0.0364	0.0074	0.1728	0.0474	0.0488	0.3767	-0.0839	0.1545	
0.8	0.4014	0.5046	0.1411	-0.2944	0.173	0.0348	0.0232	0.1972	0.0369	0.0074	0.1723	0.0478	0.0488	0.3757	-0.0834	0.1542	
0.82	0.4024	0.5044	0.141	-0.294	0.1736	0.0351	0.0232	0.199	0.0376	0.0074	0.1718	0.0482	0.0489	0.3746	-0.0828	0.1539	
0.84	0.4035	0.5042	0.1409	-0.2935	0.1742	0.0355	0.0232	0.2009	0.0383	0.0074	0.1711	0.0487	0.0489	0.3732	-0.0821	0.1536	
0.86	0.4046	0.5039	0.1406	-0.2928	0.175	0.0359	0.0233	0.2029	0.0391	0.0074	0.1702	0.0493	0.0489	0.3716	-0.0812	0.1532	
0.88	0.4058	0.5035	0.1404	-0.2921	0.1759	0.0365	0.0233	0.205	0.04	0.0074	0.1691	0.0499	0.0489	0.3698	-0.0802	0.1527	
0.9	0.407	0.5032	0.14	-0.2913	0.1769	0.037	0.0233	0.2071	0.041	0.0075	0.1679	0.0507	0.0489	0.3678	-0.079	0.1522	
0.92	0.4083	0.5028	0.1396	-0.2904	0.178	0.0377	0.0233	0.2093	0.0422	0.0075	0.1665	0.0515	0.049	0.3657	-0.0778	0.1517	
0.94	0.4096	0.5023	0.1391	-0.2894	0.1793	0.0384	0.0234	0.2116	0.0434	0.0076	0.1649	0.0524	0.049	0.3634	-0.0763	0.1511	
0.96	0.411	0.5018	0.1385	-0.2883	0.1807	0.0391	0.0235	0.2139	0.0447	0.0077	0.1633	0.0535	0.0491	0.361	-0.0748	0.1505	
0.98	0.4124	0.5013	0.1378	-0.287	0.1822	0.0399	0.0236	0.2163	0.046	0.0078	0.1615	0.0546	0.0493	0.3585	-0.0731	0.1498	
1	0.4139	0.5007	0.1371	-0.2857	0.1839	0.0408	0.0237	0.2187	0.0475	0.008	0.1596	0.0558	0.0494	0.3559	-0.0713	0.1491	
1.02	0.4153	0.5001	0.1363	-0.2842	0.1857	0.0418	0.0238	0.2212	0.0491	0.0082	0.1576	0.0571	0.0496	0.3532	-0.0694	0.1483	
1.04	0.4169	0.4994	0.1354	-0.2826	0.1877	0.0428	0.024	0.2238	0.0508	0.0084	0.1555	0.0586	0.0499	0.3504	-0.0673	0.1476	
1.06	0.4184	0.4987	0.1345	-0.2809	0.1898	0.0438	0.0242	0.2264	0.0525	0.0087	0.1534	0.0601	0.0501	0.3476	-0.0651	0.1467	
1.08	0.42	0.498	0.1334	-0.279	0.1921	0.045	0.0245	0.229	0.0544	0.0091	0.1511	0.0618	0.0505	0.3447	-0.0628	0.1459	
1.1	0.4216	0.4972	0.1323	-0.2771	0.1946	0.0462	0.0247	0.2317	0.0563	0.0094	0.1489	0.0636	0.0509	0.3419	-0.0604	0.145	
1.12	0.4232	0.4963	0.1312	-0.2749	0.1972	0.0474	0.025	0.2344	0.0584	0.0099	0.1465	0.0655	0.0513	0.339	-0.0578	0.1441	
1.14	0.4249	0.4953	0.1299	-0.2726	0.2	0.0487	0.0254	0.2371	0.0605	0.0103	0.1442	0.0675	0.0518	0.3362	-0.0552	0.1431	
1.16	0.4267	0.4943	0.1286	-0.27	0.203	0.0501	0.0258	0.2399	0.0627	0.0108	0.1418	0.0697	0.0524	0.3334	-0.0524	0.1421	
1.18	0.4285	0.4932	0.1273	-0.2673	0.2061	0.0516	0.0262	0.2427	0.065	0.0114	0.1394	0.072	0.053	0.3306	-0.0494	0.1411	
1.2	0.4305	0.4921	0.1258	-0.2644	0.2094	0.0531	0.0267	0.2456	0.0674	0.0121	0.137	0.0744	0.0537	0.3279	-0.0464	0.14	
1.22	0.4326	0.491	0.1243	-0.2616	0.213	0.0547	0.0272	0.2487	0.0699	0.0128	0.1346	0.0771	0.0545	0.3253	-0.0432	0.1389	
1.24	0.435	0.4899	0.1228	-0.2588	0.2168	0.0563	0.0278	0.2519	0.0725	0.0135	0.1323	0.0799	0.0553	0.3227	-0.04	0.1378	
1.26	0.4375	0.4886	0.1212	-0.2558	0.2208	0.058	0.0285	0.2553	0.0752	0.0143	0.13	0.0827	0.0563	0.3203	-0.0366	0.1366	
1.28	0.4402	0.4867	0.1195	-0.2521	0.2249	0.0598	0.0292	0.2589	0.078	0.0152	0.1277	0.0856	0.0573	0.3181	-0.033	0.1354	
1.3	0.4432	0.4838	0.1177	-0.2471	0.229	0.0616	0.0299	0.2629	0.0808	0.0162	0.1255	0.0885	0.0584	0.316	-0.0294	0.1342	
1.32	0.4466	0.4795	0.1159	-0.2402	0.2332	0.0635	0.0307	0.2671	0.0837	0.0172	0.1233	0.0917	0.0596	0.3141	-0.0256	0.133	
1.34	0.4507	0.4738	0.114	-0.2314	0.2378	0.0655	0.0316	0.2718	0.0867	0.0183	0.1212	0.0956	0.0609	0.3122	-0.0218	0.1317	
1.36	0.4556	0.4666	0.1121	-0.2209	0.2435	0.0675	0.0326	0.2769	0.0898	0.0195	0.1192	0.1007	0.0623	0.3104	-0.0178	0.1304	
1.38	0.4614	0.4582	0.1101	-0.2092	0.2508	0.0696	0.0336	0.2828	0.0932	0.0208	0.1173	0.1077	0.0637	0.3089	-0.0138	0.1291	
1.4	0.4679	0.4489	0.108	-0.1968	0.2601	0.0717	0.0347	0.2897	0.097	0.0221	0.1155	0.1168	0.0653	0.308	-0.0096	0.1277	
1.42	0.4753	0.439	0.1059	-0.1841	0.2714	0.074	0.0359	0.298	0.1015	0.0235	0.1139	0.1282	0.067	0.3081	-0.0052	0.1263	
1.44	0.4835	0.4288	0.1037	-0.1714	0.2846	0.0763	0.0371	0.3078	0.1067	0.025	0.1124	0.1418	0.0689	0.3101	-0.0006	0.1249	
1.46	0.4928	0.4187	0.1015	-0.1594	0.2992	0.0787	0.0384	0.3195	0.1129	0.0266	0.111	0.1573	0.0708	0.3145	0.004	0.1236	
1.48	0.5035	0.4092	0.0992	-0.1486	0.3149	0.0811	0.0397	0.3328	0.12	0.0283	0.1097	0.1745	0.0729	0.322	0.0085	0.1222	
1.5	0.516	0.4005	0.0969	-0.1396	0.3315	0.0835	0.0411	0.3476	0.1279	0.0301	0.1085	0.1928	0.075	0.3335	0.0129	0.1207	
1.52	0.5301	0.3929	0.0945	-0.1323	0.3483	0.0858	0.0427	0.3636	0.1365	0.032	0.1078	0.2119	0.0772	0.3496	0.0175	0.1191	
1.54	0.5458	0.3862	0.0921	-0.1266	0.3649	0.0885	0.0445	0.3804	0.1457	0.0339	0.1078	0.2311	0.0796	0.3706	0.0225	0.1172	
1.56	0.5626	0.3803	0.0896	-0.1218	0.3803	0.0916	0.0465	0.3975	0.1555	0.036	0.109	0.2502	0.0822	0.3968	0.0281	0.1152	
1.58	0.5801	0.3749	0.0868	-0.1175	0.3942	0.0955	0.0485	0.415	0.1656	0.0381	0.1123	0.2688	0.085	0.4282	0.0345	0.1131	
1.6	0.5981	0.3697	0.0837	-0.1131	0.4068	0.0999	0.0502	0.4332	0.1756	0.0404	0.1185	0.2866	0.088	0.4648	0.0411	0.111	
1.62	0.6164	0.3647	0.0801	-0.1085	0.4189	0.1045	0.0515	0.4528	0.1846	0.0428	0.1283	0.3039	0.0911	0.5067	0.0474	0.1087	
1.64	0.6348	0.3597	0.0758	-0.1037	0.4319	0.1092	0.0529	0.4748	0.1921	0.0454	0.1424	0.3211	0.0942	0.5538	0.0531	0.1058	
1.66	0.653	0.3547	0.0708	-0.0986	0.4467	0.1145	0.0551	0.4997	0.1981	0.0481	0.161	0.3402	0.0969	0.6057	0.0601	0.102	
1.68	0.6703	0.3497	0.0652	-0.0935	0.4641	0.1227	0.0597	0.5278	0.2043	0.0507	0.1837	0.3644	0.0998	0.6613	0.0722	0.0972	
1.7	0.6863	0.3445	0.0589	-0.0886	0.484	0.1374	0.068	0.5589	0.2144	0.0534	0.2098	0.3982	0.1034	0.7191	0.0955	0.093	
1.72	0.7005	0.3391	0.0523	-0.0838	0.5059	0.1633	0.081	0.5923	0.2333	0.0565	0.2383	0.446	0.1092	0.7779	0.1364	0.0919	
1.74	0.7127	0.3333	0.0456	-0.0786	0.5296	0.205	0.0994	0.6271	0.2661	0.061	0.268	0.5114	0.1189	0.8365	0.1984	0.0982	
1.76	0.723	0.3271	0.0392	-0.072	0.5549	0.2651	0.1241	0.6622	0.3164	0.0682	0.2979	0.5948	0.1342	0.8947	0.281	0.1162	
1.78	0.7315	0.3206	0.0336	-0.0624	0.5819	0.3438	0.1564	0.6965	0.3858	0.0799	0.3273	0.6943	0.1563	0.9524	0.3796	0.15	
1.8	0.7384	0.3139	0.0293	-0.0484	0.6104	0.4394	0.198	0.7292	0.4741	0.098	0.3557	0.8058	0.1863	1.0099	0.4871	0.2022	
1.82	0.7436	0.307	0.0266	-0.0285	0.64	0.5485	0.2501	0.7597	0.5791	0.1236	0.3831	0.9244	0.2239	1.0672	0.597	0.273	
1.84	0.7472	0.3002	0.0257	-0.0025	0.6698	0.6672	0.3121	0.7881	0.697	0.1569	0.4101	1.045	0.2684	1.1243	0.7036	0.3597	
1.86	0.7493	0.2936	0.0268	0.0296	0.6992	0.7901	0.3816	0.8151	0.8222	0.1968	0.4374	1.1624	0.3177	1.1807	0.802	0.4573	
1.88	0.7502	0.2873	0.0298	0.0672	0.7281	0.9114	0.4547	0.8421	0.9478	0.2414	0.4662	1.2708	0.369	1.2363	0.8872	0.5591	
1.9	0.7502	0.2814	0.0345	0.1101	0.757	1.0246	0.5273	0.8704	1.0663	0.2883	0.4972	1.3648	0.4197	1.2906	0.954	0.6584	
1.92	0.75	0.276	0.0407	0.1578	0.7865	1.1236	0.5962	0.9007	1.1713	0.3351	0.5308	1.4407	0.4673	1.343	0.9991	0.7492	
1.94	0.7498	0.2711	0.0481	0.2095	0.8174	1.2047	0.6589	0.9331	1.2583	0.3797	0.5668	1.4972	0.51	1.3929	1.023	0.827	
1.96	0.7497	0.2665	0.056	0.2632	0.8498	1.2667	0.7138	0.967	1.3254	0.4204	0.6045	1.5361	0.5466	1.4393	1.0306	0.8885	
1.98	0.7497	0.2623	0.0639	0.3163	0.8836	1.3113	0.7592	1.0018	1.3731	0.4558	0.643	1.5611	0.5765	1.4811	1.0289	0.9322	
2	0.7498	0.2583	0.071	0.366	0.9184	1.3418	0.7939	1.0365	1.4037	0.4849	0.6811	1.5762	0.5997	1.5175	1.0246	0.9585	
2.02	0.7499	0.2542	0.0767	0.4102	0.9534	1.3617	0.8176	1.0704	1.4204	0.5077	0.7172	1.5847	0.617	1.5483	1.0218	0.9705	
2.04	0.7499	0.25	0.0804	0.448	0.9879	1.3742	0.8315	1.1021	1.4272	0.525	0.7501	1.5887	0.6296	1.5744	1.0214	0.9728	
2.06	0.7499	0.2458	0.0819	0.4795	1.0208	1.3816	0.838	1.1301	1.428	0.5381	0.7785	1.5894	0.6391	1.5972	1.0226	0.9707	
2.08	0.7498	0.2415	0.0813	0.5051	1.0508	1.3855	0.8398	1.1535	1.4257	0.5485	0.8018	1.5875	0.6467	1.6181	1.0239	0.9681	
2.1	0.7498	0.2372	0.0787	0.5249	1.0769	1.387	0.8396	1.1719	1.4222	0.5572	0.8198	1.5836	0.653	1.6384	1.0246	0.9669	
2.12	0.7498	0.2326	0.0739	0.5386	1.1031	1.3867	0.8394	1.1883	1.4162	0.5671	0.8347	1.5776	0.6588	1.6582	1.0241	0.9678	
2.14	0.7498	0.2281	0.0692	0.5523	1.1294	1.3865	0.8391	1.2047	1.4101	0.5771	0.8497	1.5715	0.6647	1.6779	1.0236	0.9687	
2.16	0.7499	0.2235	0.0644	0.566	1.1557	1.3863	0.8389	1.2211	1.404	0.587	0.8647	1.5655	0.6705	1.6976	1.0232	0.9697	
2.18	0.7499	0.219	0.0597	0.5797	1.182	1.386	0.8387	1.2375	1.398	0.597	0.8796	1.5595	0.6764	1.7173	1.0227	0.9706	
