0	0.3974	0.4538	0.4849	0.4669	0.1834	-0.0711	-0.0136	0.2221	-0.2525	-0.133	0.0642	-0.0674	-0.0984	0.0713	0.0082	-0.0419	
0.02	0.4495	0.4156	0.4699	0.4646	0.1741	-0.0427	-0.0026	0.1982	-0.2096	-0.1214	0.0393	-0.0295	-0.0984	0.0668	0.0201	-0.0532	
0.04	0.5015	0.3774	0.455	0.4622	0.1647	-0.0142	0.0084	0.1743	-0.1667	-0.1098	0.0144	0.0083	-0.0984	0.0623	0.0321	-0.0645	
0.06	0.5536	0.3392	0.44	0.4598	0.1554	0.0142	0.0194	0.1504	-0.1238	-0.0982	-0.0105	0.0462	-0.0984	0.0578	0.0441	-0.0757	
0.08	0.6056	0.301	0.4251	0.4574	0.146	0.0427	0.0305	0.1265	-0.0808	-0.0866	-0.0354	0.084	-0.0984	0.0533	0.0561	-0.087	
0.1	0.6532	0.2675	0.4094	0.4537	0.1313	0.0667	0.0394	0.096	-0.0476	-0.0764	-0.0586	0.1133	-0.0984	0.0486	0.0697	-0.0982	
0.12	0.692	0.2375	0.391	0.4476	0.1118	0.0896	0.0486	0.0587	-0.016	-0.0675	-0.0793	0.141	-0.0984	0.0431	0.0864	-0.1063	
0.14	0.7227	0.2112	0.3696	0.438	0.0881	0.1106	0.0576	0.0166	0.0124	-0.06	-0.0975	0.1661	-0.0984	0.0371	0.106	-0.1118	
0.16	0.7466	0.189	0.3455	0.4241	0.0614	0.1285	0.0658	-0.0281	0.0361	-0.0539	-0.1135	0.1869	-0.0984	0.0306	0.128	-0.1155	
0.18	0.7657	0.1709	0.3192	0.4057	0.0328	0.1425	0.0728	-0.0732	0.0535	-0.049	-0.1273	0.2022	-0.0984	0.0242	0.1517	-0.118	
0.2	0.7818	0.1565	0.2914	0.3836	0.0038	0.1524	0.0786	-0.1165	0.0651	-0.045	-0.1391	0.2124	-0.0983	0.0181	0.1763	-0.1199	
0.22	0.7965	0.1446	0.2626	0.3589	-0.024	0.1588	0.0833	-0.1562	0.0723	-0.0415	-0.1493	0.2188	-0.098	0.0126	0.2011	-0.1214	
0.24	0.8109	0.1345	0.2335	0.333	-0.049	0.1623	0.0874	-0.1903	0.0774	-0.038	-0.1579	0.2235	-0.0973	0.0079	0.2254	-0.1226	
0.26	0.8253	0.1253	0.2047	0.3068	-0.0699	0.1636	0.0913	-0.2173	0.0826	-0.0345	-0.1652	0.228	-0.0961	0.0042	0.249	-0.1232	
0.28	0.84	0.1169	0.177	0.2812	-0.0858	0.1629	0.0953	-0.2364	0.0889	-0.0309	-0.171	0.2333	-0.0941	0.0018	0.2717	-0.1233	
0.3	0.8547	0.1093	0.1513	0.2567	-0.0968	0.1603	0.0995	-0.2482	0.0967	-0.0272	-0.1752	0.2393	-0.0909	0.0007	0.2939	-0.1227	
0.32	0.8691	0.1024	0.1286	0.2341	-0.1032	0.156	0.1037	-0.2546	0.1056	-0.0236	-0.1777	0.246	-0.0863	0.0009	0.3158	-0.1216	
0.34	0.883	0.0964	0.1095	0.2141	-0.1058	0.1506	0.1079	-0.2574	0.1155	-0.0199	-0.1782	0.2529	-0.0803	0.0025	0.3376	-0.1199	
0.36	0.8961	0.0908	0.0943	0.1975	-0.1043	0.1453	0.112	-0.2578	0.1262	-0.0163	-0.1765	0.2599	-0.0729	0.0053	0.3595	-0.1178	
0.38	0.9085	0.0857	0.0829	0.1847	-0.098	0.1412	0.1157	-0.2557	0.138	-0.0128	-0.1725	0.2672	-0.0641	0.0095	0.3817	-0.1152	
0.4	0.92	0.0808	0.0747	0.1762	-0.0856	0.1395	0.1195	-0.2494	0.1512	-0.0093	-0.1662	0.2748	-0.0537	0.0148	0.4042	-0.1124	
0.42	0.9311	0.0761	0.0693	0.1724	-0.0663	0.1407	0.1238	-0.2373	0.1662	-0.0055	-0.158	0.2833	-0.0409	0.0215	0.4268	-0.1094	
0.44	0.942	0.0717	0.066	0.1738	-0.0401	0.1449	0.1296	-0.2181	0.1831	-0.0009	-0.1485	0.2928	-0.0246	0.0297	0.4495	-0.1062	
0.46	0.9531	0.0677	0.0643	0.1809	-0.008	0.1514	0.1381	-0.1926	0.2019	0.0051	-0.1384	0.3038	-0.0035	0.0395	0.472	-0.103	
0.48	0.9645	0.0642	0.0637	0.1938	0.0284	0.1594	0.1501	-0.1626	0.2217	0.0129	-0.1284	0.3161	0.0228	0.0508	0.494	-0.0999	
0.5	0.9762	0.0612	0.0637	0.2125	0.0677	0.1684	0.1661	-0.1307	0.2417	0.0226	-0.1191	0.3294	0.0542	0.0633	0.5153	-0.097	
0.52	0.9883	0.0588	0.0639	0.236	0.1083	0.1776	0.1857	-0.0987	0.2608	0.0341	-0.1109	0.3433	0.0893	0.0762	0.5355	-0.0945	
0.54	1.0007	0.057	0.0641	0.2634	0.149	0.1862	0.2085	-0.0681	0.2783	0.0473	-0.104	0.3571	0.1268	0.0888	0.5545	-0.0927	
0.56	1.0133	0.0558	0.0641	0.2933	0.1882	0.1937	0.2338	-0.04	0.2937	0.0618	-0.0988	0.3702	0.1652	0.1005	0.5723	-0.0918	
0.58	1.026	0.0551	0.064	0.3244	0.2241	0.1993	0.261	-0.0158	0.3066	0.0777	-0.0953	0.382	0.2034	0.1109	0.5889	-0.0921	
0.6	1.0387	0.0549	0.064	0.3557	0.2555	0.2027	0.2893	0.0029	0.3167	0.0946	-0.0933	0.3922	0.2406	0.1198	0.6045	-0.0937	
0.62	1.051	0.0549	0.064	0.3865	0.2818	0.2041	0.3177	0.015	0.3237	0.112	-0.0926	0.4004	0.2759	0.1269	0.6193	-0.0964	
0.64	1.0626	0.055	0.064	0.4163	0.3033	0.2043	0.3449	0.0208	0.3279	0.1291	-0.0925	0.4065	0.3083	0.132	0.6335	-0.1	
0.66	1.0731	0.055	0.064	0.4451	0.3207	0.2038	0.37	0.022	0.3297	0.1448	-0.0928	0.4104	0.3372	0.1351	0.6474	-0.104	
0.68	1.0823	0.055	0.064	0.4732	0.3351	0.2034	0.3924	0.0209	0.3299	0.1585	-0.093	0.4125	0.3627	0.1366	0.6609	-0.1079	
0.7	1.0902	0.055	0.064	0.5008	0.347	0.2033	0.4123	0.0194	0.3295	0.17	-0.093	0.4132	0.3852	0.1369	0.6744	-0.111	
0.72	1.0967	0.055	0.064	0.528	0.3567	0.2034	0.4302	0.0187	0.3291	0.1794	-0.093	0.4131	0.4054	0.1366	0.6881	-0.1127	
0.74	1.1018	0.055	0.064	0.5544	0.3642	0.2035	0.4467	0.0188	0.3289	0.1869	-0.0929	0.4129	0.4235	0.1363	0.7023	-0.1127	
0.76	1.1055	0.055	0.064	0.5794	0.3694	0.2036	0.4623	0.0193	0.329	0.1926	-0.0929	0.4127	0.4399	0.1361	0.7172	-0.1108	
0.78	1.108	0.055	0.064	0.6019	0.3727	0.2036	0.4769	0.0197	0.3291	0.1966	-0.0928	0.4126	0.4543	0.1361	0.7328	-0.1068	
0.8	1.1093	0.055	0.064	0.621	0.3742	0.2036	0.4905	0.0198	0.3293	0.1989	-0.0929	0.4127	0.4665	0.1362	0.7488	-0.1012	
0.82	1.1097	0.055	0.064	0.6363	0.3747	0.2036	0.5028	0.0197	0.3293	0.1998	-0.0929	0.4128	0.476	0.1363	0.7649	-0.0943	
0.84	1.1097	0.055	0.064	0.6478	0.3746	0.2035	0.5137	0.0196	0.3292	0.1999	-0.0929	0.4128	0.4826	0.1364	0.7808	-0.0868	
0.86	1.1096	0.055	0.064	0.6564	0.3744	0.2035	0.5243	0.0195	0.3292	0.1996	-0.0929	0.4128	0.4854	0.1363	0.7979	-0.0782	
0.88	1.1095	0.055	0.064	0.6651	0.3743	0.2036	0.5349	0.0195	0.3292	0.1994	-0.0929	0.4128	0.4881	0.1363	0.815	-0.0695	
0.9	1.1093	0.055	0.064	0.6738	0.3741	0.2036	0.5456	0.0195	0.3291	0.1991	-0.0929	0.4128	0.4909	0.1362	0.8321	-0.0609	
0.92	1.1092	0.055	0.064	0.6824	0.374	0.2036	0.5562	0.0194	0.3291	0.1988	-0.0929	0.4127	0.4936	0.1362	0.8492	-0.0523	
